20.299999	104.451
20.600000	104.498
20.900000	104.551
21.200001	104.600
21.400000	104.630
21.799999	104.687
22.000000	104.715
22.400000	104.774
22.700001	104.821
23.000000	104.868
23.299999	104.914
23.600000	104.958
24.000000	105.013
24.299999	105.050
24.700001	105.098
25.000000	105.133
25.400000	105.178
25.799999	105.222
26.200001	105.264
26.500000	105.296
26.900000	105.342
27.200001	105.380
27.600000	105.434
28.000000	105.486
28.500000	105.537
29.000000	105.566
29.500000	105.582
30.000000	105.600
30.400000	105.624
30.700001	105.647
31.100000	105.679
31.500000	105.708
32.000000	105.734
32.500000	105.751
33.000000	105.764
33.500000	105.778
34.000000	105.790
34.500000	105.802
35.000000	105.812
35.500000	105.823
36.000000	105.834
36.500000	105.844
37.000000	105.853
37.500000	105.864
38.200001	105.877
38.700001	105.885
39.500000	105.895
40.000000	105.909
40.599998	105.929
41.200001	105.951
41.799999	105.985
42.500000	106.058
43.099998	106.114
43.700001	106.112
44.400002	106.032
45.000000	105.958
45.500000	105.924
46.200001	105.920
46.799999	105.934
47.500000	105.950
48.200001	105.930
48.700001	105.888
49.400002	105.819
50.000000	105.778
50.799999	105.751
51.500000	105.734
52.200001	105.722
53.000000	105.715
53.799999	105.695
54.500000	105.671
55.200001	105.647
56.000000	105.623
57.000000	105.595
58.000000	105.578
59.000000	105.552
60.000000	105.493
60.799999	105.424
61.500000	105.356
62.200001	105.299
63.000000	105.275
64.000000	105.279
65.000000	105.268
66.000000	105.243
67.000000	105.219
68.000000	105.195
69.000000	105.168
70.000000	105.134
71.000000	105.096
72.000000	105.054
73.000000	105.011
74.000000	104.965
75.000000	104.916
76.199997	104.857
77.500000	104.797
78.800003	104.745
80.000000	104.703
81.199997	104.662
82.500000	104.612
83.800003	104.553
85.000000	104.498
86.199997	104.447
87.500000	104.388
88.500000	104.343
90.000000	104.270
91.199997	104.209
92.500000	104.144
93.800003	104.084
95.000000	104.032
96.199997	103.982
97.500000	103.932
98.800003	103.886
100.000000	103.843
101.500000	103.787
103.000000	103.731
104.400002	103.671
106.000000	103.595
107.500000	103.525
109.000000	103.461
110.599998	103.403
112.000000	103.353
113.800003	103.282
115.000000	103.231
117.199997	103.138
118.000000	103.112
120.599998	103.079
122.000000	103.087
124.099998	103.072
125.000000	103.035
126.500000	102.930
128.000000	102.792
131.500000	102.533
132.000000	102.519
134.000000	102.516
136.000000	102.524
138.000000	102.525
140.000000	102.537
143.000000	102.464
145.000000	102.298
147.500000	101.998
150.000000	101.685
152.500000	101.541
155.000000	101.588
157.500000	101.599
160.000000	101.473
162.500000	101.322
165.000000	101.271
167.500000	101.308
170.000000	101.357
172.500000	101.386
175.000000	101.383
177.500000	101.329
180.000000	101.237
182.500000	101.150
185.000000	101.090
187.500000	101.041
190.000000	100.988
192.500000	100.931
195.000000	100.877
197.500000	100.826
200.000000	100.763
203.000000	100.666
206.000000	100.574
209.000000	100.507
212.000000	100.447
214.000000	100.402
218.000000	100.307
220.000000	100.263
224.000000	100.179
227.000000	100.115
230.000000	100.060
233.000000	100.017
236.000000	99.972
240.000000	99.910
243.000000	99.876
247.000000	99.855
250.000000	99.817
254.000000	99.686
258.000000	99.507
262.000000	99.370
265.000000	99.303
269.000000	99.233
272.000000	99.190
276.000000	99.139
280.000000	99.097
285.000000	99.061
290.000000	99.025
295.000000	98.978
300.000000	98.924
304.000000	98.874
307.000000	98.835
311.000000	98.782
315.000000	98.731
320.000000	98.670
325.000000	98.617
330.000000	98.566
335.000000	98.515
340.000000	98.459
345.000000	98.396
350.000000	98.327
355.000000	98.259
360.000000	98.198
365.000000	98.153
370.000000	98.123
375.000000	98.102
382.000000	98.078
387.000000	98.049
395.000000	97.986
400.000000	97.942
406.000000	97.870
412.000000	97.815
418.000000	97.773
425.000000	97.724
431.000000	97.681
437.000000	97.641
444.000000	97.600
450.000000	97.569
455.000000	97.542
462.000000	97.503
468.000000	97.469
475.000000	97.433
482.000000	97.399
487.000000	97.375
494.000000	97.344
500.000000	97.317
508.000000	97.282
515.000000	97.252
522.000000	97.225
530.000000	97.195
538.000000	97.167
545.000000	97.142
552.000000	97.117
560.000000	97.090
570.000000	97.061
580.000000	97.035
590.000000	97.012
600.000000	96.992
608.000000	96.977
615.000000	96.964
622.000000	96.951
630.000000	96.939
640.000000	96.928
650.000000	96.916
660.000000	96.903
670.000000	96.892
680.000000	96.888
690.000000	96.888
700.000000	96.891
710.000000	96.895
720.000000	96.901
730.000000	96.907
740.000000	96.916
750.000000	96.927
762.000000	96.941
775.000000	96.963
788.000000	96.990
800.000000	97.020
812.000000	97.055
825.000000	97.097
838.000000	97.142
850.000000	97.189
862.000000	97.238
875.000000	97.297
885.000000	97.345
900.000000	97.422
912.000000	97.489
925.000000	97.567
938.000000	97.648
950.000000	97.726
962.000000	97.805
975.000000	97.894
988.000000	97.987
1000.000000	98.075
1015.000000	98.188
1030.000000	98.303
1044.000000	98.412
1060.000000	98.539
1075.000000	98.659
1090.000000	98.778
1106.000000	98.904
1120.000000	99.012
1138.000000	99.151
1150.000000	99.244
1172.000000	99.413
1180.000000	99.474
1206.000000	99.670
1220.000000	99.770
1241.000000	99.909
1250.000000	99.964
1265.000000	100.051
1280.000000	100.132
1315.000000	100.311
1320.000000	100.337
1340.000000	100.441
1360.000000	100.548
1380.000000	100.657
1400.000000	100.768
1430.000000	100.934
1450.000000	101.046
1475.000000	101.184
1500.000000	101.322
1525.000000	101.457
1550.000000	101.592
1575.000000	101.728
1600.000000	101.866
1625.000000	102.005
1650.000000	102.147
1675.000000	102.288
1700.000000	102.430
1725.000000	102.573
1750.000000	102.719
1775.000000	102.865
1800.000000	103.014
1825.000000	103.164
1850.000000	103.315
1875.000000	103.467
1900.000000	103.621
1925.000000	103.775
1950.000000	103.931
1975.000000	104.087
2000.000000	104.243
2030.000000	104.433
2060.000000	104.621
2090.000000	104.810
2120.000000	104.998
2140.000000	105.123
2180.000000	105.371
2200.000000	105.494
2240.000000	105.739
2270.000000	105.920
2300.000000	106.098
2330.000000	106.272
2360.000000	106.442
2400.000000	106.660
2430.000000	106.817
2470.000000	107.016
2500.000000	107.158
2540.000000	107.336
2580.000000	107.501
2620.000000	107.649
2650.000000	107.749
2690.000000	107.867
2720.000000	107.943
2760.000000	108.028
2800.000000	108.097
2850.000000	108.158
2900.000000	108.195
2950.000000	108.207
3000.000000	108.197
3040.000000	108.172
3070.000000	108.145
3110.000000	108.100
3150.000000	108.047
3200.000000	107.974
3250.000000	107.893
3300.000000	107.805
3350.000000	107.710
3400.000000	107.614
3450.000000	107.517
3500.000000	107.425
3550.000000	107.339
3600.000000	107.261
3650.000000	107.192
3700.000000	107.130
3750.000000	107.073
3820.000000	107.000
3870.000000	106.953
3950.000000	106.887
4000.000000	106.852
4060.000000	106.812
4120.000000	106.776
4180.000000	106.742
4250.000000	106.702
4310.000000	106.666
4370.000000	106.630
4440.000000	106.590
4500.000000	106.553
4550.000000	106.522
4620.000000	106.474
4680.000000	106.430
4750.000000	106.375
4820.000000	106.314
4870.000000	106.264
4940.000000	106.188
5000.000000	106.113
5080.000000	105.999
5150.000000	105.886
5220.000000	105.761
5300.000000	105.605
5380.000000	105.437
5450.000000	105.283
5520.000000	105.128
5600.000000	104.953
5700.000000	104.737
5800.000000	104.526
5900.000000	104.329
6000.000000	104.150
6080.000000	104.024
6150.000000	103.928
6220.000000	103.849
6300.000000	103.779
6400.000000	103.725
6500.000000	103.708
6600.000000	103.722
6700.000000	103.756
6800.000000	103.800
6900.000000	103.851
7000.000000	103.920
7100.000000	104.026
7200.000000	104.195
7300.000000	104.442
7400.000000	104.772
7500.000000	105.170
7620.000000	105.704
7750.000000	106.285
7880.000000	106.772
8000.000000	107.057
8120.000000	107.117
8250.000000	106.889
8380.000000	106.361
8500.000000	105.647
8620.000000	104.782
8750.000000	103.749
8850.000000	102.934
9000.000000	101.733
9120.000000	100.827
9250.000000	99.917
9380.000000	99.094
9500.000000	98.411
9620.000000	97.803
9750.000000	97.229
9880.000000	96.739
10000.000000	96.361
10150.000000	95.985
10300.000000	95.712
10440.000000	95.546
10600.000000	95.462
10750.000000	95.484
10900.000000	95.608
11060.000000	95.857
11200.000000	96.171
11380.000000	96.705
11500.000000	97.133
11720.000000	98.030
11800.000000	98.372
12060.000000	99.409
12200.000000	99.830
12410.000000	100.143
12500.000000	100.135
12650.000000	99.919
12800.000000	99.467
13150.000000	97.752
13200.000000	97.465
13400.000000	96.282
13600.000000	95.130
13800.000000	94.076
14000.000000	93.158
14300.000000	92.078
14500.000000	91.573
14750.000000	91.188
15000.000000	91.053
15250.000000	91.103
15500.000000	91.228
15750.000000	91.281
16000.000000	91.121
16250.000000	90.656
16500.000000	89.875
16750.000000	88.853
17000.000000	87.709
17250.000000	86.567
17500.000000	85.526
17750.000000	84.626
18000.000000	83.847
18250.000000	83.117
18500.000000	82.341
18750.000000	81.434
19000.000000	80.352
19250.000000	79.097
19500.000000	77.746
19750.000000	76.492
20000.000000	75.712
