20.299999 95.69
20.6 95.70
20.9 95.72
21.200001 95.75
21.4 95.78
21.799999 95.84
22 95.86
22.4 95.88
22.700001 95.89
23 95.89
23.299999 95.90
23.6 95.92
24 95.94
24.299999 95.95
24.700001 95.96
25 95.98
25.4 96.02
25.799999 96.10
26.200001 96.17
26.5 96.21
26.9 96.23
27.200001 96.23
27.6 96.24
28 96.28
28.5 96.35
29 96.36
29.5 96.27
30 96.14
30.4 96.08
30.700001 96.06
31.1 96.09
31.5 96.13
32 96.16
32.5 96.15
33 96.14
33.5 96.13
34 96.13
34.5 96.14
35 96.17
35.5 96.23
36 96.28
36.5 96.29
37 96.24
37.5 96.17
38.200001 96.12
38.700001 96.12
39.5 96.13
40 96.12
40.599998 96.10
41.200001 96.07
41.799999 96.03
42.5 95.96
43.099998 95.90
43.700001 95.86
44.400002 95.83
45 95.85
45.5 95.91
46.200001 96.05
46.799999 96.16
47.5 96.20
48.200001 96.15
48.700001 96.13
49.400002 96.14
50 96.16
50.799999 96.11
51.5 96.00
52.200001 95.89
53 95.84
53.799999 95.85
54.5 95.89
55.200001 95.92
56 95.91
57 95.87
58 95.84
59 95.78
60 95.69
60.799999 95.65
61.5 95.65
62.200001 95.65
63 95.58
64 95.43
65 95.31
66 95.27
67 95.31
68 95.41
69 95.48
70 95.48
71 95.44
72 95.41
73 95.39
74 95.36
75 95.33
76.199997 95.29
77.5 95.23
78.800003 95.14
80 95.07
81.199997 95.03
82.5 95.00
83.800003 94.95
85 94.91
86.199997 94.88
87.5 94.86
88.5 94.85
90 94.84
91.199997 94.82
92.5 94.78
93.800003 94.73
95 94.67
96.199997 94.60
97.5 94.49
98.800003 94.38
100 94.32
101.5 94.32
103 94.36
104.400002 94.37
106 94.36
107.5 94.32
109 94.28
110.599998 94.24
112 94.21
113.800003 94.16
115 94.12
117.199997 94.04
118 94.01
120.599998 93.92
122 93.88
124.099998 93.83
125 93.81
126.5 93.76
128 93.71
131.5 93.59
132 93.58
134 93.52
136 93.46
138 93.40
140 93.33
143 93.22
145 93.15
147.5 93.06
150 93.00
152.5 92.92
155 92.81
157.5 92.67
160 92.56
162.5 92.52
165 92.53
167.5 92.53
170 92.50
172.5 92.46
175 92.42
177.5 92.38
180 92.33
182.5 92.29
185 92.23
187.5 92.17
190 92.11
192.5 92.05
195 91.99
197.5 91.93
200 91.88
203 91.84
206 91.81
209 91.78
212 91.76
214 91.72
218 91.64
220 91.60
224 91.52
227 91.47
230 91.42
233 91.38
236 91.34
240 91.30
243 91.25
247 91.18
250 91.13
254 91.05
258 90.98
262 90.93
265 90.89
269 90.83
272 90.79
276 90.74
280 90.69
285 90.62
290 90.56
295 90.49
300 90.43
304 90.39
307 90.36
311 90.33
315 90.30
320 90.26
325 90.22
330 90.19
335 90.15
340 90.10
345 90.05
350 90.01
355 89.97
360 89.93
365 89.91
370 89.87
375 89.84
382 89.80
387 89.79
395 89.77
400 89.75
406 89.73
412 89.70
418 89.67
425 89.64
431 89.62
437 89.59
444 89.57
450 89.55
455 89.53
462 89.52
468 89.50
475 89.48
482 89.47
487 89.46
494 89.45
500 89.44
508 89.42
515 89.41
522 89.40
530 89.40
538 89.40
545 89.40
552 89.40
560 89.40
570 89.41
580 89.43
590 89.45
600 89.47
608 89.49
615 89.52
622 89.54
630 89.58
640 89.62
650 89.66
660 89.70
670 89.75
680 89.80
690 89.86
700 89.92
710 89.98
720 90.05
730 90.12
740 90.19
750 90.27
762 90.37
775 90.48
788 90.59
800 90.70
812 90.82
825 90.95
838 91.08
850 91.21
862 91.35
875 91.50
885 91.62
900 91.81
912 91.96
925 92.13
938 92.31
950 92.47
962 92.65
975 92.84
988 93.03
1000 93.21
1015 93.44
1030 93.67
1044 93.88
1060 94.13
1075 94.36
1090 94.59
1106 94.84
1120 95.05
1138 95.32
1150 95.50
1172 95.81
1180 95.92
1206 96.28
1220 96.47
1241 96.73
1250 96.85
1265 97.03
1280 97.21
1315 97.59
1320 97.65
1340 97.85
1360 98.04
1380 98.23
1400 98.40
1430 98.64
1450 98.79
1475 98.96
1500 99.12
1525 99.27
1550 99.42
1575 99.55
1600 99.69
1625 99.82
1650 99.95
1675 100.08
1700 100.22
1725 100.35
1750 100.49
1775 100.61
1800 100.74
1825 100.85
1850 100.95
1875 101.05
1900 101.13
1925 101.19
1950 101.23
1975 101.25
2000 101.24
2030 101.19
2060 101.10
2090 100.96
2120 100.79
2140 100.65
2180 100.35
2200 100.19
2240 99.91
2270 99.73
2300 99.62
2330 99.56
2360 99.55
2400 99.62
2430 99.72
2470 99.88
2500 100.01
2540 100.19
2580 100.34
2620 100.47
2650 100.55
2690 100.61
2720 100.63
2760 100.64
2800 100.60
2850 100.52
2900 100.40
2950 100.25
3000 100.08
3040 99.94
3070 99.82
3110 99.65
3150 99.48
3200 99.25
3250 99.02
3300 98.79
3350 98.56
3400 98.33
3450 98.10
3500 97.86
3550 97.61
3600 97.35
3650 97.09
3700 96.82
3750 96.55
3820 96.18
3870 95.93
3950 95.58
4000 95.41
4060 95.24
4120 95.13
4180 95.08
4250 95.09
4310 95.17
4370 95.29
4440 95.49
4500 95.70
4550 95.90
4620 96.20
4680 96.49
4750 96.84
4820 97.19
4870 97.44
4940 97.76
5000 98.00
5080 98.26
5150 98.42
5220 98.52
5300 98.57
5380 98.56
5450 98.54
5520 98.49
5600 98.44
5700 98.38
5800 98.35
5900 98.34
6000 98.38
6080 98.44
6150 98.53
6220 98.64
6300 98.80
6400 99.04
6500 99.33
6600 99.66
6700 100.04
6800 100.45
6900 100.89
7000 101.35
7100 101.84
7200 102.36
7300 102.88
7400 103.41
7500 103.94
7620 104.56
7750 105.14
7880 105.53
8000 105.62
8120 105.38
8250 104.71
8380 103.67
8500 102.53
8620 101.46
8750 100.39
8850 99.53
9000 98.25
9120 97.36
9250 96.41
9380 95.39
9500 94.47
9620 93.62
9750 92.83
9880 92.17
10000 91.65
10150 91.11
10300 90.67
10440 90.34
10600 90.03
10750 89.79
10900 89.58
11060 89.34
11200 89.11
11380 88.79
11500 88.57
11720 88.18
11800 88.02
12060 87.32
12200 86.75
12410 85.59
12500 84.98
12650 83.84
12800 82.56
13150 79.41
13200 78.96
13400 77.27
13600 75.79
13800 74.56
14000 73.58
14300 72.59
14500 72.30
14750 72.74
15000 74.88
15250 78.58
15500 82.56
15750 85.84
16000 88.00
16250 88.97
16500 89.00
16750 88.31
17000 86.99
17250 85.27
17500 83.49
17750 81.96
18000 80.75
18250 79.83
18500 79.15
18750 78.65
19000 78.12
19250 77.53
19500 77.03
19750 76.71
20000 76.58
