20.299999	100.882
20.600000	100.928
20.900000	100.987
21.200001	101.049
21.400000	101.089
21.799999	101.163
22.000000	101.194
22.400000	101.237
22.700001	101.249
23.000000	101.245
23.299999	101.225
23.600000	101.196
24.000000	101.156
24.299999	101.134
24.700001	101.123
25.000000	101.127
25.400000	101.145
25.799999	101.164
26.200001	101.177
26.500000	101.180
26.900000	101.178
27.200001	101.172
27.600000	101.162
28.000000	101.150
28.500000	101.137
29.000000	101.136
29.500000	101.147
30.000000	101.166
30.400000	101.180
30.700001	101.188
31.100000	101.194
31.500000	101.198
32.000000	101.201
32.500000	101.201
33.000000	101.200
33.500000	101.202
34.000000	101.206
34.500000	101.209
35.000000	101.201
35.500000	101.180
36.000000	101.159
36.500000	101.148
37.000000	101.152
37.500000	101.162
38.200001	101.166
38.700001	101.156
39.500000	101.134
40.000000	101.126
40.599998	101.128
41.200001	101.138
41.799999	101.147
42.500000	101.143
43.099998	101.132
43.700001	101.122
44.400002	101.118
45.000000	101.109
45.500000	101.096
46.200001	101.068
46.799999	101.045
47.500000	101.021
48.200001	101.011
48.700001	101.020
49.400002	101.044
50.000000	101.056
50.799999	101.053
51.500000	101.052
52.200001	101.044
53.000000	100.990
53.799999	100.915
54.500000	100.875
55.200001	100.864
56.000000	100.860
57.000000	100.855
58.000000	100.836
59.000000	100.810
60.000000	100.792
60.799999	100.775
61.500000	100.754
62.200001	100.730
63.000000	100.704
64.000000	100.671
65.000000	100.636
66.000000	100.603
67.000000	100.581
68.000000	100.571
69.000000	100.550
70.000000	100.512
71.000000	100.475
72.000000	100.447
73.000000	100.422
74.000000	100.401
75.000000	100.388
76.199997	100.376
77.500000	100.356
78.800003	100.327
80.000000	100.297
81.199997	100.267
82.500000	100.230
83.800003	100.181
85.000000	100.135
86.199997	100.096
87.500000	100.065
88.500000	100.046
90.000000	100.011
91.199997	99.970
92.500000	99.918
93.800003	99.871
95.000000	99.833
96.199997	99.789
97.500000	99.744
98.800003	99.732
100.000000	99.752
101.500000	99.753
103.000000	99.675
104.400002	99.576
106.000000	99.505
107.500000	99.500
109.000000	99.522
110.599998	99.487
112.000000	99.365
113.800003	99.154
115.000000	99.062
117.199997	99.063
118.000000	99.091
120.599998	99.088
122.000000	99.020
124.099998	98.903
125.000000	98.863
126.500000	98.815
128.000000	98.770
131.500000	98.638
132.000000	98.618
134.000000	98.550
136.000000	98.505
138.000000	98.473
140.000000	98.428
143.000000	98.320
145.000000	98.238
147.500000	98.144
150.000000	98.084
152.500000	98.053
155.000000	98.000
157.500000	97.918
160.000000	97.846
162.500000	97.828
165.000000	97.838
167.500000	97.807
170.000000	97.727
172.500000	97.636
175.000000	97.549
177.500000	97.476
180.000000	97.427
182.500000	97.406
185.000000	97.400
187.500000	97.377
190.000000	97.327
192.500000	97.263
195.000000	97.182
197.500000	97.075
200.000000	96.947
203.000000	96.803
206.000000	96.688
209.000000	96.605
212.000000	96.540
214.000000	96.502
218.000000	96.405
220.000000	96.339
224.000000	96.180
227.000000	96.049
230.000000	95.940
233.000000	95.878
236.000000	95.860
240.000000	95.852
243.000000	95.819
247.000000	95.734
250.000000	95.671
254.000000	95.577
258.000000	95.475
262.000000	95.393
265.000000	95.346
269.000000	95.284
272.000000	95.228
276.000000	95.145
280.000000	95.064
285.000000	94.977
290.000000	94.889
295.000000	94.778
300.000000	94.686
304.000000	94.628
307.000000	94.561
311.000000	94.440
315.000000	94.333
320.000000	94.228
325.000000	94.117
330.000000	93.989
335.000000	93.852
340.000000	93.733
345.000000	93.642
350.000000	93.558
355.000000	93.469
360.000000	93.379
365.000000	93.279
370.000000	93.183
375.000000	93.101
382.000000	92.981
387.000000	92.878
395.000000	92.733
400.000000	92.671
406.000000	92.619
412.000000	92.573
418.000000	92.499
425.000000	92.383
431.000000	92.285
437.000000	92.218
444.000000	92.167
450.000000	92.084
455.000000	91.965
462.000000	91.789
468.000000	91.683
475.000000	91.585
482.000000	91.505
487.000000	91.469
494.000000	91.433
500.000000	91.392
508.000000	91.322
515.000000	91.263
522.000000	91.221
530.000000	91.192
538.000000	91.167
545.000000	91.130
552.000000	91.087
560.000000	91.035
570.000000	90.956
580.000000	90.861
590.000000	90.761
600.000000	90.688
608.000000	90.661
615.000000	90.650
622.000000	90.632
630.000000	90.596
640.000000	90.550
650.000000	90.508
660.000000	90.469
670.000000	90.412
680.000000	90.359
690.000000	90.343
700.000000	90.365
710.000000	90.398
720.000000	90.412
730.000000	90.404
740.000000	90.368
750.000000	90.294
762.000000	90.156
775.000000	89.971
788.000000	89.809
800.000000	89.733
812.000000	89.739
825.000000	89.805
838.000000	89.900
850.000000	90.000
862.000000	90.105
875.000000	90.220
885.000000	90.314
900.000000	90.457
912.000000	90.572
925.000000	90.703
938.000000	90.843
950.000000	90.975
962.000000	91.108
975.000000	91.256
988.000000	91.410
1000.000000	91.556
1015.000000	91.742
1030.000000	91.933
1044.000000	92.114
1060.000000	92.323
1075.000000	92.523
1090.000000	92.723
1106.000000	92.936
1120.000000	93.121
1138.000000	93.362
1150.000000	93.523
1172.000000	93.819
1180.000000	93.925
1206.000000	94.266
1220.000000	94.446
1241.000000	94.715
1250.000000	94.830
1265.000000	95.017
1280.000000	95.202
1315.000000	95.625
1320.000000	95.685
1340.000000	95.922
1360.000000	96.155
1380.000000	96.386
1400.000000	96.613
1430.000000	96.947
1450.000000	97.165
1475.000000	97.433
1500.000000	97.697
1525.000000	97.959
1550.000000	98.218
1575.000000	98.476
1600.000000	98.731
1625.000000	98.981
1650.000000	99.229
1675.000000	99.474
1700.000000	99.715
1725.000000	99.952
1750.000000	100.186
1775.000000	100.415
1800.000000	100.640
1825.000000	100.860
1850.000000	101.075
1875.000000	101.284
1900.000000	101.485
1925.000000	101.680
1950.000000	101.868
1975.000000	102.049
2000.000000	102.219
2030.000000	102.409
2060.000000	102.583
2090.000000	102.739
2120.000000	102.876
2140.000000	102.957
2180.000000	103.090
2200.000000	103.141
2240.000000	103.214
2270.000000	103.243
2300.000000	103.250
2330.000000	103.237
2360.000000	103.203
2400.000000	103.132
2430.000000	103.059
2470.000000	102.942
2500.000000	102.840
2540.000000	102.692
2580.000000	102.536
2620.000000	102.379
2650.000000	102.263
2690.000000	102.124
2720.000000	102.035
2760.000000	101.945
2800.000000	101.887
2850.000000	101.850
2900.000000	101.836
2950.000000	101.838
3000.000000	101.857
3040.000000	101.888
3070.000000	101.921
3110.000000	101.977
3150.000000	102.044
3200.000000	102.139
3250.000000	102.241
3300.000000	102.346
3350.000000	102.453
3400.000000	102.561
3450.000000	102.670
3500.000000	102.778
3550.000000	102.882
3600.000000	102.980
3650.000000	103.070
3700.000000	103.150
3750.000000	103.216
3820.000000	103.279
3870.000000	103.296
3950.000000	103.255
4000.000000	103.175
4060.000000	103.016
4120.000000	102.775
4180.000000	102.448
4250.000000	101.970
4310.000000	101.514
4370.000000	101.043
4440.000000	100.455
4500.000000	99.900
4550.000000	99.410
4620.000000	98.696
4680.000000	98.075
4750.000000	97.357
4820.000000	96.663
4870.000000	96.191
4940.000000	95.569
5000.000000	95.076
5080.000000	94.481
5150.000000	94.023
5220.000000	93.625
5300.000000	93.248
5380.000000	92.958
5450.000000	92.778
5520.000000	92.670
5600.000000	92.640
5700.000000	92.748
5800.000000	93.019
5900.000000	93.461
6000.000000	94.072
6080.000000	94.674
6150.000000	95.267
6220.000000	95.896
6300.000000	96.624
6400.000000	97.469
6500.000000	98.157
6600.000000	98.626
6700.000000	98.857
6800.000000	98.888
6900.000000	98.797
7000.000000	98.678
7100.000000	98.603
7200.000000	98.617
7300.000000	98.770
7400.000000	99.107
7500.000000	99.641
7620.000000	100.491
7750.000000	101.513
7880.000000	102.356
8000.000000	102.706
8120.000000	102.479
8250.000000	101.572
8380.000000	100.144
8500.000000	98.571
8620.000000	96.931
8750.000000	95.208
8850.000000	93.960
9000.000000	92.231
9120.000000	90.963
9250.000000	89.694
9380.000000	88.534
9500.000000	87.566
9620.000000	86.715
9750.000000	85.951
9880.000000	85.372
10000.000000	85.008
10150.000000	84.778
10300.000000	84.776
10440.000000	84.958
10600.000000	85.352
10750.000000	85.868
10900.000000	86.481
11060.000000	87.172
11200.000000	87.734
11380.000000	88.283
11500.000000	88.481
11720.000000	88.413
11800.000000	88.254
12060.000000	87.355
12200.000000	86.717
12410.000000	85.706
12500.000000	85.291
12650.000000	84.662
12800.000000	84.139
13150.000000	83.337
13200.000000	83.260
13400.000000	83.026
13600.000000	82.962
13800.000000	83.206
14000.000000	83.838
14300.000000	85.334
14500.000000	86.501
14750.000000	87.914
15000.000000	88.945
15250.000000	89.236
15500.000000	88.652
15750.000000	87.395
16000.000000	85.859
16250.000000	84.423
16500.000000	83.295
16750.000000	82.463
17000.000000	81.778
17250.000000	81.082
17500.000000	80.296
17750.000000	79.407
18000.000000	78.416
18250.000000	77.318
18500.000000	76.123
18750.000000	74.865
19000.000000	73.602
19250.000000	72.440
19500.000000	71.527
19750.000000	70.958
20000.000000	70.709
