20 102.37
20.144928 102.36
20.290907 102.36
20.437943 102.37
20.586044 102.39
20.73522 102.41
20.885475 102.45
21.036821 102.49
21.189262 102.53
21.342808 102.57
21.497467 102.60
21.653246 102.61
21.810154 102.62
21.968201 102.60
22.12739 102.57
22.287735 102.52
22.449242 102.47
22.611917 102.41
22.775772 102.35
22.940815 102.31
23.107054 102.28
23.274498 102.28
23.443153 102.30
23.613033 102.35
23.784142 102.42
23.956491 102.51
24.130091 102.61
24.304947 102.70
24.481071 102.79
24.65847 102.87
24.837156 102.93
25.017136 102.97
25.198421 102.99
25.38102 102.99
25.564941 102.97
25.750195 102.94
25.93679 102.91
26.124741 102.87
26.314051 102.84
26.504732 102.82
26.696796 102.81
26.890253 102.82
27.085112 102.83
27.281382 102.86
27.479073 102.88
27.678198 102.91
27.878765 102.93
28.080786 102.94
28.284271 102.95
28.489231 102.95
28.695675 102.94
28.903616 102.94
29.113064 102.93
29.324028 102.93
29.536524 102.94
29.750557 102.94
29.966141 102.96
30.183289 102.97
30.40201 102.98
30.622314 102.99
30.844217 103.00
31.067726 103.00
31.292856 102.99
31.519617 102.99
31.74802 102.98
31.978081 102.98
32.209808 102.98
32.443211 102.98
32.67831 102.98
32.915108 102.99
33.153625 103.00
33.393871 103.00
33.635857 103.00
33.879597 103.01
34.125103 103.02
34.372387 103.02
34.621464 103.03
34.872345 103.04
35.125042 103.04
35.379574 103.05
35.635948 103.05
35.89418 103.05
36.154285 103.05
36.416275 103.04
36.680161 103.03
36.945961 103.01
37.213688 102.98
37.483353 102.94
37.754974 102.89
38.028561 102.84
38.304131 102.80
38.581699 102.77
38.861279 102.76
39.142883 102.77
39.426529 102.80
39.712231 102.85
40 102.90
40.289856 102.95
40.581814 103.00
40.875885 103.03
41.172089 103.05
41.47044 103.05
41.77095 103.05
42.073643 103.04
42.378525 103.03
42.685616 103.02
42.994934 103.03
43.306492 103.05
43.620308 103.08
43.936401 103.11
44.25478 103.13
44.57547 103.15
44.898483 103.15
45.223835 103.15
45.551544 103.14
45.88163 103.12
46.214108 103.11
46.548996 103.11
46.886307 103.11
47.226067 103.10
47.568283 103.09
47.912983 103.08
48.260181 103.06
48.609894 103.04
48.962143 103.03
49.31694 103.01
49.674313 103.00
50.034271 103.00
50.396843 103.00
50.762039 103.00
51.129883 102.99
51.500389 102.99
51.873581 102.98
52.249481 102.98
52.628101 102.97
53.009464 102.97
53.393593 102.97
53.780506 102.96
54.170223 102.95
54.562763 102.95
54.958145 102.95
55.356396 102.94
55.75753 102.94
56.161572 102.93
56.568542 102.92
56.978462 102.92
57.39135 102.91
57.807232 102.90
58.226128 102.89
58.648056 102.87
59.073048 102.86
59.501114 102.85
59.932281 102.84
60.366577 102.83
60.80402 102.81
61.244629 102.80
61.688435 102.80
62.135452 102.79
62.585712 102.79
63.039234 102.78
63.49604 102.78
63.956161 102.77
64.419617 102.76
64.886421 102.74
65.356621 102.73
65.830215 102.72
66.307251 102.70
66.787743 102.69
67.271713 102.69
67.759193 102.68
68.250206 102.67
68.744774 102.65
69.242928 102.64
69.74469 102.63
70.250084 102.62
70.759148 102.60
71.271896 102.59
71.788361 102.58
72.308571 102.57
72.83255 102.56
73.360321 102.55
73.891922 102.54
74.427376 102.53
74.966705 102.51
75.509949 102.49
76.057121 102.48
76.608261 102.47
77.163399 102.46
77.722557 102.46
78.285767 102.45
78.853058 102.45
79.424461 102.44
80 102.43
80.579712 102.41
81.163628 102.40
81.75177 102.38
82.344177 102.37
82.94088 102.35
83.541901 102.33
84.147285 102.32
84.75705 102.30
85.371231 102.28
85.989868 102.25
86.612984 102.23
87.240616 102.21
87.872803 102.20
88.50956 102.18
89.15094 102.16
89.796967 102.14
90.44767 102.12
91.103088 102.11
91.76326 102.09
92.428215 102.07
93.097992 102.05
93.772614 102.04
94.452133 102.02
95.136566 102.00
95.825966 101.99
96.520363 101.97
97.219788 101.95
97.924286 101.94
98.633881 101.92
99.348625 101.90
100.068542 101.89
100.793686 101.87
101.524078 101.84
102.259766 101.82
103.000778 101.79
103.747162 101.77
104.498962 101.74
105.256203 101.72
106.018929 101.70
106.787186 101.67
107.561012 101.65
108.340446 101.62
109.125526 101.59
109.91629 101.57
110.712791 101.54
111.51506 101.52
112.323143 101.49
113.137085 101.47
113.956924 101.44
114.7827 101.42
115.614464 101.39
116.452255 101.37
117.296112 101.34
118.146095 101.32
119.002228 101.30
119.864563 101.28
120.733154 101.27
121.60804 101.25
122.489258 101.22
123.376869 101.21
124.270905 101.19
125.171425 101.18
126.078468 101.17
126.992081 101.15
127.912323 101.14
128.839233 101.11
129.772842 101.09
130.713242 101.07
131.660431 101.04
132.614502 101.01
133.575485 100.98
134.543427 100.94
135.518387 100.91
136.500412 100.87
137.489548 100.83
138.485855 100.80
139.48938 100.76
140.500168 100.73
141.518295 100.69
142.543793 100.66
143.576721 100.62
144.617142 100.59
145.6651 100.56
146.720642 100.53
147.783844 100.50
148.854752 100.47
149.933411 100.45
151.019897 100.42
152.114243 100.40
153.216522 100.37
154.326797 100.35
155.445114 100.32
156.571533 100.30
157.706116 100.28
158.848923 100.28
160 100.27
161.159424 100.27
162.327255 100.26
163.50354 100.25
164.688354 100.23
165.88176 100.21
167.083801 100.19
168.294571 100.16
169.514099 100.14
170.742462 100.11
171.979736 100.09
173.225967 100.06
174.481232 100.03
175.745605 100.00
177.019119 99.96
178.30188 99.93
179.593933 99.89
180.89534 99.85
182.206177 99.81
183.52652 99.77
184.85643 99.73
186.195984 99.69
187.545227 99.65
188.904266 99.61
190.273132 99.57
191.651932 99.53
193.040726 99.49
194.439575 99.45
195.848572 99.42
197.267761 99.39
198.69725 99.36
200.137085 99.33
201.587372 99.30
203.048157 99.26
204.519531 99.23
206.001556 99.19
207.494324 99.15
208.997925 99.11
210.512405 99.06
212.037857 99.02
213.574371 98.98
215.122025 98.93
216.680893 98.89
218.251053 98.84
219.832581 98.80
221.425583 98.76
223.030121 98.72
224.646286 98.68
226.27417 98.64
227.913849 98.60
229.565399 98.57
231.228928 98.54
232.90451 98.51
234.592224 98.48
236.292191 98.45
238.004456 98.41
239.729126 98.38
241.466309 98.34
243.21608 98.30
244.978516 98.26
246.753738 98.22
248.541809 98.18
250.34285 98.15
252.156937 98.11
253.984161 98.08
255.824646 98.04
257.678467 98.00
259.545685 97.97
261.426483 97.93
263.320862 97.90
265.229004 97.86
267.15097 97.82
269.086853 97.79
271.036774 97.75
273.000824 97.71
274.979095 97.67
276.97171 97.63
278.97876 97.59
281.000336 97.56
283.036591 97.53
285.087585 97.49
287.153442 97.46
289.234283 97.42
291.3302 97.39
293.441284 97.36
295.567688 97.32
297.709503 97.28
299.866821 97.25
302.039795 97.21
304.228485 97.17
306.433044 97.13
308.653595 97.09
310.890228 97.05
313.143066 97.01
315.412231 96.98
317.697845 96.94
320 96.91
322.318848 96.87
324.65451 96.83
327.00708 96.80
329.376709 96.76
331.763519 96.72
334.167603 96.69
336.589142 96.65
339.028198 96.61
341.484924 96.58
343.959473 96.55
346.451935 96.51
348.962463 96.48
351.491211 96.44
354.038239 96.41
356.60376 96.37
359.187866 96.34
361.79068 96.30
364.412354 96.27
367.05304 96.23
369.71286 96.20
372.391968 96.16
375.090454 96.13
377.808533 96.09
380.546265 96.06
383.303864 96.02
386.081451 95.98
388.87915 95.94
391.697144 95.90
394.535522 95.87
397.394501 95.84
400.27417 95.82
403.174744 95.79
406.096313 95.76
409.039062 95.73
412.003113 95.70
414.988647 95.67
417.99585 95.64
421.024811 95.61
424.075714 95.58
427.148743 95.56
430.244049 95.53
433.361786 95.49
436.502106 95.46
439.665161 95.42
442.851166 95.37
446.060242 95.33
449.292572 95.30
452.54834 95.26
455.827698 95.23
459.130798 95.19
462.457855 95.15
465.809021 95.11
469.184448 95.07
472.584381 95.03
476.008911 94.99
479.458252 94.95
482.932617 94.91
486.432159 94.88
489.957031 94.84
493.507477 94.80
497.083618 94.76
500.685699 94.72
504.313873 94.67
507.968323 94.62
511.649292 94.58
515.356934 94.53
519.09137 94.48
522.852966 94.44
526.641724 94.40
530.458008 94.36
534.301941 94.32
538.173706 94.28
542.073547 94.25
546.001648 94.22
549.958191 94.19
553.94342 94.16
557.95752 94.13
562.000671 94.10
566.073181 94.07
570.175171 94.04
574.306885 94.01
578.468567 93.98
582.6604 93.95
586.882568 93.92
591.135376 93.89
595.419006 93.86
599.733643 93.82
604.07959 93.79
608.45697 93.75
612.866089 93.72
617.30719 93.69
621.780457 93.67
626.286133 93.65
630.824463 93.63
635.395691 93.61
640 93.59
644.637695 93.57
649.309021 93.55
654.01416 93.53
658.753418 93.52
663.527039 93.50
668.335205 93.48
673.178284 93.46
678.056396 93.44
682.969849 93.42
687.918945 93.39
692.90387 93.37
697.924927 93.35
702.982422 93.33
708.076477 93.31
713.20752 93.29
718.375732 93.28
723.58136 93.27
728.824707 93.26
734.106079 93.25
739.42572 93.25
744.783936 93.26
750.180908 93.26
755.617065 93.27
761.092529 93.29
766.607727 93.30
772.162903 93.32
777.758301 93.34
783.394287 93.37
789.071045 93.39
794.789001 93.42
800.54834 93.44
806.349487 93.46
812.192627 93.49
818.078125 93.51
824.006226 93.53
829.977295 93.55
835.991699 93.56
842.049622 93.58
848.151428 93.60
854.297485 93.62
860.488098 93.64
866.723572 93.65
873.004211 93.66
879.330322 93.68
885.702332 93.70
892.120483 93.72
898.585144 93.75
905.09668 93.78
911.655396 93.81
918.261597 93.85
924.91571 93.89
931.618042 93.94
938.368896 93.99
945.168762 94.05
952.017822 94.11
958.916504 94.17
965.865234 94.23
972.864319 94.30
979.914062 94.38
987.014954 94.45
994.167236 94.54
1001.371399 94.62
1008.627747 94.70
1015.936646 94.79
1023.298584 94.87
1030.713867 94.95
1038.182739 95.03
1045.705933 95.11
1053.283447 95.19
1060.916016 95.26
1068.603882 95.33
1076.347412 95.40
1084.147095 95.47
1092.003296 95.54
1099.916382 95.60
1107.886841 95.66
1115.915039 95.72
1124.001343 95.78
1132.146362 95.84
1140.350342 95.90
1148.61377 95.96
1156.937134 96.02
1165.320801 96.08
1173.765137 96.14
1182.270752 96.19
1190.838013 96.25
1199.467285 96.31
1208.15918 96.37
1216.91394 96.44
1225.732178 96.51
1234.61438 96.59
1243.560913 96.67
1252.572266 96.75
1261.648926 96.83
1270.791382 96.90
1280 96.98
1289.275391 97.05
1298.618042 97.13
1308.02832 97.20
1317.506836 97.27
1327.054077 97.33
1336.67041 97.40
1346.356567 97.46
1356.112793 97.52
1365.939697 97.58
1375.837891 97.63
1385.807739 97.69
1395.849854 97.74
1405.964844 97.80
1416.152954 97.85
1426.415039 97.90
1436.751465 97.95
1447.16272 98.00
1457.649414 98.06
1468.212158 98.11
1478.85144 98.16
1489.567871 98.21
1500.361816 98.26
1511.234131 98.31
1522.185059 98.36
1533.215454 98.41
1544.325806 98.45
1555.516602 98.48
1566.788574 98.52
1578.14209 98.54
1589.578003 98.56
1601.09668 98.58
1612.698975 98.60
1624.385254 98.61
1636.15625 98.64
1648.012451 98.66
1659.95459 98.69
1671.983398 98.72
1684.099243 98.75
1696.302856 98.78
1708.594971 98.82
1720.976196 98.86
1733.447144 98.90
1746.008423 98.95
1758.660645 99.00
1771.404663 99.05
1784.240967 99.11
1797.170288 99.17
1810.193359 99.22
1823.310791 99.28
1836.523193 99.34
1849.831421 99.39
1863.236084 99.45
1876.737793 99.50
1890.337524 99.54
1904.035645 99.58
1917.833008 99.62
1931.730469 99.65
1945.728638 99.68
1959.828125 99.71
1974.029907 99.75
1988.334473 99.80
2002.742798 99.84
2017.255493 99.89
2031.873291 99.94
2046.597168 99.98
2061.427734 100.03
2076.365479 100.08
2091.411865 100.12
2106.566895 100.18
2121.832031 100.23
2137.207764 100.28
2152.694824 100.33
2168.294189 100.39
2184.006592 100.43
2199.832764 100.47
2215.773682 100.51
2231.830078 100.55
2248.002686 100.58
2264.292725 100.61
2280.700684 100.63
2297.227539 100.65
2313.874268 100.66
2330.641602 100.67
2347.530273 100.67
2364.541504 100.67
2381.676025 100.66
2398.93457 100.66
2416.318359 100.65
2433.827881 100.64
2451.464355 100.62
2469.22876 100.60
2487.121826 100.58
2505.144531 100.55
2523.297852 100.51
2541.582764 100.47
2560 100.42
2578.550781 100.38
2597.236084 100.33
2616.056641 100.27
2635.013672 100.21
2654.108154 100.15
2673.34082 100.09
2692.713135 100.03
2712.225586 99.96
2731.879395 99.89
2751.675781 99.81
2771.615479 99.74
2791.699707 99.66
2811.929688 99.58
2832.305908 99.51
2852.830078 99.44
2873.50293 99.38
2894.325439 99.32
2915.298828 99.28
2936.424316 99.24
2957.702881 99.21
2979.135742 99.19
3000.723633 99.18
3022.468262 99.18
3044.370117 99.18
3066.430908 99.19
3088.651611 99.18
3111.033203 99.18
3133.577148 99.16
3156.28418 99.14
3179.156006 99.10
3202.193359 99.06
3225.397949 99.00
3248.770508 98.94
3272.3125 98.87
3296.024902 98.79
3319.90918 98.70
3343.966797 98.61
3368.198486 98.51
3392.605713 98.40
3417.189941 98.29
3441.952393 98.17
3466.894287 98.06
3492.016846 97.94
3517.321289 97.81
3542.809326 97.68
3568.481934 97.54
3594.340576 97.39
3620.386719 97.21
3646.621582 97.02
3673.046387 96.79
3699.662842 96.54
3726.472168 96.26
3753.475586 95.95
3780.675049 95.60
3808.071289 95.22
3835.666016 94.80
3863.460938 94.33
3891.457275 93.84
3919.65625 93.31
3948.059814 92.75
3976.668945 92.17
4005.485596 91.58
4034.510986 90.99
4063.746582 90.43
4093.194336 89.92
4122.855469 89.49
4152.730957 89.17
4182.82373 88.97
4213.133789 88.90
4243.664062 88.96
4274.415527 89.14
4305.389648 89.41
4336.588379 89.76
4368.013184 90.16
4399.665527 90.59
4431.547363 91.04
4463.660156 91.51
4496.005371 91.99
4528.585449 92.47
4561.401367 92.94
4594.455078 93.42
4627.748535 93.89
4661.283203 94.37
4695.060547 94.85
4729.083008 95.33
4763.352051 95.81
4797.869141 96.30
4832.636719 96.79
4867.655762 97.28
4902.928711 97.78
4938.45752 98.27
4974.243652 98.77
5010.289062 99.26
5046.595703 99.74
5083.165527 100.21
5120 100.66
5157.101562 101.08
5194.472168 101.47
5232.113281 101.81
5270.027344 102.08
5308.216309 102.30
5346.681641 102.43
5385.42627 102.50
5424.451172 102.47
5463.758789 102.38
5503.351562 102.20
5543.230957 101.96
5583.399414 101.66
5623.859375 101.31
5664.611816 100.93
5705.660156 100.52
5747.005859 100.09
5788.650879 99.66
5830.597656 99.23
5872.848633 98.82
5915.405762 98.42
5958.271484 98.03
6001.447266 97.67
6044.936523 97.34
6088.740234 97.03
6132.861816 96.75
6177.303223 96.50
6222.066406 96.28
6267.154297 96.09
6312.568359 95.92
6358.312012 95.76
6404.386719 95.63
6450.795898 95.52
6497.541016 95.42
6544.625 95.33
6592.049805 95.27
6639.818359 95.22
6687.933594 95.19
6736.396973 95.18
6785.211426 95.21
6834.379883 95.26
6883.904785 95.33
6933.788574 95.43
6984.033691 95.54
7034.642578 95.68
7085.618652 95.84
7136.963867 96.02
7188.681152 96.23
7240.773438 96.46
7293.243164 96.73
7346.092773 97.02
7399.325684 97.34
7452.944336 97.69
7506.951172 98.06
7561.350098 98.45
7616.142578 98.86
7671.332031 99.27
7726.921875 99.69
7782.914551 100.09
7839.3125 100.46
7896.119629 100.80
7953.337891 101.07
8010.971191 101.28
8069.021973 101.40
8127.493164 101.42
8186.388672 101.34
8245.710938 101.17
8305.461914 100.89
8365.647461 100.52
8426.267578 100.08
8487.328125 99.58
8548.831055 99.04
8610.779297 98.46
8673.176758 97.86
8736.026367 97.25
8799.331055 96.65
8863.094727 96.04
8927.320312 95.45
8992.010742 94.86
9057.170898 94.29
9122.802734 93.74
9188.910156 93.21
9255.49707 92.70
9322.566406 92.23
9390.121094 91.79
9458.166016 91.41
9526.704102 91.07
9595.738281 90.78
9665.273438 90.55
9735.311523 90.36
9805.857422 90.22
9876.915039 90.11
9948.487305 90.04
10020.578125 89.99
10093.191406 89.98
10166.331055 89.98
10240 90.02
10314.203125 90.07
10388.944336 90.14
10464.226562 90.22
10540.054688 90.32
10616.432617 90.42
10693.363281 90.52
10770.852539 90.62
10848.902344 90.71
10927.517578 90.78
11006.703125 90.84
11086.461914 90.87
11166.798828 90.86
11247.71875 90.80
11329.223633 90.70
11411.320312 90.55
11494.011719 90.34
11577.301758 90.09
11661.195312 89.80
11745.697266 89.47
11830.811523 89.12
11916.542969 88.75
12002.894531 88.38
12089.873047 88.00
12177.480469 87.64
12265.723633 87.29
12354.606445 86.96
12444.132812 86.67
12534.308594 86.40
12625.136719 86.17
12716.624023 85.97
12808.773438 85.81
12901.591797 85.69
12995.082031 85.59
13089.25 85.53
13184.099609 85.50
13279.636719 85.50
13375.867188 85.52
13472.793945 85.58
13570.422852 85.66
13668.759766 85.78
13767.80957 85.94
13867.577148 86.14
13968.067383 86.40
14069.285156 86.70
14171.237305 87.06
14273.927734 87.48
14377.362305 87.95
14481.546875 88.47
14586.486328 89.04
14692.185547 89.64
14798.651367 90.25
14905.888672 90.86
15013.902344 91.44
15122.700195 91.98
15232.285156 92.45
15342.664062 92.83
15453.84375 93.12
15565.829102 93.31
15678.625 93.39
15792.239258 93.37
15906.675781 93.26
16021.942383 93.07
16138.043945 92.81
16254.986328 92.49
16372.777344 92.11
16491.421875 91.68
16610.923828 91.18
16731.294922 90.62
16852.535156 89.99
16974.65625 89.29
17097.662109 88.53
17221.558594 87.69
17346.353516 86.81
17472.052734 85.89
17598.662109 84.95
17726.189453 84.02
17854.640625 83.09
17984.021484 82.20
18114.341797 81.35
18245.605469 80.56
18377.820312 79.83
18510.994141 79.17
18645.132812 78.58
18780.242188 78.05
18916.332031 77.58
19053.408203 77.16
19191.476562 76.78
19330.546875 76.43
19470.623047 76.13
19611.714844 75.86
19753.830078 75.65
19896.974609 75.50
