10.145 50.53
10.293 50.61
10.443 50.70
10.595 50.88
10.749 51.08
10.905 51.25
11.064 51.41
11.225 51.56
11.388 51.70
11.554 51.83
11.722 51.97
11.892 52.11
12.065 52.24
12.241 52.38
12.419 52.52
12.599 52.66
12.782 52.80
12.968 52.94
13.157 53.06
13.348 53.19
13.543 53.31
13.74 53.43
13.939 53.54
14.142 53.66
14.348 53.79
14.557 53.92
14.768 54.07
14.983 54.22
15.201 54.38
15.422 54.53
15.646 54.67
15.874 54.80
16.105 54.91
16.339 55.01
16.577 55.10
16.818 55.19
17.063 55.29
17.311 55.40
17.563 55.52
17.818 55.64
18.077 55.76
18.34 55.87
18.607 55.95
18.877 56.03
19.152 56.09
19.431 56.16
19.713 56.23
20 56.32
20.291 56.41
20.586 56.49
20.885 56.56
21.189 56.62
21.497 56.66
21.81 56.69
22.127 56.71
22.449 56.73
22.776 56.75
23.107 56.78
23.443 56.82
23.784 56.86
24.13 56.90
24.481 56.93
24.837 56.96
25.198 56.99
25.565 57.02
25.937 57.05
26.314 57.07
26.697 57.09
27.085 57.11
27.479 57.12
27.879 57.13
28.284 57.14
28.696 57.15
29.113 57.17
29.537 57.19
29.966 57.21
30.402 57.24
30.844 57.27
31.293 57.30
31.748 57.31
32.21 57.33
32.678 57.35
33.154 57.37
33.636 57.39
34.125 57.40
34.621 57.41
35.125 57.41
35.636 57.42
36.154 57.43
36.68 57.43
37.214 57.44
37.755 57.45
38.304 57.46
38.861 57.47
39.427 57.48
40 57.48
40.582 57.49
41.172 57.49
41.771 57.49
42.379 57.50
42.995 57.51
43.62 57.52
44.255 57.53
44.898 57.53
45.552 57.53
46.214 57.52
46.886 57.52
47.568 57.53
48.26 57.53
48.962 57.52
49.674 57.52
50.397 57.51
51.13 57.51
51.874 57.51
52.628 57.50
53.394 57.50
54.17 57.50
54.958 57.51
55.758 57.51
56.569 57.50
57.391 57.49
58.226 57.48
59.073 57.47
59.932 57.47
60.804 57.46
61.688 57.45
62.586 57.45
63.496 57.45
64.42 57.45
65.357 57.44
66.307 57.42
67.272 57.41
68.25 57.38
69.243 57.36
70.25 57.34
71.272 57.32
72.309 57.32
73.36 57.32
74.427 57.32
75.51 57.31
76.608 57.30
77.723 57.29
78.853 57.28
80 57.27
81.164 57.25
82.344 57.23
83.542 57.20
84.757 57.17
85.99 57.14
87.241 57.11
88.51 57.08
89.797 57.05
91.103 57.03
92.428 57.03
93.773 57.02
95.137 57.02
96.52 57.00
97.924 56.97
99.349 56.94
100.794 56.91
102.26 56.89
103.747 56.86
105.256 56.84
106.787 56.81
108.34 56.78
109.916 56.75
111.515 56.73
113.137 56.70
114.783 56.67
116.452 56.64
118.146 56.61
119.865 56.58
121.608 56.55
123.377 56.51
125.171 56.47
126.992 56.45
128.839 56.43
130.713 56.41
132.615 56.39
134.543 56.36
136.5 56.32
138.486 56.28
140.5 56.24
142.544 56.20
144.617 56.17
146.721 56.15
148.855 56.12
151.02 56.09
153.217 56.06
155.445 56.04
157.706 56.02
160 56.01
162.327 56.00
164.688 56.00
167.084 56.00
169.514 55.99
171.98 55.96
174.481 55.90
177.019 55.80
179.594 55.70
182.206 55.62
184.856 55.55
187.545 55.49
190.273 55.43
193.041 55.37
195.849 55.30
198.697 55.23
201.587 55.16
204.52 55.09
207.494 55.03
210.512 55.00
213.574 54.99
216.681 54.98
219.833 54.97
223.03 54.95
226.274 54.91
229.565 54.87
232.905 54.83
236.292 54.79
239.729 54.75
243.216 54.70
246.754 54.66
250.343 54.62
253.984 54.58
257.678 54.54
261.426 54.49
265.229 54.44
269.087 54.39
273.001 54.34
276.972 54.29
281 54.24
285.088 54.20
289.234 54.15
293.441 54.10
297.71 54.05
302.04 54.01
306.433 53.96
310.89 53.92
315.412 53.88
320 53.84
324.655 53.79
329.377 53.75
334.168 53.71
339.028 53.67
343.959 53.62
348.962 53.58
354.038 53.53
359.188 53.49
364.412 53.44
369.713 53.40
375.09 53.35
380.546 53.30
386.081 53.26
391.697 53.21
397.395 53.16
403.175 53.12
409.039 53.07
414.989 53.03
421.025 52.98
427.149 52.94
433.362 52.90
439.665 52.86
446.06 52.83
452.548 52.79
459.131 52.75
465.809 52.72
472.584 52.69
479.458 52.65
486.432 52.62
493.507 52.59
500.686 52.56
507.968 52.53
515.357 52.51
522.853 52.48
530.458 52.45
538.174 52.42
546.002 52.38
553.943 52.34
562.001 52.31
570.175 52.28
578.469 52.28
586.883 52.28
595.419 52.27
604.08 52.26
612.866 52.24
621.78 52.20
630.824 52.14
640 52.10
649.309 52.09
658.753 52.10
668.335 52.09
678.056 52.08
687.919 52.08
697.925 52.08
708.076 52.08
718.376 52.08
728.825 52.09
739.426 52.10
750.181 52.11
761.093 52.13
772.163 52.15
783.394 52.17
794.789 52.19
806.349 52.22
818.078 52.26
829.977 52.29
842.05 52.34
854.297 52.38
866.724 52.44
879.33 52.49
892.12 52.56
905.097 52.63
918.262 52.70
931.618 52.79
945.169 52.88
958.917 52.97
972.864 53.07
987.015 53.17
1001.371 53.28
1015.937 53.40
1030.714 53.52
1045.706 53.65
1060.916 53.78
1076.347 53.91
1092.003 54.05
1107.887 54.20
1124.001 54.35
1140.35 54.51
1156.937 54.68
1173.765 54.84
1190.838 55.01
1208.159 55.18
1225.732 55.36
1243.561 55.53
1261.649 55.71
1280 55.90
1298.618 56.09
1317.507 56.28
1336.67 56.49
1356.113 56.71
1375.838 56.94
1395.85 57.16
1416.153 57.39
1436.751 57.61
1457.649 57.82
1478.851 58.03
1500.362 58.22
1522.185 58.40
1544.326 58.57
1566.789 58.73
1589.578 58.88
1612.699 59.02
1636.156 59.14
1659.955 59.26
1684.099 59.36
1708.595 59.47
1733.447 59.56
1758.661 59.64
1784.241 59.72
1810.193 59.79
1836.523 59.85
1863.236 59.90
1890.338 59.94
1917.833 59.97
1945.729 59.98
1974.03 59.99
2002.743 59.98
2031.873 59.95
2061.428 59.91
2091.412 59.86
2121.832 59.80
2152.695 59.72
2184.007 59.63
2215.774 59.52
2248.003 59.40
2280.701 59.27
2313.874 59.12
2347.53 58.97
2381.676 58.81
2416.318 58.66
2451.464 58.56
2487.122 58.50
2523.298 58.47
2560 58.42
2597.236 58.34
2635.014 58.24
2673.341 58.13
2712.226 58.03
2751.676 57.92
2791.7 57.83
2832.306 57.75
2873.503 57.67
2915.299 57.60
2957.703 57.54
3000.724 57.49
3044.37 57.46
3088.652 57.43
3133.577 57.41
3179.156 57.38
3225.398 57.36
3272.312 57.34
3319.909 57.34
3368.198 57.35
3417.19 57.38
3466.894 57.41
3517.321 57.46
3568.482 57.51
3620.387 57.57
3673.046 57.63
3726.472 57.69
3780.675 57.75
3835.666 57.81
3891.457 57.89
3948.06 57.98
4005.486 58.08
4063.747 58.16
4122.855 58.22
4182.824 58.27
4243.664 58.29
4305.39 58.31
4368.013 58.32
4431.547 58.32
4496.005 58.31
4561.401 58.29
4627.749 58.25
4695.061 58.20
4763.352 58.14
4832.637 58.07
4902.929 57.98
4974.244 57.86
5046.596 57.72
5120 57.55
5194.472 57.36
5270.027 57.15
5346.682 56.94
5424.451 56.70
5503.352 56.43
5583.399 56.14
5664.612 55.82
5747.006 55.49
5830.598 55.15
5915.406 54.82
6001.447 54.49
6088.74 54.18
6177.303 53.91
6267.154 53.67
6358.312 53.47
6450.796 53.33
6544.625 53.23
6639.818 53.20
6736.397 53.24
6834.38 53.35
6933.789 53.54
7034.643 53.82
7136.964 54.22
7240.773 54.76
7346.093 55.45
7452.944 56.33
7561.35 57.37
7671.332 58.56
7782.915 59.79
7896.12 60.82
8010.971 61.34
8127.493 61.12
8245.711 60.15
8365.647 58.62
8487.328 56.85
8610.779 55.10
8736.026 53.52
8863.095 52.13
8992.011 50.94
9122.803 49.93
9255.497 49.07
9390.121 48.35
9526.704 47.77
9665.273 47.33
9805.857 47.03
9948.487 46.89
10093.191 46.90
10240 47.07
10388.944 47.42
10540.055 47.99
10693.363 48.84
10848.902 50.06
11006.703 51.72
11166.799 53.69
11329.224 55.53
11494.012 56.50
11661.195 56.10
11830.812 54.39
12002.895 51.95
12177.48 49.49
12354.606 47.45
12534.309 45.93
12716.624 44.84
12901.592 44.02
13089.25 43.30
13279.637 42.65
13472.794 42.26
13668.76 42.25
13867.577 42.49
14069.285 42.94
14273.928 43.73
14481.547 44.99
14692.186 46.58
14905.889 47.96
15122.7 48.45
15342.664 47.64
15565.829 45.71
15792.239 43.34
16021.942 41.17
16254.986 39.58
16491.422 38.63
16731.295 38.33
16974.656 38.56
17221.559 38.84
17472.053 38.37
17726.189 36.40
17984.021 32.77
18245.605 28.83
18510.994 28.31
18780.242 29.33
19053.408 29.07
19330.547 27.77
19611.715 26.50
19896.975 25.90
