20.299999	102.265
20.600000	102.265
20.900000	102.267
21.200001	102.272
21.400000	102.279
21.799999	102.300
22.000000	102.314
22.400000	102.342
22.700001	102.359
23.000000	102.369
23.299999	102.373
23.600000	102.371
24.000000	102.368
24.299999	102.368
24.700001	102.368
25.000000	102.366
25.400000	102.359
25.799999	102.350
26.200001	102.345
26.500000	102.347
26.900000	102.358
27.200001	102.365
27.600000	102.368
28.000000	102.358
28.500000	102.332
29.000000	102.304
29.500000	102.290
30.000000	102.287
30.400000	102.289
30.700001	102.293
31.100000	102.299
31.500000	102.311
32.000000	102.331
32.500000	102.349
33.000000	102.359
33.500000	102.358
34.000000	102.347
34.500000	102.335
35.000000	102.326
35.500000	102.318
36.000000	102.309
36.500000	102.297
37.000000	102.279
37.500000	102.257
38.200001	102.219
38.700001	102.191
39.500000	102.153
40.000000	102.137
40.599998	102.124
41.200001	102.115
41.799999	102.104
42.500000	102.093
43.099998	102.084
43.700001	102.076
44.400002	102.060
45.000000	102.040
45.500000	102.022
46.200001	102.002
46.799999	101.994
47.500000	101.989
48.200001	101.980
48.700001	101.971
49.400002	101.952
50.000000	101.927
50.799999	101.877
51.500000	101.835
52.200001	101.808
53.000000	101.779
53.799999	101.738
54.500000	101.701
55.200001	101.672
56.000000	101.644
57.000000	101.604
58.000000	101.561
59.000000	101.521
60.000000	101.489
60.799999	101.468
61.500000	101.449
62.200001	101.425
63.000000	101.395
64.000000	101.356
65.000000	101.317
66.000000	101.279
67.000000	101.248
68.000000	101.237
69.000000	101.241
70.000000	101.237
71.000000	101.205
72.000000	101.159
73.000000	101.124
74.000000	101.130
75.000000	101.149
76.199997	101.076
77.500000	100.893
78.800003	100.745
80.000000	100.664
81.199997	100.604
82.500000	100.543
83.800003	100.483
85.000000	100.424
86.199997	100.362
87.500000	100.300
88.500000	100.255
90.000000	100.183
91.199997	100.122
92.500000	100.060
93.800003	100.001
95.000000	99.942
96.199997	99.876
97.500000	99.799
98.800003	99.724
100.000000	99.663
101.500000	99.599
103.000000	99.536
104.400002	99.485
106.000000	99.433
107.500000	99.374
109.000000	99.306
110.599998	99.242
112.000000	99.189
113.800003	99.098
115.000000	99.025
117.199997	98.906
118.000000	98.873
120.599998	98.772
122.000000	98.714
124.099998	98.617
125.000000	98.580
126.500000	98.528
128.000000	98.474
131.500000	98.329
132.000000	98.310
134.000000	98.234
136.000000	98.159
138.000000	98.081
140.000000	98.001
143.000000	97.903
145.000000	97.864
147.500000	97.811
150.000000	97.740
152.500000	97.700
155.000000	97.621
157.500000	97.464
160.000000	97.233
162.500000	97.028
165.000000	96.968
167.500000	96.995
170.000000	97.001
172.500000	96.982
175.000000	96.952
177.500000	96.901
180.000000	96.830
182.500000	96.741
185.000000	96.632
187.500000	96.520
190.000000	96.459
192.500000	96.469
195.000000	96.504
197.500000	96.518
200.000000	96.514
203.000000	96.512
206.000000	96.514
209.000000	96.489
212.000000	96.396
214.000000	96.306
218.000000	96.133
220.000000	96.087
224.000000	96.108
227.000000	96.166
230.000000	96.181
233.000000	96.133
236.000000	96.050
240.000000	95.957
243.000000	95.925
247.000000	95.917
250.000000	95.917
254.000000	95.937
258.000000	95.978
262.000000	96.004
265.000000	96.004
269.000000	95.988
272.000000	95.978
276.000000	95.976
280.000000	95.991
285.000000	96.030
290.000000	96.089
295.000000	96.196
300.000000	96.317
304.000000	96.327
307.000000	96.292
311.000000	96.221
315.000000	96.148
320.000000	96.094
325.000000	96.084
330.000000	96.090
335.000000	96.097
340.000000	96.106
345.000000	96.114
350.000000	96.122
355.000000	96.130
360.000000	96.136
365.000000	96.141
370.000000	96.143
375.000000	96.147
382.000000	96.154
387.000000	96.160
395.000000	96.175
400.000000	96.188
406.000000	96.200
412.000000	96.203
418.000000	96.195
425.000000	96.183
431.000000	96.189
437.000000	96.202
444.000000	96.213
450.000000	96.221
455.000000	96.231
462.000000	96.246
468.000000	96.260
475.000000	96.273
482.000000	96.281
487.000000	96.283
494.000000	96.284
500.000000	96.285
508.000000	96.292
515.000000	96.297
522.000000	96.301
530.000000	96.297
538.000000	96.288
545.000000	96.280
552.000000	96.274
560.000000	96.269
570.000000	96.264
580.000000	96.261
590.000000	96.252
600.000000	96.239
608.000000	96.230
615.000000	96.221
622.000000	96.214
630.000000	96.204
640.000000	96.190
650.000000	96.178
660.000000	96.167
670.000000	96.157
680.000000	96.148
690.000000	96.139
700.000000	96.133
710.000000	96.129
720.000000	96.128
730.000000	96.132
740.000000	96.139
750.000000	96.150
762.000000	96.165
775.000000	96.183
788.000000	96.200
800.000000	96.216
812.000000	96.233
825.000000	96.251
838.000000	96.269
850.000000	96.292
862.000000	96.320
875.000000	96.354
885.000000	96.382
900.000000	96.423
912.000000	96.459
925.000000	96.500
938.000000	96.545
950.000000	96.587
962.000000	96.628
975.000000	96.675
988.000000	96.727
1000.000000	96.777
1015.000000	96.841
1030.000000	96.908
1044.000000	96.971
1060.000000	97.042
1075.000000	97.108
1090.000000	97.172
1106.000000	97.239
1120.000000	97.297
1138.000000	97.370
1150.000000	97.418
1172.000000	97.505
1180.000000	97.536
1206.000000	97.632
1220.000000	97.681
1241.000000	97.755
1250.000000	97.786
1265.000000	97.838
1280.000000	97.890
1315.000000	98.014
1320.000000	98.032
1340.000000	98.105
1360.000000	98.177
1380.000000	98.251
1400.000000	98.327
1430.000000	98.441
1450.000000	98.517
1475.000000	98.614
1500.000000	98.711
1525.000000	98.810
1550.000000	98.910
1575.000000	99.013
1600.000000	99.118
1625.000000	99.227
1650.000000	99.338
1675.000000	99.451
1700.000000	99.567
1725.000000	99.686
1750.000000	99.810
1775.000000	99.938
1800.000000	100.070
1825.000000	100.206
1850.000000	100.344
1875.000000	100.487
1900.000000	100.635
1925.000000	100.786
1950.000000	100.943
1975.000000	101.105
2000.000000	101.270
2030.000000	101.472
2060.000000	101.676
2090.000000	101.880
2120.000000	102.083
2140.000000	102.216
2180.000000	102.475
2200.000000	102.599
2240.000000	102.836
2270.000000	103.002
2300.000000	103.157
2330.000000	103.298
2360.000000	103.424
2400.000000	103.572
2430.000000	103.674
2470.000000	103.803
2500.000000	103.892
2540.000000	103.996
2580.000000	104.088
2620.000000	104.166
2650.000000	104.218
2690.000000	104.276
2720.000000	104.313
2760.000000	104.351
2800.000000	104.376
2850.000000	104.399
2900.000000	104.422
2950.000000	104.436
3000.000000	104.433
3040.000000	104.419
3070.000000	104.406
3110.000000	104.380
3150.000000	104.348
3200.000000	104.299
3250.000000	104.244
3300.000000	104.183
3350.000000	104.118
3400.000000	104.047
3450.000000	103.975
3500.000000	103.898
3550.000000	103.820
3600.000000	103.739
3650.000000	103.657
3700.000000	103.574
3750.000000	103.489
3820.000000	103.372
3870.000000	103.288
3950.000000	103.154
4000.000000	103.072
4060.000000	102.975
4120.000000	102.879
4180.000000	102.786
4250.000000	102.679
4310.000000	102.590
4370.000000	102.500
4440.000000	102.398
4500.000000	102.312
4550.000000	102.242
4620.000000	102.144
4680.000000	102.063
4750.000000	101.970
4820.000000	101.879
4870.000000	101.817
4940.000000	101.731
5000.000000	101.656
5080.000000	101.553
5150.000000	101.459
5220.000000	101.364
5300.000000	101.260
5380.000000	101.165
5450.000000	101.088
5520.000000	101.016
5600.000000	100.939
5700.000000	100.852
5800.000000	100.779
5900.000000	100.725
6000.000000	100.689
6080.000000	100.676
6150.000000	100.676
6220.000000	100.687
6300.000000	100.712
6400.000000	100.757
6500.000000	100.813
6600.000000	100.873
6700.000000	100.929
6800.000000	100.983
6900.000000	101.036
7000.000000	101.095
7100.000000	101.175
7200.000000	101.294
7300.000000	101.469
7400.000000	101.709
7500.000000	102.013
7620.000000	102.440
7750.000000	102.922
7880.000000	103.328
8000.000000	103.535
8120.000000	103.504
8250.000000	103.147
8380.000000	102.459
8500.000000	101.579
8620.000000	100.531
8750.000000	99.290
8850.000000	98.304
9000.000000	96.844
9120.000000	95.730
9250.000000	94.620
9380.000000	93.654
9500.000000	92.940
9620.000000	92.430
9750.000000	92.113
9880.000000	91.982
10000.000000	91.942
10150.000000	91.895
10300.000000	91.791
10440.000000	91.632
10600.000000	91.397
10750.000000	91.158
10900.000000	90.926
11060.000000	90.707
11200.000000	90.551
11380.000000	90.408
11500.000000	90.352
11720.000000	90.328
11800.000000	90.344
12060.000000	90.486
12200.000000	90.614
12410.000000	90.873
12500.000000	91.007
12650.000000	91.267
12800.000000	91.569
13150.000000	92.454
13200.000000	92.605
13400.000000	93.276
13600.000000	94.074
13800.000000	95.016
14000.000000	96.101
14300.000000	97.915
14500.000000	99.102
14750.000000	100.291
15000.000000	100.857
15250.000000	100.638
15500.000000	99.715
15750.000000	98.343
16000.000000	96.814
16250.000000	95.368
16500.000000	94.144
16750.000000	93.166
17000.000000	92.320
17250.000000	91.388
17500.000000	90.233
17750.000000	89.047
18000.000000	88.177
18250.000000	87.677
18500.000000	87.397
18750.000000	87.210
19000.000000	87.055
19250.000000	86.906
19500.000000	86.765
19750.000000	86.645
20000.000000	86.576
