20.299999	100.725
20.600000	100.742
20.900000	100.766
21.200001	100.791
21.400000	100.809
21.799999	100.844
22.000000	100.859
22.400000	100.881
22.700001	100.882
23.000000	100.859
23.299999	100.806
23.600000	100.725
24.000000	100.598
24.299999	100.520
24.700001	100.476
25.000000	100.493
25.400000	100.556
25.799999	100.617
26.200001	100.635
26.500000	100.618
26.900000	100.579
27.200001	100.554
27.600000	100.543
28.000000	100.550
28.500000	100.555
29.000000	100.528
29.500000	100.476
30.000000	100.415
30.400000	100.358
30.700001	100.308
31.100000	100.231
31.500000	100.151
32.000000	100.073
32.500000	100.031
33.000000	100.011
33.500000	99.991
34.000000	99.969
34.500000	99.954
35.000000	99.953
35.500000	99.956
36.000000	99.944
36.500000	99.912
37.000000	99.871
37.500000	99.831
38.200001	99.793
38.700001	99.781
39.500000	99.760
40.000000	99.728
40.599998	99.666
41.200001	99.600
41.799999	99.552
42.500000	99.511
43.099998	99.468
43.700001	99.422
44.400002	99.389
45.000000	99.374
45.500000	99.355
46.200001	99.300
46.799999	99.234
47.500000	99.160
48.200001	99.103
48.700001	99.075
49.400002	99.046
50.000000	99.020
50.799999	98.969
51.500000	98.913
52.200001	98.861
53.000000	98.807
53.799999	98.752
54.500000	98.706
55.200001	98.666
56.000000	98.625
57.000000	98.583
58.000000	98.549
59.000000	98.506
60.000000	98.459
60.799999	98.415
61.500000	98.362
62.200001	98.302
63.000000	98.237
64.000000	98.165
65.000000	98.096
66.000000	98.030
67.000000	97.968
68.000000	97.901
69.000000	97.822
70.000000	97.725
71.000000	97.629
72.000000	97.561
73.000000	97.529
74.000000	97.507
75.000000	97.477
76.199997	97.431
77.500000	97.375
78.800003	97.314
80.000000	97.252
81.199997	97.186
82.500000	97.114
83.800003	97.046
85.000000	96.982
86.199997	96.918
87.500000	96.845
88.500000	96.788
90.000000	96.708
91.199997	96.648
92.500000	96.594
93.800003	96.549
95.000000	96.498
96.199997	96.435
97.500000	96.357
98.800003	96.278
100.000000	96.218
101.500000	96.164
103.000000	96.108
104.400002	96.055
106.000000	95.994
107.500000	95.927
109.000000	95.849
110.599998	95.763
112.000000	95.696
113.800003	95.631
115.000000	95.597
117.199997	95.529
118.000000	95.495
120.599998	95.374
122.000000	95.310
124.099998	95.234
125.000000	95.207
126.500000	95.159
128.000000	95.101
131.500000	94.936
132.000000	94.912
134.000000	94.819
136.000000	94.730
138.000000	94.646
140.000000	94.577
143.000000	94.504
145.000000	94.474
147.500000	94.443
150.000000	94.402
152.500000	94.350
155.000000	94.288
157.500000	94.220
160.000000	94.155
162.500000	94.108
165.000000	94.071
167.500000	94.028
170.000000	93.977
172.500000	93.918
175.000000	93.852
177.500000	93.786
180.000000	93.724
182.500000	93.664
185.000000	93.608
187.500000	93.554
190.000000	93.500
192.500000	93.444
195.000000	93.384
197.500000	93.325
200.000000	93.268
203.000000	93.206
206.000000	93.149
209.000000	93.099
212.000000	93.049
214.000000	93.016
218.000000	92.942
220.000000	92.903
224.000000	92.829
227.000000	92.779
230.000000	92.732
233.000000	92.690
236.000000	92.648
240.000000	92.585
243.000000	92.532
247.000000	92.463
250.000000	92.421
254.000000	92.370
258.000000	92.319
262.000000	92.266
265.000000	92.228
269.000000	92.183
272.000000	92.152
276.000000	92.112
280.000000	92.069
285.000000	92.006
290.000000	91.936
295.000000	91.870
300.000000	91.816
304.000000	91.781
307.000000	91.755
311.000000	91.720
315.000000	91.686
320.000000	91.645
325.000000	91.603
330.000000	91.560
335.000000	91.516
340.000000	91.472
345.000000	91.433
350.000000	91.396
355.000000	91.366
360.000000	91.340
365.000000	91.316
370.000000	91.292
375.000000	91.268
382.000000	91.230
387.000000	91.201
395.000000	91.154
400.000000	91.127
406.000000	91.099
412.000000	91.068
418.000000	91.036
425.000000	91.002
431.000000	90.978
437.000000	90.960
444.000000	90.941
450.000000	90.921
455.000000	90.904
462.000000	90.877
468.000000	90.855
475.000000	90.830
482.000000	90.811
487.000000	90.799
494.000000	90.784
500.000000	90.769
508.000000	90.751
515.000000	90.738
522.000000	90.727
530.000000	90.718
538.000000	90.709
545.000000	90.702
552.000000	90.698
560.000000	90.694
570.000000	90.692
580.000000	90.693
590.000000	90.698
600.000000	90.709
608.000000	90.721
615.000000	90.731
622.000000	90.733
630.000000	90.717
640.000000	90.657
650.000000	90.570
660.000000	90.513
670.000000	90.515
680.000000	90.553
690.000000	90.599
700.000000	90.642
710.000000	90.685
720.000000	90.727
730.000000	90.764
740.000000	90.794
750.000000	90.814
762.000000	90.816
775.000000	90.800
788.000000	90.784
800.000000	90.783
812.000000	90.802
825.000000	90.841
838.000000	90.893
850.000000	90.949
862.000000	91.009
875.000000	91.078
885.000000	91.134
900.000000	91.223
912.000000	91.298
925.000000	91.382
938.000000	91.470
950.000000	91.554
962.000000	91.642
975.000000	91.739
988.000000	91.841
1000.000000	91.939
1015.000000	92.063
1030.000000	92.190
1044.000000	92.310
1060.000000	92.447
1075.000000	92.576
1090.000000	92.702
1106.000000	92.834
1120.000000	92.950
1138.000000	93.094
1150.000000	93.191
1172.000000	93.367
1180.000000	93.430
1206.000000	93.635
1220.000000	93.742
1241.000000	93.899
1250.000000	93.965
1265.000000	94.075
1280.000000	94.183
1315.000000	94.427
1320.000000	94.461
1340.000000	94.595
1360.000000	94.725
1380.000000	94.852
1400.000000	94.980
1430.000000	95.170
1450.000000	95.296
1475.000000	95.452
1500.000000	95.607
1525.000000	95.761
1550.000000	95.915
1575.000000	96.069
1600.000000	96.224
1625.000000	96.380
1650.000000	96.536
1675.000000	96.693
1700.000000	96.851
1725.000000	97.007
1750.000000	97.163
1775.000000	97.320
1800.000000	97.477
1825.000000	97.636
1850.000000	97.793
1875.000000	97.950
1900.000000	98.106
1925.000000	98.262
1950.000000	98.418
1975.000000	98.572
2000.000000	98.724
2030.000000	98.902
2060.000000	99.075
2090.000000	99.243
2120.000000	99.405
2140.000000	99.510
2180.000000	99.708
2200.000000	99.802
2240.000000	99.975
2270.000000	100.090
2300.000000	100.195
2330.000000	100.286
2360.000000	100.364
2400.000000	100.445
2430.000000	100.489
2470.000000	100.528
2500.000000	100.539
2540.000000	100.534
2580.000000	100.505
2620.000000	100.456
2650.000000	100.406
2690.000000	100.326
2720.000000	100.255
2760.000000	100.149
2800.000000	100.028
2850.000000	99.858
2900.000000	99.675
2950.000000	99.480
3000.000000	99.275
3040.000000	99.107
3070.000000	98.981
3110.000000	98.817
3150.000000	98.659
3200.000000	98.478
3250.000000	98.310
3300.000000	98.144
3350.000000	97.972
3400.000000	97.793
3450.000000	97.614
3500.000000	97.445
3550.000000	97.286
3600.000000	97.135
3650.000000	96.989
3700.000000	96.850
3750.000000	96.717
3820.000000	96.541
3870.000000	96.423
3950.000000	96.249
4000.000000	96.146
4060.000000	96.024
4120.000000	95.904
4180.000000	95.787
4250.000000	95.656
4310.000000	95.562
4370.000000	95.494
4440.000000	95.435
4500.000000	95.385
4550.000000	95.337
4620.000000	95.267
4680.000000	95.213
4750.000000	95.159
4820.000000	95.117
4870.000000	95.091
4940.000000	95.059
5000.000000	95.033
5080.000000	94.995
5150.000000	94.958
5220.000000	94.915
5300.000000	94.854
5380.000000	94.778
5450.000000	94.700
5520.000000	94.610
5600.000000	94.498
5700.000000	94.351
5800.000000	94.212
5900.000000	94.096
6000.000000	94.012
6080.000000	93.972
6150.000000	93.956
6220.000000	93.954
6300.000000	93.971
6400.000000	94.015
6500.000000	94.087
6600.000000	94.201
6700.000000	94.382
6800.000000	94.659
6900.000000	95.044
7000.000000	95.541
7100.000000	96.147
7200.000000	96.858
7300.000000	97.666
7400.000000	98.552
7500.000000	99.479
7620.000000	100.572
7750.000000	101.602
7880.000000	102.310
8000.000000	102.573
8120.000000	102.436
8250.000000	101.909
8380.000000	101.126
8500.000000	100.312
8620.000000	99.516
8750.000000	98.744
8850.000000	98.242
9000.000000	97.645
9120.000000	97.290
9250.000000	96.992
9380.000000	96.739
9500.000000	96.495
9620.000000	96.193
9750.000000	95.755
9880.000000	95.162
10000.000000	94.468
10150.000000	93.409
10300.000000	92.180
10440.000000	90.935
10600.000000	89.474
10750.000000	88.156
10900.000000	87.017
11060.000000	86.159
11200.000000	85.738
11380.000000	85.464
11500.000000	85.334
11720.000000	85.040
11800.000000	84.900
12060.000000	84.361
12200.000000	84.073
12410.000000	83.744
12500.000000	83.662
12650.000000	83.631
12800.000000	83.757
13150.000000	84.791
13200.000000	85.031
13400.000000	86.206
13600.000000	87.590
13800.000000	88.897
14000.000000	89.776
14300.000000	89.684
14500.000000	88.609
14750.000000	86.465
15000.000000	83.963
15250.000000	81.585
15500.000000	79.623
15750.000000	78.143
16000.000000	77.042
16250.000000	76.125
16500.000000	75.183
16750.000000	74.045
17000.000000	72.630
17250.000000	70.955
17500.000000	69.105
17750.000000	67.194
18000.000000	65.349
18250.000000	63.689
18500.000000	62.296
18750.000000	61.194
19000.000000	60.346
19250.000000	59.676
19500.000000	59.130
19750.000000	58.702
20000.000000	58.457
