20 88.81
20.299999 88.91
20.6 89.01
20.9 89.09
21.200001 89.18
21.4 89.24
21.799999 89.36
22 89.42
22.4 89.54
22.700001 89.63
23 89.71
23.299999 89.80
23.6 89.88
24 90.00
24.299999 90.08
24.700001 90.19
25 90.27
25.4 90.38
25.799999 90.48
26.200001 90.59
26.5 90.66
26.9 90.75
27.200001 90.81
27.6 90.89
28 90.96
28.5 91.06
29 91.15
29.5 91.24
30 91.34
30.4 91.42
30.700001 91.47
31.1 91.55
31.5 91.63
32 91.71
32.5 91.80
33 91.89
33.5 91.98
34 92.06
34.5 92.13
35 92.20
35.5 92.28
36 92.37
36.5 92.45
37 92.51
37.5 92.57
38.200001 92.65
38.700001 92.71
39.5 92.81
40 92.86
40.599998 92.93
41.200001 93.00
41.799999 93.06
42.5 93.14
43.099998 93.20
43.700001 93.27
44.400002 93.33
45 93.39
45.5 93.44
46.200001 93.51
46.799999 93.57
47.5 93.64
48.200001 93.70
48.700001 93.74
49.400002 93.82
50 93.89
50.799999 93.96
51.5 94.00
52.200001 94.04
53 94.10
53.799999 94.16
54.5 94.21
55.200001 94.26
56 94.31
57 94.37
58 94.43
59 94.48
60 94.53
60.799999 94.57
61.5 94.60
62.200001 94.63
63 94.67
64 94.71
65 94.76
66 94.80
67 94.84
68 94.88
69 94.91
70 94.95
71 94.98
72 95.02
73 95.06
74 95.08
75 95.11
76.199997 95.15
77.5 95.19
78.800003 95.22
80 95.24
81.199997 95.27
82.5 95.30
83.800003 95.32
85 95.35
86.199997 95.37
87.5 95.39
88.5 95.41
90 95.44
91.199997 95.46
92.5 95.49
93.800003 95.52
95 95.53
96.199997 95.55
97.5 95.58
98.800003 95.60
100 95.61
101.5 95.62
103 95.64
104.400002 95.66
106 95.66
107.5 95.67
109 95.69
110.599998 95.69
112 95.68
113.800003 95.68
115 95.69
117.199997 95.69
118 95.69
120.599998 95.69
122 95.68
124.099998 95.68
125 95.68
126.5 95.67
128 95.66
131.5 95.64
132 95.64
134 95.63
136 95.62
138 95.61
140 95.60
143 95.57
145 95.55
147.5 95.53
150 95.51
152.5 95.47
155 95.43
157.5 95.38
160 95.35
162.5 95.30
165 95.25
167.5 95.21
170 95.18
172.5 95.16
175 95.13
177.5 95.10
180 95.10
182.5 95.11
185 95.15
187.5 95.21
190 95.28
192.5 95.34
195 95.39
197.5 95.43
200 95.46
203 95.48
206 95.49
209 95.49
212 95.50
214 95.50
218 95.50
220 95.49
224 95.47
227 95.45
230 95.42
233 95.38
236 95.34
240 95.29
243 95.25
247 95.18
250 95.14
254 95.08
258 95.03
262 94.97
265 94.94
269 94.90
272 94.86
276 94.81
280 94.76
285 94.70
290 94.65
295 94.60
300 94.55
304 94.50
307 94.47
311 94.42
315 94.38
320 94.32
325 94.27
330 94.20
335 94.14
340 94.09
345 94.03
350 93.97
355 93.91
360 93.85
365 93.80
370 93.74
375 93.68
382 93.62
387 93.58
395 93.53
400 93.49
406 93.45
412 93.39
418 93.34
425 93.29
431 93.24
437 93.20
444 93.14
450 93.10
455 93.07
462 93.02
468 92.99
475 92.94
482 92.89
487 92.86
494 92.81
500 92.77
508 92.71
515 92.65
522 92.60
530 92.56
538 92.50
545 92.45
552 92.41
560 92.36
570 92.31
580 92.27
590 92.22
600 92.17
608 92.13
615 92.09
622 92.06
630 92.02
640 91.97
650 91.93
660 91.89
670 91.86
680 91.83
690 91.81
700 91.80
710 91.78
720 91.76
730 91.74
740 91.72
750 91.72
762 91.72
775 91.71
788 91.71
800 91.72
812 91.73
825 91.74
838 91.75
850 91.78
862 91.80
875 91.83
885 91.86
900 91.90
912 91.95
925 91.99
938 92.05
950 92.10
962 92.15
975 92.20
988 92.27
1000 92.34
1015 92.42
1030 92.50
1044 92.56
1060 92.63
1075 92.70
1090 92.78
1106 92.87
1120 92.94
1138 93.04
1150 93.11
1172 93.24
1180 93.28
1206 93.40
1220 93.48
1241 93.61
1250 93.67
1265 93.75
1280 93.83
1315 94.05
1320 94.08
1340 94.17
1360 94.26
1380 94.34
1400 94.42
1430 94.56
1450 94.65
1475 94.76
1500 94.87
1525 95.00
1550 95.13
1575 95.28
1600 95.42
1625 95.58
1650 95.73
1675 95.89
1700 96.07
1725 96.25
1750 96.43
1775 96.61
1800 96.79
1825 96.96
1850 97.13
1875 97.32
1900 97.50
1925 97.66
1950 97.82
1975 98.00
2000 98.18
2030 98.38
2060 98.56
2090 98.74
2120 98.92
2140 99.03
2180 99.23
2200 99.33
2240 99.51
2270 99.65
2300 99.77
2330 99.87
2360 99.95
2400 100.04
2430 100.09
2470 100.11
2500 100.11
2540 100.09
2580 100.05
2620 99.99
2650 99.93
2690 99.81
2720 99.72
2760 99.59
2800 99.45
2850 99.25
2900 99.03
2950 98.80
3000 98.57
3040 98.38
3070 98.25
3110 98.07
3150 97.90
3200 97.69
3250 97.48
3300 97.29
3350 97.10
3400 96.93
3450 96.77
3500 96.62
3550 96.51
3600 96.42
3650 96.33
3700 96.25
3750 96.19
3820 96.12
3870 96.07
3950 96.00
4000 95.98
4060 95.99
4120 96.00
4180 96.02
4250 96.06
4310 96.13
4370 96.19
4440 96.30
4500 96.41
4550 96.51
4620 96.67
4680 96.84
4750 97.06
4820 97.29
4870 97.47
4940 97.76
5000 98.01
5080 98.37
5150 98.69
5220 99.02
5300 99.38
5380 99.71
5450 99.96
5520 100.16
5600 100.32
5700 100.37
5800 100.27
5900 100.00
6000 99.61
6080 99.23
6150 98.86
6220 98.47
6300 98.01
6400 97.44
6500 96.87
6600 96.40
6700 96.09
6800 95.84
6900 95.68
7000 95.53
7100 95.39
7200 95.31
7300 95.32
7400 95.39
7500 95.53
7620 95.87
7750 96.38
7880 96.84
8000 97.21
8120 97.47
8250 97.56
8380 97.33
8500 96.78
8620 95.95
8750 94.83
8850 93.86
9000 92.33
9120 91.11
9250 89.84
9380 88.64
9500 87.62
9620 86.68
9750 85.75
9880 84.90
10000 84.20
10150 83.42
10300 82.71
10440 82.07
10600 81.39
10750 80.82
10900 80.33
11060 79.88
11200 79.56
11380 79.20
11500 79.00
11720 78.72
11800 78.64
12060 78.45
12200 78.39
12410 78.39
12500 78.42
12650 78.52
12800 78.66
13150 79.26
13200 79.38
13400 79.96
13600 80.72
13800 81.69
14000 82.89
14300 85.07
14500 86.49
14750 87.48
15000 87.12
15250 85.70
15500 83.87
15750 82.03
16000 80.37
16250 78.99
16500 77.94
16750 77.19
17000 76.71
17250 76.46
17500 76.44
17750 76.66
18000 77.06
18250 77.56
18500 78.02
18750 78.30
19000 78.31
19250 77.97
19500 77.33
19750 76.49
20000 75.59
