20.000000	106.646
20.290907	106.719
20.586045	106.793
20.885476	106.868
21.189262	106.945
21.497467	107.018
21.810155	107.088
22.127391	107.149
22.449241	107.205
22.775773	107.254
23.107054	107.299
23.443154	107.345
23.784142	107.391
24.130091	107.439
24.481071	107.485
24.837156	107.529
25.198421	107.569
25.564940	107.606
25.936791	107.640
26.314050	107.674
26.696797	107.707
27.085111	107.739
27.479073	107.770
27.878765	107.799
28.284271	107.826
28.695675	107.854
29.113064	107.881
29.536523	107.908
29.966142	107.935
30.402009	107.958
30.844217	107.979
31.292856	107.998
31.748021	108.015
32.209807	108.030
32.678309	108.043
33.153626	108.051
33.635857	108.058
34.125101	108.064
34.621462	108.073
35.125043	108.084
35.635949	108.093
36.154286	108.097
36.680162	108.096
37.213687	108.094
37.754973	108.092
38.304131	108.091
38.861278	108.088
39.426528	108.083
40.000000	108.078
40.581813	108.072
41.172089	108.065
41.770951	108.057
42.378524	108.049
42.994934	108.038
43.620309	108.025
44.254781	108.011
44.898482	107.996
45.551545	107.978
46.214108	107.954
46.886308	107.927
47.568285	107.900
48.260181	107.875
48.962142	107.851
49.674312	107.828
50.396842	107.805
51.129881	107.780
51.873582	107.755
52.628101	107.727
53.393594	107.691
54.170222	107.642
54.958146	107.590
55.757531	107.553
56.568542	107.525
57.391351	107.498
58.226127	107.465
59.073046	107.425
59.932283	107.379
60.804018	107.334
61.688433	107.294
62.585712	107.255
63.496042	107.215
64.419613	107.171
65.356618	107.122
66.307252	107.071
67.271713	107.020
68.250203	106.968
69.242925	106.917
70.250086	106.865
71.271897	106.812
72.308571	106.757
73.360323	106.701
74.427374	106.646
75.509945	106.589
76.608262	106.531
77.722555	106.472
78.853056	106.411
80.000000	106.348
81.163627	106.285
82.344179	106.221
83.541903	106.159
84.757048	106.095
85.989867	106.029
87.240619	105.964
88.509563	105.899
89.796964	105.832
91.103091	105.763
92.428216	105.691
93.772615	105.618
95.136569	105.547
96.520362	105.475
97.924283	105.404
99.348625	105.334
100.793684	105.259
102.259762	105.182
103.747164	105.104
105.256202	105.026
106.787188	104.947
108.340444	104.867
109.916292	104.789
111.515061	104.712
113.137085	104.633
114.782702	104.553
116.452255	104.472
118.146092	104.391
119.864566	104.312
121.608036	104.230
123.376866	104.144
125.171424	104.056
126.992084	103.966
128.839227	103.876
130.713236	103.787
132.614504	103.696
134.543426	103.603
136.500406	103.508
138.485850	103.411
140.500173	103.314
142.543795	103.215
144.617142	103.118
146.720647	103.030
148.854748	102.958
151.019890	102.900
153.216525	102.851
155.445111	102.800
157.706112	102.738
160.000000	102.666
162.327254	102.582
164.688358	102.491
167.083805	102.396
169.514095	102.300
171.979734	102.203
174.481237	102.104
177.019125	102.005
179.593928	101.904
182.206182	101.803
184.856431	101.703
187.545230	101.604
190.273138	101.504
193.040725	101.405
195.848567	101.309
198.697250	101.217
201.587368	101.127
204.519524	101.037
207.494329	100.946
210.512403	100.850
213.574377	100.755
216.680888	100.679
219.832584	100.617
223.030122	100.573
226.274170	100.527
229.565404	100.469
232.904509	100.393
236.292183	100.304
239.729132	100.208
243.216073	100.110
246.753732	100.011
250.342848	99.914
253.984168	99.815
257.678453	99.718
261.426473	99.620
265.229008	99.525
269.086853	99.432
273.000811	99.344
276.971700	99.255
281.000346	99.163
285.087590	99.068
289.234284	98.973
293.441294	98.879
297.709496	98.784
302.039780	98.690
306.433050	98.599
310.890221	98.513
315.412224	98.432
320.000000	98.352
324.654507	98.276
329.376716	98.201
334.167610	98.123
339.028190	98.041
343.959469	97.954
348.962474	97.866
354.038251	97.778
359.187855	97.691
364.412363	97.604
369.712863	97.519
375.090460	97.436
380.546277	97.353
386.081450	97.271
391.697134	97.189
397.394500	97.108
403.174736	97.029
409.039048	96.950
414.988657	96.873
421.024807	96.795
427.148753	96.715
433.361775	96.633
439.665167	96.550
446.060244	96.470
452.548340	96.396
459.130807	96.329
465.809019	96.266
472.584367	96.209
479.458265	96.155
486.432146	96.105
493.507464	96.056
500.685695	96.004
507.968337	95.945
515.356906	95.884
522.852945	95.824
530.458016	95.764
538.173706	95.705
546.001623	95.646
553.943399	95.590
562.000691	95.535
570.175180	95.481
578.468569	95.429
586.882588	95.376
595.418991	95.323
604.079560	95.274
612.866100	95.226
621.780442	95.180
630.824447	95.136
640.000000	95.093
649.309014	95.054
658.753431	95.019
668.335221	94.992
678.056380	94.968
687.918938	94.950
697.924949	94.933
708.076501	94.918
718.375711	94.902
728.824726	94.889
739.425726	94.880
750.180921	94.875
761.092554	94.875
772.162900	94.881
783.394268	94.892
794.789000	94.908
806.349472	94.930
818.078095	94.956
829.977315	94.984
842.049613	95.009
854.297507	95.025
866.723550	95.021
879.330334	94.994
892.120489	94.948
905.096680	94.907
918.261614	94.890
931.618037	94.906
945.168733	94.958
958.916529	95.037
972.864291	95.136
987.014928	95.242
1001.371391	95.356
1015.936673	95.472
1030.713812	95.591
1045.705890	95.711
1060.916032	95.832
1076.347412	95.956
1092.003245	96.080
1107.886798	96.205
1124.001383	96.331
1140.350359	96.456
1156.937137	96.583
1173.765175	96.710
1190.837983	96.837
1208.159120	96.964
1225.732199	97.089
1243.560885	97.214
1261.648894	97.337
1280.000000	97.461
1298.618029	97.583
1317.506863	97.706
1336.670442	97.829
1356.112761	97.951
1375.837875	98.073
1395.849898	98.195
1416.153002	98.317
1436.751422	98.441
1457.649452	98.566
1478.851452	98.692
1500.361842	98.820
1522.185107	98.951
1544.325799	99.084
1566.788535	99.220
1589.577999	99.359
1612.698944	99.501
1636.156190	99.647
1659.954630	99.797
1684.099226	99.952
1708.595013	100.111
1733.447100	100.273
1758.660669	100.440
1784.240977	100.610
1810.193360	100.785
1836.523229	100.964
1863.236074	101.147
1890.337467	101.334
1917.833058	101.526
1945.728583	101.720
1974.029857	101.918
2002.742782	102.118
2031.873347	102.318
2061.427625	102.519
2091.411780	102.718
2121.832065	102.917
2152.694823	103.112
2184.006490	103.305
2215.773596	103.490
2248.002765	103.669
2280.700718	103.837
2313.874274	103.995
2347.530351	104.140
2381.675966	104.268
2416.318240	104.382
2451.464399	104.476
2487.121769	104.553
2523.297789	104.607
2560.000000	104.643
2597.236057	104.658
2635.013726	104.654
2673.340883	104.629
2712.225522	104.587
2751.675750	104.527
2791.699796	104.453
2832.306004	104.366
2873.502844	104.270
2915.298905	104.167
2957.702904	104.060
3000.723683	103.951
3044.370214	103.844
3088.651599	103.739
3133.577071	103.636
3179.155999	103.537
3225.397888	103.441
3272.312380	103.350
3319.909260	103.267
3368.198452	103.193
3417.190027	103.128
3466.894200	103.073
3517.321337	103.031
3568.481954	103.001
3620.386720	102.983
3673.046457	102.980
3726.472148	102.993
3780.674934	103.023
3835.666117	103.068
3891.457165	103.135
3948.059713	103.215
4005.485564	103.321
4063.746693	103.446
4122.855250	103.594
4182.823560	103.766
4243.664130	103.962
4305.389646	104.180
4368.012981	104.422
4431.547192	104.691
4496.005531	104.981
4561.401437	105.294
4627.748549	105.623
4695.060701	105.966
4763.351932	106.313
4832.636481	106.654
4902.928797	106.969
4974.243539	107.247
5046.595577	107.456
5120.000000	107.591
5194.472115	107.626
5270.027452	107.548
5346.681766	107.361
5424.451043	107.073
5503.351500	106.691
5583.399591	106.237
5664.612008	105.735
5747.005687	105.213
5830.597810	104.685
5915.405808	104.167
6001.447367	103.672
6088.740429	103.220
6177.303198	102.815
6267.154142	102.476
6358.311998	102.215
6450.795775	102.019
6544.624761	101.869
6639.818520	101.753
6736.396904	101.676
6834.380053	101.652
6933.788400	101.696
7034.642675	101.819
7136.963909	102.012
7240.773439	102.261
7346.092914	102.552
7452.944296	102.884
7561.349867	103.262
7671.332234	103.679
7782.914330	104.123
7896.119426	104.577
8010.971128	105.009
8127.493386	105.380
8245.710500	105.643
8365.647121	105.746
8487.328260	105.671
8610.779292	105.400
8736.025961	104.930
8863.094385	104.295
8992.011061	103.523
9122.802874	102.660
9255.497097	101.743
9390.121402	100.817
9526.703863	99.913
9665.272962	99.049
9805.857594	98.235
9948.487077	97.475
10093.191154	96.778
10240.000000	96.137
10388.944230	95.557
10540.054903	95.046
10693.363532	94.600
10848.902086	94.231
11006.703001	93.948
11166.799182	93.756
11329.224017	93.668
11494.011375	93.648
11661.195620	93.721
11830.811616	93.847
12002.894734	94.040
12177.480858	94.255
12354.606395	94.453
12534.308283	94.578
12716.623996	94.539
12901.591551	94.218
13089.249521	93.744
13279.637040	93.041
13472.793808	92.135
13668.760107	91.157
13867.576801	90.221
14069.285350	89.430
14273.927818	88.775
14481.546879	88.297
14692.185828	88.023
14905.888592	87.983
15122.699734	88.213
15342.664467	88.708
15565.828661	89.432
15792.238852	90.350
16021.942256	91.418
16254.986772	92.555
16491.420999	93.612
16731.294241	94.402
16974.656520	94.769
17221.558584	94.629
17472.051922	94.008
17726.188769	93.027
17984.022122	91.841
18245.605748	90.567
18510.994194	89.267
18780.242805	87.931
19053.407727	86.529
19330.545924	85.059
19611.715189	83.648
19896.974155	83.017
20186.382308	83.017
