20.000000	114.076
20.290907	114.124
20.586045	114.155
20.885476	114.162
21.189262	114.149
21.497467	114.130
21.810155	114.112
22.127391	114.108
22.449241	114.112
22.775773	114.121
23.107054	114.124
23.443154	114.115
23.784142	114.096
24.130091	114.076
24.481071	114.066
24.837156	114.068
25.198421	114.082
25.564940	114.097
25.936791	114.103
26.314050	114.096
26.696797	114.076
27.085111	114.054
27.479073	114.037
27.878765	114.030
28.284271	114.035
28.695675	114.046
29.113064	114.061
29.536523	114.074
29.966142	114.086
30.402009	114.098
30.844217	114.105
31.292856	114.103
31.748021	114.085
32.209807	114.054
32.678309	114.017
33.153626	113.987
33.635857	113.972
34.125101	113.970
34.621462	113.976
35.125043	113.984
35.635949	113.994
36.154286	114.003
36.680162	114.005
37.213687	113.992
37.754973	113.968
38.304131	113.942
38.861278	113.925
39.426528	113.915
40.000000	113.906
40.581813	113.887
41.172089	113.854
41.770951	113.811
42.378524	113.769
42.994934	113.739
43.620309	113.723
44.254781	113.713
44.898482	113.697
45.551545	113.669
46.214108	113.634
46.886308	113.602
47.568285	113.574
48.260181	113.547
48.962142	113.524
49.674312	113.508
50.396842	113.497
51.129881	113.480
51.873582	113.453
52.628101	113.422
53.393594	113.388
54.170222	113.349
54.958146	113.310
55.757531	113.279
56.568542	113.250
57.391351	113.218
58.226127	113.185
59.073046	113.159
59.932283	113.129
60.804018	113.088
61.688433	113.043
62.585712	113.001
63.496042	112.959
64.419613	112.918
65.356618	112.878
66.307252	112.841
67.271713	112.804
68.250203	112.762
69.242925	112.715
70.250086	112.661
71.271897	112.605
72.308571	112.553
73.360323	112.508
74.427374	112.461
75.509945	112.411
76.608262	112.359
77.722555	112.306
78.853056	112.253
80.000000	112.199
81.163627	112.145
82.344179	112.088
83.541903	112.033
84.757048	111.978
85.989867	111.922
87.240619	111.867
88.509563	111.811
89.796964	111.760
91.103091	111.708
92.428216	111.649
93.772615	111.585
95.136569	111.525
96.520362	111.462
97.924283	111.391
99.348625	111.319
100.793684	111.247
102.259762	111.180
103.747164	111.118
105.256202	111.058
106.787188	110.994
108.340444	110.927
109.916292	110.857
111.515061	110.789
113.137085	110.730
114.782702	110.679
116.452255	110.631
118.146092	110.577
119.864566	110.508
121.608036	110.437
123.376866	110.369
125.171424	110.306
126.992084	110.250
128.839227	110.191
130.713236	110.123
132.614504	110.047
134.543426	109.965
136.500406	109.876
138.485850	109.784
140.500173	109.699
142.543795	109.626
144.617142	109.565
146.720647	109.504
148.854748	109.439
151.019890	109.370
153.216525	109.302
155.445111	109.238
157.706112	109.172
160.000000	109.090
162.327254	108.999
164.688358	108.914
167.083805	108.835
169.514095	108.758
171.979734	108.686
174.481237	108.624
177.019125	108.564
179.593928	108.499
182.206182	108.429
184.856431	108.355
187.545230	108.278
190.273138	108.197
193.040725	108.117
195.848567	108.043
198.697250	107.972
201.587368	107.902
204.519524	107.831
207.494329	107.759
210.512403	107.692
213.574377	107.632
216.680888	107.568
219.832584	107.495
223.030122	107.414
226.274170	107.334
229.565404	107.260
232.904509	107.190
236.292183	107.120
239.729132	107.048
243.216073	106.979
246.753732	106.919
250.342848	106.860
253.984168	106.795
257.678453	106.727
261.426473	106.657
265.229008	106.586
269.086853	106.516
273.000811	106.447
276.971700	106.379
281.000346	106.314
285.087590	106.251
289.234284	106.192
293.441294	106.134
297.709496	106.072
302.039780	106.009
306.433050	105.948
310.890221	105.889
315.412224	105.832
320.000000	105.772
324.654507	105.715
329.376716	105.657
334.167610	105.597
339.028190	105.539
343.959469	105.482
348.962474	105.426
354.038251	105.370
359.187855	105.315
364.412363	105.264
369.712863	105.214
375.090460	105.163
380.546277	105.112
386.081450	105.063
391.697134	105.016
397.394500	104.967
403.174736	104.919
409.039048	104.871
414.988657	104.823
421.024807	104.775
427.148753	104.727
433.361775	104.680
439.665167	104.634
446.060244	104.587
452.548340	104.542
459.130807	104.504
465.809019	104.467
472.584367	104.422
479.458265	104.370
486.432146	104.315
493.507464	104.270
500.685695	104.239
507.968337	104.223
515.356906	104.204
522.852945	104.177
530.458016	104.150
538.173706	104.127
546.001623	104.105
553.943399	104.077
562.000691	104.045
570.175180	104.014
578.468569	103.988
586.882588	103.962
595.418991	103.934
604.079560	103.906
612.866100	103.882
621.780442	103.863
630.824447	103.848
640.000000	103.831
649.309014	103.816
658.753431	103.804
668.335221	103.795
678.056380	103.787
687.918938	103.781
697.924949	103.780
708.076501	103.778
718.375711	103.778
728.824726	103.780
739.425726	103.781
750.180921	103.782
761.092554	103.782
772.162900	103.786
783.394268	103.797
794.789000	103.812
806.349472	103.831
818.078095	103.853
829.977315	103.879
842.049613	103.910
854.297507	103.948
866.723550	103.991
879.330334	104.036
892.120489	104.087
905.096680	104.144
918.261614	104.211
931.618037	104.287
945.168733	104.372
958.916529	104.468
972.864291	104.578
987.014928	104.701
1001.371391	104.840
1015.936673	104.994
1030.713812	105.164
1045.705890	105.353
1060.916032	105.559
1076.347412	105.780
1092.003245	106.014
1107.886798	106.257
1124.001383	106.504
1140.350359	106.750
1156.937137	106.986
1173.765175	107.216
1190.837983	107.421
1208.159120	107.620
1225.732199	107.795
1243.560885	107.956
1261.648894	108.100
1280.000000	108.233
1298.618029	108.352
1317.506863	108.472
1336.670442	108.579
1356.112761	108.683
1375.837875	108.786
1395.849898	108.887
1416.153002	108.988
1436.751422	109.090
1457.649452	109.194
1478.851452	109.300
1500.361842	109.409
1522.185107	109.521
1544.325799	109.635
1566.788535	109.751
1589.577999	109.872
1612.698944	109.995
1636.156190	110.122
1659.954630	110.253
1684.099226	110.389
1708.595013	110.529
1733.447100	110.674
1758.660669	110.824
1784.240977	110.979
1810.193360	111.139
1836.523229	111.304
1863.236074	111.474
1890.337467	111.649
1917.833058	111.829
1945.728583	112.013
1974.029857	112.200
2002.742782	112.388
2031.873347	112.574
2061.427625	112.755
2091.411780	112.919
2121.832065	113.056
2152.694823	113.138
2184.006490	113.178
2215.773596	113.111
2248.002765	112.972
2280.700718	112.724
2313.874274	112.398
2347.530351	112.038
2381.675966	111.710
2416.318240	111.447
2451.464399	111.303
2487.121769	111.247
2523.297789	111.281
2560.000000	111.359
2597.236057	111.458
2635.013726	111.560
2673.340883	111.648
2712.225522	111.722
2751.675750	111.774
2791.699796	111.805
2832.306004	111.813
2873.502844	111.805
2915.298905	111.779
2957.702904	111.737
3000.723683	111.683
3044.370214	111.618
3088.651599	111.546
3133.577071	111.468
3179.155999	111.387
3225.397888	111.305
3272.312380	111.229
3319.909260	111.161
3368.198452	111.103
3417.190027	111.053
3466.894200	111.002
3517.321337	110.941
3568.481954	110.862
3620.386720	110.766
3673.046457	110.659
3726.472148	110.548
3780.674934	110.444
3835.666117	110.349
3891.457165	110.271
3948.059713	110.202
4005.485564	110.147
4063.746693	110.098
4122.855250	110.044
4182.823560	109.975
4243.664130	109.883
4305.389646	109.772
4368.012981	109.667
4431.547192	109.619
4496.005531	109.662
4561.401437	109.816
4627.748549	110.043
4695.060701	110.312
4763.351932	110.594
4832.636481	110.876
4902.928797	111.153
4974.243539	111.428
5046.595577	111.698
5120.000000	111.968
5194.472115	112.239
5270.027452	112.523
5346.681766	112.833
5424.451043	113.181
5503.351500	113.578
5583.399591	114.022
5664.612008	114.504
5747.005687	115.000
5830.597810	115.498
5915.405808	115.978
6001.447367	116.425
6088.740429	116.818
6177.303198	117.152
6267.154142	117.416
6358.311998	117.577
6450.795775	117.607
6544.624761	117.473
6639.818520	117.179
6736.396904	116.773
6834.380053	116.329
6933.788400	115.915
7034.642675	115.570
7136.963909	115.311
7240.773439	115.143
7346.092914	115.072
7452.944296	115.099
7561.349867	115.223
7671.332234	115.421
7782.914330	115.669
7896.119426	115.936
8010.971128	116.179
8127.493386	116.339
8245.710500	116.354
8365.647121	116.146
8487.328260	115.693
8610.779292	114.979
8736.025961	114.021
8863.094385	112.879
8992.011061	111.608
9122.802874	110.285
9255.497097	108.981
9390.121402	107.753
9526.703863	106.640
9665.272962	105.653
9805.857594	104.800
9948.487077	104.085
10093.191154	103.528
10240.000000	103.116
10388.944230	102.854
10540.054903	102.759
10693.363532	102.832
10848.902086	103.106
11006.703001	103.613
11166.799182	104.362
11329.224017	105.403
11494.011375	106.664
11661.195620	108.182
11830.811616	109.759
12002.894734	111.307
12177.480858	112.663
12354.606395	113.511
12534.308283	113.901
12716.623996	113.692
12901.591551	113.074
13089.249521	112.316
13279.637040	111.604
13472.793808	111.037
13668.760107	110.674
13867.576801	110.493
14069.285350	110.457
14273.927818	110.506
14481.546879	110.619
14692.185828	110.770
14905.888592	110.940
15122.699734	111.134
15342.664467	111.359
15565.828661	111.620
15792.238852	111.924
16021.942256	112.291
16254.986772	112.769
16491.420999	113.413
16731.294241	114.208
16974.656520	115.038
17221.558584	115.713
17472.051922	116.016
17726.188769	115.790
17984.022122	114.988
18245.605748	113.696
18510.994194	112.082
18780.242805	110.360
19053.407727	108.688
19330.545924	107.157
19611.715189	105.786
19896.974155	104.545
20186.382308	104.115
