20 108.81
20.2909066988 108.85
20.5860447329 108.90
20.8854756485 108.95
21.1892618872 109.00
21.4974667984 109.04
21.8101546533 109.08
22.1273906578 109.11
22.4492409662 109.14
22.7757726951 109.17
23.1070539374 109.20
23.4431537764 109.22
23.7841423001 109.25
24.130090616 109.28
24.4810708661 109.31
24.8371562415 109.34
25.1984209979 109.37
25.5649404712 109.40
25.936791093 109.44
26.3140504067 109.47
26.6967970834 109.51
27.0851109387 109.54
27.4790729492 109.58
27.878765269 109.61
28.2842712475 109.64
28.6956754462 109.67
29.1130636568 109.70
29.5365229188 109.73
29.9661415375 109.75
30.402009103 109.76
30.8442165082 109.78
31.2928559682 109.79
31.7480210394 109.80
32.209806639 109.81
32.6783090648 109.81
33.1536260154 109.82
33.6358566101 109.83
34.1251014105 109.83
34.6214624402 109.84
35.1250432075 109.85
35.6359487256 109.86
36.1542855356 109.87
36.6801617282 109.88
37.2136869661 109.89
37.7549725073 109.89
38.3041312279 109.89
38.8612776461 109.89
39.4265279456 109.89
40 109.89
40.5818133975 109.89
41.1720894657 109.88
41.7709512971 109.88
42.3785237744 109.87
42.9949335968 109.87
43.6203093066 109.86
44.2547813156 109.86
44.8984819324 109.85
45.5515453903 109.84
46.2141078749 109.83
46.8863075528 109.82
47.5682846001 109.81
48.260181232 109.80
48.9621417322 109.78
49.6743124829 109.77
50.3968419958 109.75
51.1298809424 109.74
51.873582186 109.72
52.6281008133 109.71
53.3935941668 109.69
54.1702218775 109.67
54.9581458983 109.65
55.757530538 109.63
56.5685424949 109.61
57.3913508924 109.59
58.2261273137 109.57
59.0730458376 109.55
59.9322830751 109.53
60.804018206 109.50
61.6884330163 109.48
62.5857119363 109.46
63.4960420787 109.43
64.419613278 109.40
65.3566181296 109.37
66.3072520307 109.34
67.2717132203 109.31
68.2502028209 109.28
69.2429248805 109.25
70.2500864149 109.21
71.2718974512 109.18
72.3085710713 109.14
73.3603234564 109.11
74.4273739322 109.08
75.5099450145 109.04
76.6082624559 109.01
77.7225552923 108.98
78.8530558912 108.95
80 108.93
81.163626795 108.90
82.3441789315 108.88
83.5419025942 108.86
84.7570475487 108.84
85.9898671937 108.81
87.2406186132 108.79
88.5095626311 108.76
89.7969638648 108.73
91.1030907805 108.70
92.4282157498 108.68
93.7726151055 108.65
95.1365692002 108.62
96.520362464 108.60
97.9242834644 108.57
99.3486249659 108.54
100.7936839916 108.51
102.2597618848 108.47
103.7471643721 108.44
105.2562016267 108.40
106.7871883336 108.36
108.340443755 108.32
109.9162917966 108.28
111.5150610759 108.23
113.1370849898 108.19
114.7827017849 108.15
116.4522546274 108.10
118.1460916752 108.06
119.8645661501 108.01
121.6080364119 107.96
123.3768660326 107.92
125.1714238726 107.87
126.9920841575 107.83
128.8392265559 107.78
130.7132362593 107.74
132.6145040614 107.69
134.5434264406 107.64
136.5004056418 107.59
138.485849761 107.54
140.5001728299 107.49
142.5437949025 107.43
144.6171421426 107.38
146.7206469127 107.32
148.8547478643 107.26
151.0198900291 107.20
153.2165249118 107.14
155.4451105846 107.08
157.7061117824 107.01
160 106.95
162.32725359 106.88
164.688357863 106.82
167.0838051884 106.78
169.5140950975 106.74
171.9797343873 106.72
174.4812372264 106.72
177.0191252622 106.74
179.5939277295 106.75
182.2061815611 106.77
184.8564314996 106.77
187.5452302111 106.75
190.2731384004 106.71
193.0407249281 106.67
195.8485669287 106.61
198.6972499318 106.55
201.5873679832 106.48
204.5195237697 106.42
207.4943287442 106.36
210.5124032534 106.29
213.5743766672 106.23
216.6808875099 106.17
219.8325835933 106.11
223.0301221518 106.05
226.2741699797 105.99
229.5654035698 105.93
232.9045092548 105.87
236.2921833503 105.81
239.7291323003 105.75
243.2160728239 105.69
246.7537320653 105.63
250.3428477452 105.57
253.9841683149 105.52
257.6784531119 105.46
261.4264725186 105.41
265.2290081229 105.36
269.0868528812 105.30
273.0008112836 105.25
276.971699522 105.20
281.0003456597 105.15
285.0875898049 105.11
289.2342842852 105.06
293.4412938255 105.01
297.7094957287 104.96
302.0397800581 104.91
306.4330498235 104.86
310.8902211692 104.82
315.4122235649 104.77
320 104.73
324.65450718 104.68
329.3767157259 104.64
334.1676103768 104.60
339.028190195 104.56
343.9594687746 104.52
348.9624744529 104.48
354.0382505244 104.45
359.187855459 104.41
364.4123631221 104.38
369.7128629991 104.34
375.0904604222 104.31
380.5462768009 104.28
386.0814498562 104.25
391.6971338575 104.22
397.3944998635 104.19
403.1747359664 104.16
409.0390475393 104.13
414.9886574883 104.10
421.0248065068 104.08
427.1487533344 104.06
433.3617750198 104.04
439.6651671866 104.02
446.0602443037 104.00
452.5483399594 103.98
459.1308071395 103.97
465.8090185095 103.95
472.5843667007 103.94
479.4582646005 103.92
486.4321456477 103.91
493.5074641306 103.90
500.6856954905 103.89
507.9683366298 103.89
515.3569062238 103.88
522.8529450372 103.87
530.4580162458 103.87
538.1737057624 103.87
546.0016225673 103.87
553.9433990439 103.87
562.0006913195 103.87
570.1751796098 103.87
578.4685685703 103.88
586.882587651 103.88
595.4189914574 103.89
604.0795601163 103.90
612.8660996471 103.91
621.7804423383 103.92
630.8244471297 103.93
640 103.95
649.30901436 103.96
658.7534314519 103.98
668.3352207536 104.00
678.05638039 104.02
687.9189375493 104.05
697.9249489058 104.07
708.0765010489 104.10
718.375710918 104.13
728.8247262443 104.16
739.4257259983 104.19
750.1809208443 104.22
761.0925536018 104.26
772.1628997124 104.30
783.394267715 104.34
794.7889997271 104.38
806.3494719327 104.43
818.0780950787 104.48
829.9773149767 104.53
842.0496130136 104.59
854.2975066688 104.65
866.7235500396 104.72
879.3303343732 104.79
892.1204886074 104.86
905.0966799188 104.94
918.2616142791 105.02
931.618037019 105.11
945.1687334013 105.20
958.9165292011 105.30
972.8642912955 105.40
987.0149282611 105.50
1001.371390981 105.60
1015.9366732597 105.71
1030.7138124476 105.82
1045.7058900743 105.93
1060.9160324916 106.04
1076.3474115248 106.15
1092.0032451345 106.27
1107.8867980879 106.38
1124.0013826389 106.49
1140.3503592197 106.61
1156.9371371406 106.72
1173.765175302 106.83
1190.8379829148 106.93
1208.1591202326 107.04
1225.7321992942 107.14
1243.5608846767 107.24
1261.6488942595 107.33
1280 107.42
1298.6180287201 107.52
1317.5068629037 107.62
1336.6704415071 107.74
1356.1127607799 107.86
1375.8378750985 108.00
1395.8498978116 108.15
1416.1530020977 108.30
1436.751421836 108.44
1457.6494524886 108.58
1478.8514519966 108.71
1500.3618416887 108.82
1522.1851072035 108.93
1544.3257994247 109.03
1566.78853543 109.13
1589.5779994541 109.23
1612.6989438655 109.33
1636.1561901574 109.42
1659.9546299533 109.51
1684.0992260271 109.58
1708.5950133377 109.65
1733.4471000793 109.70
1758.6606687464 109.74
1784.2409772148 109.78
1810.1933598376 109.80
1836.5232285581 109.82
1863.2360740381 109.83
1890.3374668026 109.84
1917.8330584022 109.85
1945.7285825909 109.88
1974.0298565222 109.91
2002.742781962 109.98
2031.8733465194 110.08
2061.4276248951 110.22
2091.4117801487 110.38
2121.8320649832 110.55
2152.6948230496 110.70
2184.0064902691 110.83
2215.7735961758 110.93
2248.0027652779 111.00
2280.7007184393 111.05
2313.8742742813 111.09
2347.530350604 111.11
2381.6759658296 111.13
2416.3182404652 111.14
2451.4643985884 111.15
2487.1217693533 111.14
2523.297788519 111.14
2560.0000000001 111.13
2597.2360574402 111.11
2635.0137258074 111.09
2673.3408830143 111.06
2712.2255215599 111.01
2751.6757501971 110.95
2791.6997956232 110.88
2832.3060041955 110.80
2873.5028436721 110.71
2915.2989049772 110.62
2957.7029039931 110.53
3000.7236833774 110.44
3044.3702144071 110.35
3088.6515988494 110.25
3133.57707086 110.15
3179.1559989082 110.05
3225.397887731 109.94
3272.3123803148 109.84
3319.9092599067 109.74
3368.1984520542 109.65
3417.1900266754 109.57
3466.8942001586 109.49
3517.3213374928 109.43
3568.4819544296 109.39
3620.3867196753 109.35
3673.0464571163 109.33
3726.4721480761 109.33
3780.6749336053 109.34
3835.6661168044 109.36
3891.4571651819 109.40
3948.0597130445 109.45
4005.4855639241 109.52
4063.7466930387 109.59
4122.8552497902 109.67
4182.8235602974 109.76
4243.6641299665 109.85
4305.3896460992 109.94
4368.0129805382 110.02
4431.5471923516 110.08
4496.0055305558 110.13
4561.4014368787 110.14
4627.7485485626 110.13
4695.0607012081 110.07
4763.3519316592 109.99
4832.6364809305 109.86
4902.9287971769 109.70
4974.2435387067 109.52
5046.595577038 109.30
5120.0000000002 109.08
5194.4721148803 108.85
5270.0274516149 108.66
5346.6817660286 108.51
5424.4510431198 108.45
5503.3515003942 108.51
5583.3995912463 108.71
5664.6120083911 109.05
5747.0056873442 109.48
5830.5978099545 109.97
5915.4058079863 110.50
6001.4473667548 111.02
6088.7404288142 111.48
6177.3031976989 111.87
6267.1541417201 112.19
6358.3119978165 112.45
6450.795775462 112.65
6544.6247606297 112.81
6639.8185198134 112.94
6736.3969041085 113.07
6834.3800533509 113.18
6933.7884003172 113.28
7034.6426749857 113.35
7136.9639088592 113.38
7240.7734393506 113.34
7346.0929142326 113.20
7452.9442961523 112.95
7561.3498672106 112.58
7671.3322336089 112.10
7782.9143303638 111.53
7896.119426089 110.89
8010.9711278481 110.22
8127.4933860775 109.55
8245.7104995805 108.95
8365.6471205948 108.45
8487.328259933 108.08
8610.7792921984 107.84
8736.0259610765 107.71
8863.0943847033 107.62
8992.0110611117 107.52
9122.8028737575 107.34
9255.4970971253 107.08
9390.1214024162 106.77
9526.7038633184 106.44
9665.272961861 106.06
9805.8575943538 105.57
9948.4870774134 104.95
10093.191154076 104.22
10240.0000000005 103.51
10388.9442297607 102.94
10540.0549032298 102.59
10693.3635320572 102.37
10848.9020862397 102.15
11006.7030007884 101.82
11166.7991824927 101.39
11329.2240167822 100.86
11494.0113746885 100.33
11661.1956199091 99.86
11830.8116159726 99.47
12002.8947335097 99.21
12177.4808576284 99.01
12354.6063953979 98.87
12534.3082834402 98.73
12716.6239956331 98.56
12901.5915509241 98.33
13089.2495212594 98.06
13279.637039627 97.79
13472.7938082171 97.52
13668.7601067018 97.30
13867.5768006344 97.18
14069.2853499715 97.20
14273.9278177184 97.34
14481.5468787012 97.61
14692.1858284653 98.00
14905.8885923047 98.43
15122.6997344212 98.87
15342.6644672179 99.31
15565.8286607277 99.72
15792.2388521781 100.09
16021.9422556964 100.36
16254.9867721551 100.42
16491.4209991611 100.14
16731.2942411897 99.43
16974.656519866 98.27
17221.5585843969 96.66
17472.0519221531 94.68
17726.1887694067 92.43
17984.0221222235 90.07
18245.605747515 87.87
18510.9941942506 86.16
18780.2428048326 85.06
19053.4077266369 84.35
19330.545923722 83.82
19611.7151887077 83.40
19896.9741548268 83.13
20186.382308152 83.06
