20.000000	80.889
20.290907	80.907
20.586045	80.928
20.885476	80.950
21.189262	80.970
21.497467	80.986
21.810155	81.001
22.127391	81.019
22.449241	81.044
22.775773	81.079
23.107054	81.115
23.443154	81.140
23.784142	81.141
24.130091	81.120
24.481071	81.085
24.837156	81.056
25.198421	81.051
25.564940	81.069
25.936791	81.103
26.314050	81.139
26.696797	81.172
27.085111	81.208
27.479073	81.259
27.878765	81.320
28.284271	81.374
28.695675	81.407
29.113064	81.412
29.536523	81.393
29.966142	81.364
30.402009	81.342
30.844217	81.336
31.292856	81.342
31.748021	81.353
32.209807	81.357
32.678309	81.348
33.153626	81.334
33.635857	81.336
34.125101	81.369
34.621462	81.418
35.125043	81.445
35.635949	81.435
36.154286	81.411
36.680162	81.405
37.213687	81.411
37.754973	81.409
38.304131	81.401
38.861278	81.423
39.426528	81.478
40.000000	81.519
40.581813	81.498
41.172089	81.446
41.770951	81.425
42.378524	81.435
42.994934	81.429
43.620309	81.400
44.254781	81.372
44.898482	81.351
45.551545	81.330
46.214108	81.324
46.886308	81.364
47.568285	81.425
48.260181	81.464
48.962142	81.485
49.674312	81.523
50.396842	81.575
51.129881	81.617
51.873582	81.643
52.628101	81.672
53.393594	81.711
54.170222	81.746
54.958146	81.765
55.757531	81.769
56.568542	81.765
57.391351	81.753
58.226127	81.735
59.073046	81.717
59.932283	81.697
60.804018	81.676
61.688433	81.667
62.585712	81.656
63.496042	81.638
64.419613	81.626
65.356618	81.628
66.307252	81.633
67.271713	81.632
68.250203	81.636
69.242925	81.647
70.250086	81.659
71.271897	81.674
72.308571	81.697
73.360323	81.723
74.427374	81.750
75.509945	81.767
76.608262	81.767
77.722555	81.751
78.853056	81.730
80.000000	81.722
81.163627	81.730
82.344179	81.741
83.541903	81.753
84.757048	81.761
85.989867	81.761
87.240619	81.750
88.509563	81.741
89.796964	81.745
91.103091	81.754
92.428216	81.759
93.772615	81.760
95.136569	81.764
96.520362	81.769
97.924283	81.770
99.348625	81.768
100.793684	81.766
102.259762	81.766
103.747164	81.767
105.256202	81.768
106.787188	81.770
108.340444	81.771
109.916292	81.770
111.515061	81.768
113.137085	81.761
114.782702	81.751
116.452255	81.745
118.146092	81.743
119.864566	81.749
121.608036	81.755
123.376866	81.758
125.171424	81.760
126.992084	81.763
128.839227	81.759
130.713236	81.751
132.614504	81.741
134.543426	81.729
136.500406	81.719
138.485850	81.714
140.500173	81.711
142.543795	81.709
144.617142	81.702
146.720647	81.691
148.854748	81.682
151.019890	81.676
153.216525	81.672
155.445111	81.666
157.706112	81.656
160.000000	81.644
162.327254	81.634
164.688358	81.628
167.083805	81.622
169.514095	81.613
171.979734	81.602
174.481237	81.592
177.019125	81.582
179.593928	81.570
182.206182	81.557
184.856431	81.544
187.545230	81.532
190.273138	81.522
193.040725	81.516
195.848567	81.513
198.697250	81.507
201.587368	81.494
204.519524	81.479
207.494329	81.464
210.512403	81.451
213.574377	81.439
216.680888	81.426
219.832584	81.411
223.030122	81.396
226.274170	81.380
229.565404	81.364
232.904509	81.350
236.292183	81.340
239.729132	81.327
243.216073	81.309
246.753732	81.289
250.342848	81.271
253.984168	81.253
257.678453	81.233
261.426473	81.213
265.229008	81.197
269.086853	81.184
273.000811	81.166
276.971700	81.147
281.000346	81.128
285.087590	81.110
289.234284	81.095
293.441294	81.079
297.709496	81.060
302.039780	81.038
306.433050	81.017
310.890221	80.999
315.412224	80.985
320.000000	80.969
324.654507	80.951
329.376716	80.932
334.167610	80.910
339.028190	80.887
343.959469	80.864
348.962474	80.843
354.038251	80.825
359.187855	80.809
364.412363	80.794
369.712863	80.776
375.090460	80.759
380.546277	80.742
386.081450	80.725
391.697134	80.708
397.394500	80.690
403.174736	80.668
409.039048	80.644
414.988657	80.620
421.024807	80.598
427.148753	80.579
433.361775	80.560
439.665167	80.544
446.060244	80.528
452.548340	80.512
459.130807	80.495
465.809019	80.476
472.584367	80.458
479.458265	80.440
486.432146	80.425
493.507464	80.414
500.685695	80.399
507.968337	80.380
515.356906	80.360
522.852945	80.343
530.458016	80.329
538.173706	80.318
546.001623	80.307
553.943399	80.296
562.000691	80.286
570.175180	80.278
578.468569	80.271
586.882588	80.264
595.418991	80.255
604.079560	80.247
612.866100	80.241
621.780442	80.236
630.824447	80.233
640.000000	80.232
649.309014	80.232
658.753431	80.233
668.335221	80.236
678.056380	80.240
687.918938	80.247
697.924949	80.257
708.076501	80.269
718.375711	80.282
728.824726	80.297
739.425726	80.315
750.180921	80.336
761.092554	80.361
772.162900	80.389
783.394268	80.421
794.789000	80.455
806.349472	80.494
818.078095	80.536
829.977315	80.582
842.049613	80.632
854.297507	80.686
866.723550	80.747
879.330334	80.814
892.120489	80.887
905.096680	80.967
918.261614	81.052
931.618037	81.143
945.168733	81.238
958.916529	81.339
972.864291	81.445
987.014928	81.556
1001.371391	81.673
1015.936673	81.795
1030.713812	81.922
1045.705890	82.053
1060.916032	82.188
1076.347412	82.327
1092.003245	82.469
1107.886798	82.613
1124.001383	82.759
1140.350359	82.906
1156.937137	83.054
1173.765175	83.202
1190.837983	83.350
1208.159120	83.497
1225.732199	83.642
1243.560885	83.787
1261.648894	83.931
1280.000000	84.073
1298.618029	84.212
1317.506863	84.354
1336.670442	84.492
1356.112761	84.630
1375.837875	84.769
1395.849898	84.908
1416.153002	85.048
1436.751422	85.189
1457.649452	85.332
1478.851452	85.476
1500.361842	85.622
1522.185107	85.771
1544.325799	85.923
1566.788535	86.079
1589.577999	86.238
1612.698944	86.401
1636.156190	86.569
1659.954630	86.742
1684.099226	86.920
1708.595013	87.104
1733.447100	87.294
1758.660669	87.490
1784.240977	87.693
1810.193360	87.900
1836.523229	88.114
1863.236074	88.332
1890.337467	88.557
1917.833058	88.787
1945.728583	89.021
1974.029857	89.260
2002.742782	89.500
2031.873347	89.741
2061.427625	89.983
2091.411780	90.224
2121.832065	90.459
2152.694823	90.683
2184.006490	90.902
2215.773596	91.103
2248.002765	91.290
2280.700718	91.454
2313.874274	91.593
2347.530351	91.704
2381.675966	91.782
2416.318240	91.831
2451.464399	91.839
2487.121769	91.816
2523.297789	91.750
2560.000000	91.650
2597.236057	91.516
2635.013726	91.349
2673.340883	91.150
2712.225522	90.926
2751.675750	90.676
2791.699796	90.407
2832.306004	90.120
2873.502844	89.822
2915.298905	89.515
2957.702904	89.201
3000.723683	88.884
3044.370214	88.566
3088.651599	88.251
3133.577071	87.939
3179.155999	87.633
3225.397888	87.333
3272.312380	87.041
3319.909260	86.758
3368.198452	86.483
3417.190027	86.217
3466.894200	85.961
3517.321337	85.716
3568.481954	85.482
3620.386720	85.259
3673.046457	85.047
3726.472148	84.846
3780.674934	84.657
3835.666117	84.478
3891.457165	84.314
3948.059713	84.157
4005.485564	84.016
4063.746693	83.888
4122.855250	83.773
4182.823560	83.673
4243.664130	83.587
4305.389646	83.515
4368.012981	83.459
4431.547192	83.418
4496.005531	83.393
4561.401437	83.386
4627.748549	83.396
4695.060701	83.425
4763.351932	83.474
4832.636481	83.542
4902.928797	83.633
4974.243539	83.743
5046.595577	83.880
5120.000000	84.040
5194.472115	84.225
5270.027452	84.440
5346.681766	84.682
5424.451043	84.953
5503.351500	85.258
5583.399591	85.597
5664.612008	85.975
5747.005687	86.386
5830.597810	86.833
5915.405808	87.316
6001.447367	87.833
6088.740429	88.385
6177.303198	88.960
6267.154142	89.549
6358.311998	90.135
6450.795775	90.702
6544.624761	91.226
6639.818520	91.683
6736.396904	92.047
6834.380053	92.297
6933.788400	92.422
7034.642675	92.427
7136.963909	92.346
7240.773439	92.232
7346.092914	92.132
7452.944296	92.072
7561.349867	92.047
7671.332234	92.043
7782.914330	92.057
7896.119426	92.092
8010.971128	92.161
8127.493386	92.262
8245.710500	92.379
8365.647121	92.469
8487.328260	92.487
8610.779292	92.378
8736.025961	92.091
8863.094385	91.612
8992.011061	90.947
9122.802874	90.127
9255.497097	89.196
9390.121402	88.212
9526.703863	87.227
9665.272962	86.279
9805.857594	85.392
9948.487077	84.585
10093.191154	83.878
10240.000000	83.266
10388.944230	82.756
10540.054903	82.356
10693.363532	82.053
10848.902086	81.849
11006.703001	81.728
11166.799182	81.661
11329.224017	81.616
11494.011375	81.546
11661.195620	81.370
11830.811616	81.079
12002.894734	80.604
12177.480858	79.989
12354.606395	79.170
12534.308283	78.241
12716.623996	77.214
12901.591551	76.165
13089.249521	75.111
13279.637040	74.115
13472.793808	73.209
13668.760107	72.417
13867.576801	71.757
14069.285350	71.259
14273.927818	70.890
14481.546879	70.720
14692.185828	70.799
14905.888592	71.124
15122.699734	71.717
15342.664467	72.576
15565.828661	73.646
15792.238852	74.790
16021.942256	75.790
16254.986772	76.390
16491.420999	76.372
16731.294241	75.717
16974.656520	74.544
17221.558584	73.000
17472.051922	71.209
17726.188769	69.268
17984.022122	67.271
18245.605748	65.362
18510.994194	63.762
18780.242805	62.687
19053.407727	62.208
19330.545924	62.224
19611.715189	62.526
19896.974155	62.894
20186.382308	63.021
