20 59.90
20.2909066988 59.94
20.5860447329 59.97
20.8854756485 59.99
21.1892618872 60.00
21.4974667984 60.00
21.8101546533 60.00
22.1273906578 59.99
22.4492409662 59.98
22.7757726951 59.95
23.1070539374 59.92
23.4431537764 59.88
23.7841423001 59.83
24.130090616 59.78
24.4810708661 59.73
24.8371562415 59.69
25.1984209979 59.65
25.5649404712 59.62
25.936791093 59.59
26.3140504067 59.56
26.6967970834 59.55
27.0851109387 59.54
27.4790729492 59.53
27.878765269 59.54
28.2842712475 59.54
28.6956754462 59.54
29.1130636568 59.54
29.5365229188 59.54
29.9661415375 59.53
30.402009103 59.51
30.8442165082 59.48
31.2928559682 59.44
31.7480210394 59.39
32.209806639 59.33
32.6783090648 59.28
33.1536260154 59.23
33.6358566101 59.19
34.1251014105 59.14
34.6214624402 59.09
35.1250432075 59.04
35.6359487256 59.00
36.1542855356 58.97
36.6801617282 58.94
37.2136869661 58.91
37.7549725073 58.88
38.3041312279 58.86
38.8612776461 58.82
39.4265279456 58.79
40 58.74
40.5818133975 58.70
41.1720894657 58.64
41.7709512971 58.58
42.3785237744 58.52
42.9949335968 58.46
43.6203093066 58.40
44.2547813156 58.35
44.8984819324 58.30
45.5515453903 58.25
46.2141078749 58.20
46.8863075528 58.16
47.5682846001 58.11
48.260181232 58.06
48.9621417322 58.01
49.6743124829 57.95
50.3968419958 57.89
51.1298809424 57.83
51.873582186 57.76
52.6281008133 57.70
53.3935941668 57.64
54.1702218775 57.58
54.9581458983 57.52
55.757530538 57.46
56.5685424949 57.40
57.3913508924 57.34
58.2261273137 57.28
59.0730458376 57.22
59.9322830751 57.16
60.804018206 57.09
61.6884330163 57.02
62.5857119363 56.96
63.4960420787 56.90
64.419613278 56.83
65.3566181296 56.77
66.3072520307 56.70
67.2717132203 56.63
68.2502028209 56.57
69.2429248805 56.50
70.2500864149 56.43
71.2718974512 56.36
72.3085710713 56.29
73.3603234564 56.22
74.4273739322 56.16
75.5099450145 56.09
76.6082624559 56.02
77.7225552923 55.95
78.8530558912 55.88
80 55.81
81.163626795 55.74
82.3441789315 55.67
83.5419025942 55.60
84.7570475487 55.53
85.9898671937 55.47
87.2406186132 55.40
88.5095626311 55.32
89.7969638648 55.25
91.1030907805 55.18
92.4282157498 55.12
93.7726151055 55.05
95.1365692002 54.98
96.520362464 54.90
97.9242834644 54.82
99.3486249659 54.75
100.7936839916 54.68
102.2597618848 54.62
103.7471643721 54.56
105.2562016267 54.49
106.7871883336 54.43
108.340443755 54.36
109.9162917966 54.29
111.5150610759 54.22
113.1370849898 54.15
114.7827017849 54.08
116.4522546274 54.01
118.1460916752 53.94
119.8645661501 53.87
121.6080364119 53.80
123.3768660326 53.74
125.1714238726 53.68
126.9920841575 53.61
128.8392265559 53.54
130.7132362593 53.47
132.6145040614 53.40
134.5434264406 53.33
136.5004056418 53.27
138.485849761 53.20
140.5001728299 53.14
142.5437949025 53.07
144.6171421426 53.00
146.7206469127 52.94
148.8547478643 52.88
151.0198900291 52.83
153.2165249118 52.77
155.4451105846 52.70
157.7061117824 52.63
160 52.56
162.32725359 52.50
164.688357863 52.44
167.0838051884 52.39
169.5140950975 52.33
171.9797343873 52.27
174.4812372264 52.21
177.0191252622 52.16
179.5939277295 52.11
182.2061815611 52.06
184.8564314996 52.00
187.5452302111 51.93
190.2731384004 51.86
193.0407249281 51.81
195.8485669287 51.76
198.6972499318 51.71
201.5873679832 51.66
204.5195237697 51.62
207.4943287442 51.57
210.5124032534 51.52
213.5743766672 51.47
216.6808875099 51.42
219.8325835933 51.36
223.0301221518 51.30
226.2741699797 51.25
229.5654035698 51.20
232.9045092548 51.16
236.2921833503 51.11
239.7291323003 51.06
243.2160728239 51.01
246.7537320653 50.97
250.3428477452 50.92
253.9841683149 50.87
257.6784531119 50.83
261.4264725186 50.78
265.2290081229 50.74
269.0868528812 50.70
273.0008112836 50.65
276.971699522 50.61
281.0003456597 50.57
285.0875898049 50.52
289.2342842852 50.47
293.4412938255 50.43
297.7094957287 50.39
302.0397800581 50.34
306.4330498235 50.30
310.8902211692 50.25
315.4122235649 50.21
320 50.17
324.65450718 50.13
329.3767157259 50.09
334.1676103768 50.05
339.028190195 50.01
343.9594687746 49.97
348.9624744529 49.93
354.0382505244 49.88
359.187855459 49.84
364.4123631221 49.80
369.7128629991 49.76
375.0904604222 49.73
380.5462768009 49.69
386.0814498562 49.65
391.6971338575 49.62
397.3944998635 49.58
403.1747359664 49.54
409.0390475393 49.51
414.9886574883 49.47
421.0248065068 49.44
427.1487533344 49.40
433.3617750198 49.37
439.6651671866 49.33
446.0602443037 49.30
452.5483399594 49.26
459.1308071395 49.22
465.8090185095 49.19
472.5843667007 49.16
479.4582646005 49.13
486.4321456477 49.10
493.5074641306 49.07
500.6856954905 49.04
507.9683366298 49.01
515.3569062238 48.98
522.8529450372 48.95
530.4580162458 48.92
538.1737057624 48.89
546.0016225673 48.87
553.9433990439 48.84
562.0006913195 48.82
570.1751796098 48.79
578.4685685703 48.76
586.882587651 48.74
595.4189914574 48.71
604.0795601163 48.69
612.8660996471 48.67
621.7804423383 48.64
630.8244471297 48.63
640 48.61
649.30901436 48.59
658.7534314519 48.57
668.3352207536 48.56
678.05638039 48.55
687.9189375493 48.53
697.9249489058 48.52
708.0765010489 48.52
718.375710918 48.51
728.8247262443 48.51
739.4257259983 48.51
750.1809208443 48.51
761.0925536018 48.51
772.1628997124 48.52
783.394267715 48.53
794.7889997271 48.54
806.3494719327 48.56
818.0780950787 48.59
829.9773149767 48.61
842.0496130136 48.65
854.2975066688 48.68
866.7235500396 48.73
879.3303343732 48.78
892.1204886074 48.83
905.0966799188 48.88
918.2616142791 48.94
931.618037019 48.98
945.1687334013 49.01
958.9165292011 49.02
972.8642912955 49.03
987.0149282611 49.06
1001.371390981 49.14
1015.9366732597 49.25
1030.7138124476 49.37
1045.7058900743 49.50
1060.9160324916 49.62
1076.3474115248 49.74
1092.0032451345 49.86
1107.8867980879 49.97
1124.0013826389 50.09
1140.3503592197 50.20
1156.9371371406 50.32
1173.765175302 50.43
1190.8379829148 50.54
1208.1591202326 50.66
1225.7321992942 50.76
1243.5608846767 50.87
1261.6488942595 50.97
1280 51.08
1298.6180287201 51.17
1317.5068629037 51.26
1336.6704415071 51.35
1356.1127607799 51.44
1375.8378750985 51.52
1395.8498978116 51.60
1416.1530020977 51.68
1436.751421836 51.76
1457.6494524886 51.84
1478.8514519966 51.92
1500.3618416887 52.00
1522.1851072035 52.08
1544.3257994247 52.17
1566.78853543 52.26
1589.5779994541 52.35
1612.6989438655 52.45
1636.1561901574 52.55
1659.9546299533 52.65
1684.0992260271 52.76
1708.5950133377 52.87
1733.4471000793 52.98
1758.6606687464 53.10
1784.2409772148 53.22
1810.1933598376 53.35
1836.5232285581 53.48
1863.2360740381 53.62
1890.3374668026 53.76
1917.8330584022 53.90
1945.7285825909 54.05
1974.0298565222 54.21
2002.742781962 54.37
2031.8733465194 54.53
2061.4276248951 54.70
2091.4117801487 54.87
2121.8320649832 55.05
2152.6948230496 55.23
2184.0064902691 55.41
2215.7735961758 55.60
2248.0027652779 55.79
2280.7007184393 55.99
2313.8742742813 56.19
2347.530350604 56.40
2381.6759658296 56.63
2416.3182404652 56.87
2451.4643985884 57.13
2487.1217693533 57.40
2523.297788519 57.67
2560.0000000001 57.94
2597.2360574402 58.21
2635.0137258074 58.47
2673.3408830143 58.74
2712.2255215599 59.00
2751.6757501971 59.28
2791.6997956232 59.54
2832.3060041955 59.79
2873.5028436721 60.03
2915.2989049772 60.26
2957.7029039931 60.47
3000.7236833774 60.67
3044.3702144071 60.86
3088.6515988494 61.01
3133.57707086 61.14
3179.1559989082 61.23
3225.397887731 61.30
3272.3123803148 61.33
3319.9092599067 61.34
3368.1984520542 61.33
3417.1900266754 61.30
3466.8942001586 61.27
3517.3213374928 61.24
3568.4819544296 61.22
3620.3867196753 61.20
3673.0464571163 61.19
3726.4721480761 61.19
3780.6749336053 61.18
3835.6661168044 61.16
3891.4571651819 61.14
3948.0597130445 61.11
4005.4855639241 61.08
4063.7466930387 61.03
4122.8552497902 60.97
4182.8235602974 60.89
4243.6641299665 60.80
4305.3896460992 60.71
4368.0129805382 60.62
4431.5471923516 60.57
4496.0055305558 60.55
4561.4014368787 60.55
4627.7485485626 60.57
4695.0607012081 60.61
4763.3519316592 60.65
4832.6364809305 60.70
4902.9287971769 60.76
4974.2435387067 60.81
5046.595577038 60.87
5120.0000000002 60.91
5194.4721148803 60.93
5270.0274516149 60.93
5346.6817660286 60.90
5424.4510431198 60.86
5503.3515003942 60.79
5583.3995912463 60.70
5664.6120083911 60.60
5747.0056873442 60.48
5830.5978099545 60.35
5915.4058079863 60.20
6001.4473667548 60.04
6088.7404288142 59.86
6177.3031976989 59.66
6267.1541417201 59.45
6358.3119978165 59.23
6450.795775462 59.00
6544.6247606297 58.80
6639.8185198134 58.63
6736.3969041085 58.51
6834.3800533509 58.46
6933.7884003172 58.47
7034.6426749857 58.56
7136.9639088592 58.73
7240.7734393506 58.97
7346.0929142326 59.30
7452.9442961523 59.70
7561.3498672106 60.16
7671.3322336089 60.67
7782.9143303638 61.17
7896.119426089 61.61
8010.9711278481 61.90
8127.4933860775 61.96
8245.7104995805 61.73
8365.6471205948 61.17
8487.328259933 60.32
8610.7792921984 59.23
8736.0259610765 57.99
8863.0943847033 56.69
8992.0110611117 55.38
9122.8028737575 54.11
9255.4970971253 52.93
9390.1214024162 51.84
9526.7038633184 50.84
9665.272961861 49.93
9805.8575943538 49.10
9948.4870774134 48.35
10093.191154076 47.69
10240.0000000005 47.09
10388.9442297607 46.56
10540.0549032298 46.12
10693.3635320572 45.74
10848.9020862397 45.43
11006.7030007884 45.20
11166.7991824927 45.03
11329.2240167822 44.94
11494.0113746885 44.92
11661.1956199091 45.00
11830.8116159726 45.16
12002.8947335097 45.43
12177.4808576284 45.80
12354.6063953979 46.33
12534.3082834402 47.00
12716.6239956331 47.85
12901.5915509241 48.92
13089.2495212594 50.10
13279.637039627 51.37
13472.7938082171 52.65
13668.7601067018 53.75
13867.5768006344 54.49
14069.2853499715 54.66
14273.9278177184 54.39
14481.5468787012 53.64
14692.1858284653 52.60
14905.8885923047 51.54
15122.6997344212 50.62
15342.6644672179 49.95
15565.8286607277 49.61
15792.2388521781 49.66
16021.9422556964 50.11
16254.9867721551 50.91
16491.4209991611 51.95
16731.2942411897 52.94
16974.656519866 53.57
17221.5585843969 53.56
17472.0519221531 52.80
17726.1887694067 51.38
17984.0221222235 49.53
18245.605747515 47.51
18510.9941942506 45.55
18780.2428048326 43.80
19053.4077266369 42.28
19330.545923722 40.94
19611.7151887077 39.69
19896.9741548268 38.43
20186.382308152 37.97
