20 112.36
20.2909066988 112.44
20.5860447329 112.51
20.8854756485 112.57
21.1892618872 112.63
21.4974667984 112.68
21.8101546533 112.72
22.1273906578 112.76
22.4492409662 112.79
22.7757726951 112.81
23.1070539374 112.84
23.4431537764 112.85
23.7841423001 112.87
24.130090616 112.89
24.4810708661 112.91
24.8371562415 112.93
25.1984209979 112.95
25.5649404712 112.98
25.936791093 113.02
26.3140504067 113.05
26.6967970834 113.10
27.0851109387 113.15
27.4790729492 113.20
27.878765269 113.26
28.2842712475 113.31
28.6956754462 113.36
29.1130636568 113.40
29.5365229188 113.44
29.9661415375 113.48
30.402009103 113.51
30.8442165082 113.53
31.2928559682 113.55
31.7480210394 113.57
32.209806639 113.58
32.6783090648 113.60
33.1536260154 113.62
33.6358566101 113.63
34.1251014105 113.65
34.6214624402 113.66
35.1250432075 113.68
35.6359487256 113.71
36.1542855356 113.74
36.6801617282 113.77
37.2136869661 113.79
37.7549725073 113.82
38.3041312279 113.84
38.8612776461 113.86
39.4265279456 113.88
40 113.89
40.5818133975 113.90
41.1720894657 113.91
41.7709512971 113.92
42.3785237744 113.93
42.9949335968 113.94
43.6203093066 113.95
44.2547813156 113.96
44.8984819324 113.97
45.5515453903 113.98
46.2141078749 113.99
46.8863075528 114.00
47.5682846001 114.00
48.260181232 114.01
48.9621417322 114.02
49.6743124829 114.02
50.3968419958 114.03
51.1298809424 114.03
51.873582186 114.04
52.6281008133 114.04
53.3935941668 114.04
54.1702218775 114.04
54.9581458983 114.04
55.757530538 114.04
56.5685424949 114.04
57.3913508924 114.04
58.2261273137 114.04
59.0730458376 114.04
59.9322830751 114.04
60.804018206 114.03
61.6884330163 114.03
62.5857119363 114.02
63.4960420787 114.02
64.419613278 114.01
65.3566181296 114.00
66.3072520307 113.99
67.2717132203 113.98
68.2502028209 113.97
69.2429248805 113.96
70.2500864149 113.95
71.2718974512 113.94
72.3085710713 113.93
73.3603234564 113.91
74.4273739322 113.90
75.5099450145 113.88
76.6082624559 113.87
77.7225552923 113.85
78.8530558912 113.83
80 113.82
81.163626795 113.80
82.3441789315 113.78
83.5419025942 113.76
84.7570475487 113.74
85.9898671937 113.72
87.2406186132 113.69
88.5095626311 113.67
89.7969638648 113.65
91.1030907805 113.62
92.4282157498 113.60
93.7726151055 113.58
95.1365692002 113.55
96.520362464 113.53
97.9242834644 113.50
99.3486249659 113.47
100.7936839916 113.44
102.2597618848 113.41
103.7471643721 113.38
105.2562016267 113.35
106.7871883336 113.31
108.340443755 113.28
109.9162917966 113.25
111.5150610759 113.21
113.1370849898 113.18
114.7827017849 113.14
116.4522546274 113.10
118.1460916752 113.06
119.8645661501 113.03
121.6080364119 112.99
123.3768660326 112.95
125.1714238726 112.91
126.9920841575 112.87
128.8392265559 112.83
130.7132362593 112.78
132.6145040614 112.74
134.5434264406 112.69
136.5004056418 112.65
138.485849761 112.60
140.5001728299 112.56
142.5437949025 112.51
144.6171421426 112.46
146.7206469127 112.41
148.8547478643 112.36
151.0198900291 112.31
153.2165249118 112.26
155.4451105846 112.21
157.7061117824 112.16
160 112.11
162.32725359 112.05
164.688357863 112.00
167.0838051884 111.94
169.5140950975 111.89
171.9797343873 111.83
174.4812372264 111.77
177.0191252622 111.72
179.5939277295 111.66
182.2061815611 111.60
184.8564314996 111.54
187.5452302111 111.48
190.2731384004 111.42
193.0407249281 111.36
195.8485669287 111.29
198.6972499318 111.23
201.5873679832 111.17
204.5195237697 111.10
207.4943287442 111.04
210.5124032534 110.98
213.5743766672 110.91
216.6808875099 110.85
219.8325835933 110.78
223.0301221518 110.71
226.2741699797 110.65
229.5654035698 110.58
232.9045092548 110.51
236.2921833503 110.44
239.7291323003 110.38
243.2160728239 110.31
246.7537320653 110.24
250.3428477452 110.17
253.9841683149 110.10
257.6784531119 110.03
261.4264725186 109.96
265.2290081229 109.89
269.0868528812 109.82
273.0008112836 109.75
276.971699522 109.68
281.0003456597 109.61
285.0875898049 109.54
289.2342842852 109.47
293.4412938255 109.40
297.7094957287 109.32
302.0397800581 109.25
306.4330498235 109.18
310.8902211692 109.11
315.4122235649 109.04
320 108.97
324.65450718 108.90
329.3767157259 108.82
334.1676103768 108.75
339.028190195 108.68
343.9594687746 108.61
348.9624744529 108.54
354.0382505244 108.47
359.187855459 108.40
364.4123631221 108.33
369.7128629991 108.26
375.0904604222 108.19
380.5462768009 108.12
386.0814498562 108.05
391.6971338575 107.99
397.3944998635 107.92
403.1747359664 107.85
409.0390475393 107.78
414.9886574883 107.72
421.0248065068 107.65
427.1487533344 107.58
433.3617750198 107.52
439.6651671866 107.45
446.0602443037 107.39
452.5483399594 107.32
459.1308071395 107.26
465.8090185095 107.19
472.5843667007 107.13
479.4582646005 107.07
486.4321456477 107.01
493.5074641306 106.95
500.6856954905 106.89
507.9683366298 106.83
515.3569062238 106.77
522.8529450372 106.71
530.4580162458 106.66
538.1737057624 106.60
546.0016225673 106.55
553.9433990439 106.50
562.0006913195 106.44
570.1751796098 106.39
578.4685685703 106.34
586.882587651 106.30
595.4189914574 106.25
604.0795601163 106.21
612.8660996471 106.16
621.7804423383 106.12
630.8244471297 106.08
640 106.04
649.30901436 106.00
658.7534314519 105.97
668.3352207536 105.94
678.05638039 105.91
687.9189375493 105.88
697.9249489058 105.85
708.0765010489 105.83
718.375710918 105.81
728.8247262443 105.79
739.4257259983 105.77
750.1809208443 105.76
761.0925536018 105.75
772.1628997124 105.74
783.394267715 105.74
794.7889997271 105.74
806.3494719327 105.75
818.0780950787 105.76
829.9773149767 105.77
842.0496130136 105.79
854.2975066688 105.81
866.7235500396 105.84
879.3303343732 105.88
892.1204886074 105.91
905.0966799188 105.96
918.2616142791 106.01
931.618037019 106.06
945.1687334013 106.12
958.9165292011 106.19
972.8642912955 106.26
987.0149282611 106.33
1001.371390981 106.41
1015.9366732597 106.49
1030.7138124476 106.58
1045.7058900743 106.66
1060.9160324916 106.74
1076.3474115248 106.83
1092.0032451345 106.93
1107.8867980879 107.04
1124.0013826389 107.18
1140.3503592197 107.32
1156.9371371406 107.46
1173.765175302 107.59
1190.8379829148 107.70
1208.1591202326 107.82
1225.7321992942 107.93
1243.5608846767 108.04
1261.6488942595 108.15
1280 108.26
1298.6180287201 108.38
1317.5068629037 108.49
1336.6704415071 108.60
1356.1127607799 108.71
1375.8378750985 108.80
1395.8498978116 108.89
1416.1530020977 108.95
1436.751421836 109.02
1457.6494524886 109.08
1478.8514519966 109.14
1500.3618416887 109.22
1522.1851072035 109.33
1544.3257994247 109.45
1566.78853543 109.60
1589.5779994541 109.77
1612.6989438655 109.96
1636.1561901574 110.15
1659.9546299533 110.36
1684.0992260271 110.56
1708.5950133377 110.78
1733.4471000793 111.00
1758.6606687464 111.22
1784.2409772148 111.45
1810.1933598376 111.67
1836.5232285581 111.90
1863.2360740381 112.13
1890.3374668026 112.36
1917.8330584022 112.58
1945.7285825909 112.80
1974.0298565222 113.01
2002.742781962 113.21
2031.8733465194 113.39
2061.4276248951 113.56
2091.4117801487 113.71
2121.8320649832 113.83
2152.6948230496 113.92
2184.0064902691 113.99
2215.7735961758 114.01
2248.0027652779 114.01
2280.7007184393 113.97
2313.8742742813 113.90
2347.530350604 113.80
2381.6759658296 113.67
2416.3182404652 113.51
2451.4643985884 113.33
2487.1217693533 113.13
2523.297788519 112.91
2560.0000000001 112.68
2597.2360574402 112.44
2635.0137258074 112.19
2673.3408830143 111.94
2712.2255215599 111.68
2751.6757501971 111.43
2791.6997956232 111.18
2832.3060041955 110.94
2873.5028436721 110.71
2915.2989049772 110.48
2957.7029039931 110.26
3000.7236833774 110.05
3044.3702144071 109.86
3088.6515988494 109.68
3133.57707086 109.52
3179.1559989082 109.37
3225.397887731 109.23
3272.3123803148 109.11
3319.9092599067 109.01
3368.1984520542 108.93
3417.1900266754 108.85
3466.8942001586 108.79
3517.3213374928 108.74
3568.4819544296 108.70
3620.3867196753 108.66
3673.0464571163 108.64
3726.4721480761 108.62
3780.6749336053 108.61
3835.6661168044 108.60
3891.4571651819 108.60
3948.0597130445 108.59
4005.4855639241 108.58
4063.7466930387 108.58
4122.8552497902 108.57
4182.8235602974 108.55
4243.6641299665 108.52
4305.3896460992 108.48
4368.0129805382 108.44
4431.5471923516 108.38
4496.0055305558 108.32
4561.4014368787 108.26
4627.7485485626 108.20
4695.0607012081 108.15
4763.3519316592 108.12
4832.6364809305 108.11
4902.9287971769 108.14
4974.2435387067 108.21
5046.595577038 108.31
5120.0000000002 108.46
5194.4721148803 108.62
5270.0274516149 108.79
5346.6817660286 108.92
5424.4510431198 109.00
5503.3515003942 109.00
5583.3995912463 108.91
5664.6120083911 108.73
5747.0056873442 108.49
5830.5978099545 108.22
5915.4058079863 107.92
6001.4473667548 107.64
6088.7404288142 107.40
6177.3031976989 107.21
6267.1541417201 107.09
6358.3119978165 107.05
6450.795775462 107.09
6544.6247606297 107.22
6639.8185198134 107.42
6736.3969041085 107.72
6834.3800533509 108.09
6933.7884003172 108.55
7034.6426749857 109.07
7136.9639088592 109.64
7240.7734393506 110.22
7346.0929142326 110.78
7452.9442961523 111.26
7561.3498672106 111.62
7671.3322336089 111.81
7782.9143303638 111.82
7896.119426089 111.66
8010.9711278481 111.33
8127.4933860775 110.89
8245.7104995805 110.40
8365.6471205948 109.91
8487.328259933 109.46
8610.7792921984 109.09
8736.0259610765 108.83
8863.0943847033 108.69
8992.0110611117 108.68
9122.8028737575 108.82
9255.4970971253 109.10
9390.1214024162 109.51
9526.7038633184 110.02
9665.272961861 110.56
9805.8575943538 111.03
9948.4870774134 111.36
10093.191154076 111.41
10240.0000000005 111.15
10388.9442297607 110.59
10540.0549032298 109.76
10693.3635320572 108.77
10848.9020862397 107.73
11006.7030007884 106.75
11166.7991824927 105.89
11329.2240167822 105.28
11494.0113746885 104.89
11661.1956199091 104.89
11830.8116159726 105.06
12002.8947335097 105.32
12177.4808576284 105.32
12354.6063953979 104.49
12534.3082834402 102.86
12716.6239956331 100.19
12901.5915509241 96.73
13089.2495212594 92.96
13279.637039627 89.57
13472.7938082171 87.44
13668.7601067018 87.15
13867.5768006344 87.98
14069.2853499715 89.15
14273.9278177184 90.39
14481.5468787012 91.71
14692.1858284653 93.21
14905.8885923047 94.91
15122.6997344212 96.82
15342.6644672179 98.87
15565.8286607277 100.89
15792.2388521781 102.61
16021.9422556964 103.72
16254.9867721551 103.97
16491.4209991611 103.31
16731.2942411897 102.05
16974.656519866 100.55
17221.5585843969 99.16
17472.0519221531 98.10
17726.1887694067 97.48
17984.0221222235 97.33
18245.605747515 97.65
18510.9941942506 98.29
18780.2428048326 98.92
19053.4077266369 99.10
19330.545923722 98.50
19611.7151887077 96.98
19896.9741548268 94.65
20186.382308152 93.70
