20 111.62
20.2909066988 111.62
20.5860447329 111.63
20.8854756485 111.65
21.1892618872 111.68
21.4974667984 111.72
21.8101546533 111.76
22.1273906578 111.80
22.4492409662 111.84
22.7757726951 111.89
23.1070539374 111.94
23.4431537764 112.00
23.7841423001 112.05
24.130090616 112.09
24.4810708661 112.13
24.8371562415 112.17
25.1984209979 112.19
25.5649404712 112.20
25.936791093 112.21
26.3140504067 112.21
26.6967970834 112.21
27.0851109387 112.20
27.4790729492 112.19
27.878765269 112.17
28.2842712475 112.16
28.6956754462 112.15
29.1130636568 112.14
29.5365229188 112.14
29.9661415375 112.14
30.402009103 112.14
30.8442165082 112.15
31.2928559682 112.16
31.7480210394 112.18
32.209806639 112.19
32.6783090648 112.20
33.1536260154 112.21
33.6358566101 112.21
34.1251014105 112.20
34.6214624402 112.19
35.1250432075 112.18
35.6359487256 112.16
36.1542855356 112.15
36.6801617282 112.12
37.2136869661 112.10
37.7549725073 112.08
38.3041312279 112.06
38.8612776461 112.04
39.4265279456 112.03
40 112.01
40.5818133975 112.00
41.1720894657 111.99
41.7709512971 111.97
42.3785237744 111.95
42.9949335968 111.93
43.6203093066 111.91
44.2547813156 111.88
44.8984819324 111.86
45.5515453903 111.83
46.2141078749 111.80
46.8863075528 111.77
47.5682846001 111.74
48.260181232 111.71
48.9621417322 111.67
49.6743124829 111.64
50.3968419958 111.61
51.1298809424 111.57
51.873582186 111.54
52.6281008133 111.50
53.3935941668 111.46
54.1702218775 111.42
54.9581458983 111.39
55.757530538 111.35
56.5685424949 111.30
57.3913508924 111.26
58.2261273137 111.21
59.0730458376 111.17
59.9322830751 111.12
60.804018206 111.07
61.6884330163 111.03
62.5857119363 110.98
63.4960420787 110.93
64.419613278 110.89
65.3566181296 110.84
66.3072520307 110.79
67.2717132203 110.73
68.2502028209 110.68
69.2429248805 110.62
70.2500864149 110.56
71.2718974512 110.51
72.3085710713 110.45
73.3603234564 110.39
74.4273739322 110.33
75.5099450145 110.27
76.6082624559 110.20
77.7225552923 110.14
78.8530558912 110.08
80 110.02
81.163626795 109.96
82.3441789315 109.89
83.5419025942 109.83
84.7570475487 109.76
85.9898671937 109.70
87.2406186132 109.63
88.5095626311 109.56
89.7969638648 109.49
91.1030907805 109.42
92.4282157498 109.35
93.7726151055 109.28
95.1365692002 109.21
96.520362464 109.14
97.9242834644 109.06
99.3486249659 108.99
100.7936839916 108.92
102.2597618848 108.84
103.7471643721 108.76
105.2562016267 108.69
106.7871883336 108.61
108.340443755 108.53
109.9162917966 108.45
111.5150610759 108.37
113.1370849898 108.29
114.7827017849 108.21
116.4522546274 108.13
118.1460916752 108.05
119.8645661501 107.97
121.6080364119 107.89
123.3768660326 107.81
125.1714238726 107.73
126.9920841575 107.64
128.8392265559 107.56
130.7132362593 107.47
132.6145040614 107.39
134.5434264406 107.30
136.5004056418 107.21
138.485849761 107.13
140.5001728299 107.04
142.5437949025 106.95
144.6171421426 106.86
146.7206469127 106.77
148.8547478643 106.68
151.0198900291 106.59
153.2165249118 106.50
155.4451105846 106.41
157.7061117824 106.31
160 106.22
162.32725359 106.13
164.688357863 106.04
167.0838051884 105.95
169.5140950975 105.86
171.9797343873 105.77
174.4812372264 105.68
177.0191252622 105.60
179.5939277295 105.51
182.2061815611 105.43
184.8564314996 105.35
187.5452302111 105.27
190.2731384004 105.21
193.0407249281 105.14
195.8485669287 105.08
198.6972499318 105.02
201.5873679832 104.96
204.5195237697 104.89
207.4943287442 104.81
210.5124032534 104.73
213.5743766672 104.65
216.6808875099 104.56
219.8325835933 104.47
223.0301221518 104.38
226.2741699797 104.29
229.5654035698 104.19
232.9045092548 104.10
236.2921833503 104.01
239.7291323003 103.92
243.2160728239 103.83
246.7537320653 103.74
250.3428477452 103.65
253.9841683149 103.56
257.6784531119 103.47
261.4264725186 103.38
265.2290081229 103.29
269.0868528812 103.20
273.0008112836 103.11
276.971699522 103.02
281.0003456597 102.93
285.0875898049 102.85
289.2342842852 102.76
293.4412938255 102.67
297.7094957287 102.59
302.0397800581 102.51
306.4330498235 102.42
310.8902211692 102.35
315.4122235649 102.27
320 102.19
324.65450718 102.11
329.3767157259 102.03
334.1676103768 101.95
339.028190195 101.88
343.9594687746 101.80
348.9624744529 101.73
354.0382505244 101.66
359.187855459 101.59
364.4123631221 101.52
369.7128629991 101.45
375.0904604222 101.37
380.5462768009 101.29
386.0814498562 101.22
391.6971338575 101.14
397.3944998635 101.07
403.1747359664 100.99
409.0390475393 100.92
414.9886574883 100.85
421.0248065068 100.78
427.1487533344 100.71
433.3617750198 100.64
439.6651671866 100.57
446.0602443037 100.50
452.5483399594 100.44
459.1308071395 100.37
465.8090185095 100.31
472.5843667007 100.24
479.4582646005 100.18
486.4321456477 100.12
493.5074641306 100.06
500.6856954905 100.00
507.9683366298 99.94
515.3569062238 99.88
522.8529450372 99.82
530.4580162458 99.76
538.1737057624 99.71
546.0016225673 99.66
553.9433990439 99.60
562.0006913195 99.55
570.1751796098 99.50
578.4685685703 99.46
586.882587651 99.41
595.4189914574 99.36
604.0795601163 99.32
612.8660996471 99.28
621.7804423383 99.24
630.8244471297 99.20
640 99.16
649.30901436 99.12
658.7534314519 99.09
668.3352207536 99.06
678.05638039 99.03
687.9189375493 99.00
697.9249489058 98.98
708.0765010489 98.96
718.375710918 98.94
728.8247262443 98.92
739.4257259983 98.91
750.1809208443 98.90
761.0925536018 98.90
772.1628997124 98.90
783.394267715 98.90
794.7889997271 98.90
806.3494719327 98.90
818.0780950787 98.88
829.9773149767 98.85
842.0496130136 98.81
854.2975066688 98.77
866.7235500396 98.75
879.3303343732 98.75
892.1204886074 98.76
905.0966799188 98.80
918.2616142791 98.87
931.618037019 98.97
945.1687334013 99.10
958.9165292011 99.22
972.8642912955 99.33
987.0149282611 99.42
1001.371390981 99.51
1015.9366732597 99.60
1030.7138124476 99.69
1045.7058900743 99.78
1060.9160324916 99.88
1076.3474115248 99.98
1092.0032451345 100.08
1107.8867980879 100.18
1124.0013826389 100.29
1140.3503592197 100.40
1156.9371371406 100.51
1173.765175302 100.62
1190.8379829148 100.73
1208.1591202326 100.85
1225.7321992942 100.96
1243.5608846767 101.08
1261.6488942595 101.20
1280 101.32
1298.6180287201 101.44
1317.5068629037 101.57
1336.6704415071 101.70
1356.1127607799 101.83
1375.8378750985 101.96
1395.8498978116 102.10
1416.1530020977 102.24
1436.751421836 102.38
1457.6494524886 102.52
1478.8514519966 102.66
1500.3618416887 102.80
1522.1851072035 102.94
1544.3257994247 103.07
1566.78853543 103.21
1589.5779994541 103.36
1612.6989438655 103.50
1636.1561901574 103.66
1659.9546299533 103.82
1684.0992260271 103.99
1708.5950133377 104.17
1733.4471000793 104.36
1758.6606687464 104.56
1784.2409772148 104.77
1810.1933598376 105.00
1836.5232285581 105.23
1863.2360740381 105.46
1890.3374668026 105.71
1917.8330584022 105.95
1945.7285825909 106.19
1974.0298565222 106.44
2002.742781962 106.68
2031.8733465194 106.93
2061.4276248951 107.18
2091.4117801487 107.43
2121.8320649832 107.68
2152.6948230496 107.95
2184.0064902691 108.21
2215.7735961758 108.49
2248.0027652779 108.77
2280.7007184393 109.06
2313.8742742813 109.36
2347.530350604 109.67
2381.6759658296 109.98
2416.3182404652 110.31
2451.4643985884 110.64
2487.1217693533 110.97
2523.297788519 111.31
2560.0000000001 111.66
2597.2360574402 112.00
2635.0137258074 112.35
2673.3408830143 112.68
2712.2255215599 113.02
2751.6757501971 113.33
2791.6997956232 113.64
2832.3060041955 113.91
2873.5028436721 114.17
2915.2989049772 114.40
2957.7029039931 114.59
3000.7236833774 114.75
3044.3702144071 114.86
3088.6515988494 114.93
3133.57707086 114.95
3179.1559989082 114.93
3225.397887731 114.87
3272.3123803148 114.77
3319.9092599067 114.65
3368.1984520542 114.50
3417.1900266754 114.33
3466.8942001586 114.16
3517.3213374928 113.98
3568.4819544296 113.81
3620.3867196753 113.65
3673.0464571163 113.49
3726.4721480761 113.35
3780.6749336053 113.23
3835.6661168044 113.12
3891.4571651819 113.03
3948.0597130445 112.95
4005.4855639241 112.91
4063.7466930387 112.88
4122.8552497902 112.88
4182.8235602974 112.90
4243.6641299665 112.93
4305.3896460992 112.96
4368.0129805382 113.00
4431.5471923516 113.05
4496.0055305558 113.11
4561.4014368787 113.19
4627.7485485626 113.27
4695.0607012081 113.33
4763.3519316592 113.35
4832.6364809305 113.32
4902.9287971769 113.24
4974.2435387067 113.11
5046.595577038 112.91
5120.0000000002 112.66
5194.4721148803 112.35
5270.0274516149 111.99
5346.6817660286 111.57
5424.4510431198 111.12
5503.3515003942 110.64
5583.3995912463 110.14
5664.6120083911 109.63
5747.0056873442 109.12
5830.5978099545 108.61
5915.4058079863 108.12
6001.4473667548 107.65
6088.7404288142 107.20
6177.3031976989 106.76
6267.1541417201 106.35
6358.3119978165 105.95
6450.795775462 105.58
6544.6247606297 105.24
6639.8185198134 104.93
6736.3969041085 104.67
6834.3800533509 104.45
6933.7884003172 104.27
7034.6426749857 104.15
7136.9639088592 104.09
7240.7734393506 104.09
7346.0929142326 104.16
7452.9442961523 104.30
7561.3498672106 104.52
7671.3322336089 104.83
7782.9143303638 105.23
7896.119426089 105.74
8010.9711278481 106.38
8127.4933860775 107.16
8245.7104995805 108.07
8365.6471205948 109.08
8487.328259933 110.08
8610.7792921984 110.93
8736.0259610765 111.46
8863.0943847033 111.55
8992.0110611117 111.12
9122.8028737575 110.22
9255.4970971253 108.95
9390.1214024162 107.48
9526.7038633184 105.98
9665.272961861 104.55
9805.8575943538 103.24
9948.4870774134 102.08
10093.191154076 101.08
10240.0000000005 100.21
10388.9442297607 99.46
10540.0549032298 98.84
10693.3635320572 98.32
10848.9020862397 97.91
11006.7030007884 97.60
11166.7991824927 97.39
11329.2240167822 97.31
11494.0113746885 97.32
11661.1956199091 97.48
11830.8116159726 97.72
12002.8947335097 98.09
12177.4808576284 98.58
12354.6063953979 99.34
12534.3082834402 100.31
12716.6239956331 101.57
12901.5915509241 103.10
13089.2495212594 104.74
13279.637039627 106.32
13472.7938082171 107.61
13668.7601067018 108.32
13867.5768006344 108.27
14069.2853499715 107.45
14273.9278177184 106.13
14481.5468787012 104.51
14692.1858284653 102.91
14905.8885923047 101.55
15122.6997344212 100.51
15342.6644672179 99.83
15565.8286607277 99.51
15792.2388521781 99.53
16021.9422556964 99.90
16254.9867721551 100.58
16491.4209991611 101.52
16731.2942411897 102.55
16974.656519866 103.50
17221.5585843969 104.17
17472.0519221531 104.41
17726.1887694067 104.19
17984.0221222235 103.60
18245.605747515 102.82
18510.9941942506 102.10
18780.2428048326 101.64
19053.4077266369 101.46
19330.545923722 101.39
19611.7151887077 101.23
19896.9741548268 101.11
20186.382308152 101.11
