20 44.94
20.2909066988 45.16
20.5860447329 45.37
20.8854756485 45.58
21.1892618872 45.77
21.4974667984 45.94
21.8101546533 46.09
22.1273906578 46.21
22.4492409662 46.32
22.7757726951 46.41
23.1070539374 46.49
23.4431537764 46.56
23.7841423001 46.60
24.130090616 46.63
24.4810708661 46.65
24.8371562415 46.67
25.1984209979 46.71
25.5649404712 46.76
25.936791093 46.82
26.3140504067 46.91
26.6967970834 47.01
27.0851109387 47.13
27.4790729492 47.26
27.878765269 47.40
28.2842712475 47.56
28.6956754462 47.71
29.1130636568 47.86
29.5365229188 48.01
29.9661415375 48.13
30.402009103 48.26
30.8442165082 48.37
31.2928559682 48.47
31.7480210394 48.56
32.209806639 48.63
32.6783090648 48.68
33.1536260154 48.73
33.6358566101 48.78
34.1251014105 48.85
34.6214624402 48.93
35.1250432075 49.02
35.6359487256 49.11
36.1542855356 49.21
36.6801617282 49.30
37.2136869661 49.40
37.7549725073 49.50
38.3041312279 49.60
38.8612776461 49.69
39.4265279456 49.78
40 49.87
40.5818133975 49.94
41.1720894657 50.01
41.7709512971 50.08
42.3785237744 50.15
42.9949335968 50.22
43.6203093066 50.29
44.2547813156 50.37
44.8984819324 50.44
45.5515453903 50.51
46.2141078749 50.59
46.8863075528 50.66
47.5682846001 50.72
48.260181232 50.79
48.9621417322 50.84
49.6743124829 50.90
50.3968419958 50.95
51.1298809424 51.02
51.873582186 51.08
52.6281008133 51.14
53.3935941668 51.20
54.1702218775 51.25
54.9581458983 51.30
55.757530538 51.35
56.5685424949 51.39
57.3913508924 51.44
58.2261273137 51.49
59.0730458376 51.53
59.9322830751 51.58
60.804018206 51.63
61.6884330163 51.67
62.5857119363 51.71
63.4960420787 51.74
64.419613278 51.78
65.3566181296 51.81
66.3072520307 51.83
67.2717132203 51.86
68.2502028209 51.89
69.2429248805 51.92
70.2500864149 51.95
71.2718974512 51.98
72.3085710713 52.01
73.3603234564 52.03
74.4273739322 52.05
75.5099450145 52.07
76.6082624559 52.09
77.7225552923 52.10
78.8530558912 52.12
80 52.13
81.163626795 52.13
82.3441789315 52.14
83.5419025942 52.15
84.7570475487 52.15
85.9898671937 52.16
87.2406186132 52.16
88.5095626311 52.16
89.7969638648 52.16
91.1030907805 52.17
92.4282157498 52.17
93.7726151055 52.17
95.1365692002 52.16
96.520362464 52.15
97.9242834644 52.14
99.3486249659 52.13
100.7936839916 52.13
102.2597618848 52.12
103.7471643721 52.11
105.2562016267 52.10
106.7871883336 52.09
108.340443755 52.07
109.9162917966 52.05
111.5150610759 52.02
113.1370849898 52.00
114.7827017849 51.98
116.4522546274 51.96
118.1460916752 51.93
119.8645661501 51.91
121.6080364119 51.88
123.3768660326 51.86
125.1714238726 51.83
126.9920841575 51.80
128.8392265559 51.76
130.7132362593 51.72
132.6145040614 51.69
134.5434264406 51.66
136.5004056418 51.63
138.485849761 51.59
140.5001728299 51.56
142.5437949025 51.52
144.6171421426 51.48
146.7206469127 51.44
148.8547478643 51.40
151.0198900291 51.35
153.2165249118 51.31
155.4451105846 51.26
157.7061117824 51.22
160 51.17
162.32725359 51.12
164.688357863 51.07
167.0838051884 51.02
169.5140950975 50.97
171.9797343873 50.92
174.4812372264 50.87
177.0191252622 50.81
179.5939277295 50.75
182.2061815611 50.70
184.8564314996 50.64
187.5452302111 50.58
190.2731384004 50.52
193.0407249281 50.46
195.8485669287 50.39
198.6972499318 50.33
201.5873679832 50.28
204.5195237697 50.23
207.4943287442 50.17
210.5124032534 50.12
213.5743766672 50.06
216.6808875099 50.00
219.8325835933 49.93
223.0301221518 49.87
226.2741699797 49.81
229.5654035698 49.75
232.9045092548 49.68
236.2921833503 49.61
239.7291323003 49.55
243.2160728239 49.48
246.7537320653 49.42
250.3428477452 49.35
253.9841683149 49.29
257.6784531119 49.23
261.4264725186 49.17
265.2290081229 49.10
269.0868528812 49.04
273.0008112836 48.97
276.971699522 48.91
281.0003456597 48.84
285.0875898049 48.78
289.2342842852 48.71
293.4412938255 48.64
297.7094957287 48.58
302.0397800581 48.52
306.4330498235 48.45
310.8902211692 48.39
315.4122235649 48.32
320 48.26
324.65450718 48.20
329.3767157259 48.14
334.1676103768 48.07
339.028190195 48.01
343.9594687746 47.95
348.9624744529 47.89
354.0382505244 47.83
359.187855459 47.76
364.4123631221 47.70
369.7128629991 47.64
375.0904604222 47.57
380.5462768009 47.51
386.0814498562 47.45
391.6971338575 47.38
397.3944998635 47.32
403.1747359664 47.26
409.0390475393 47.20
414.9886574883 47.14
421.0248065068 47.08
427.1487533344 47.03
433.3617750198 46.98
439.6651671866 46.93
446.0602443037 46.89
452.5483399594 46.84
459.1308071395 46.80
465.8090185095 46.76
472.5843667007 46.72
479.4582646005 46.68
486.4321456477 46.64
493.5074641306 46.60
500.6856954905 46.56
507.9683366298 46.52
515.3569062238 46.49
522.8529450372 46.46
530.4580162458 46.43
538.1737057624 46.40
546.0016225673 46.38
553.9433990439 46.35
562.0006913195 46.33
570.1751796098 46.30
578.4685685703 46.28
586.882587651 46.27
595.4189914574 46.26
604.0795601163 46.26
612.8660996471 46.26
621.7804423383 46.26
630.8244471297 46.26
640 46.26
649.30901436 46.26
658.7534314519 46.27
668.3352207536 46.27
678.05638039 46.28
687.9189375493 46.29
697.9249489058 46.32
708.0765010489 46.35
718.375710918 46.39
728.8247262443 46.45
739.4257259983 46.52
750.1809208443 46.61
761.0925536018 46.71
772.1628997124 46.83
783.394267715 46.95
794.7889997271 47.08
806.3494719327 47.22
818.0780950787 47.35
829.9773149767 47.48
842.0496130136 47.62
854.2975066688 47.75
866.7235500396 47.89
879.3303343732 48.02
892.1204886074 48.17
905.0966799188 48.32
918.2616142791 48.47
931.618037019 48.64
945.1687334013 48.81
958.9165292011 48.98
972.8642912955 49.17
987.0149282611 49.36
1001.371390981 49.55
1015.9366732597 49.76
1030.7138124476 49.97
1045.7058900743 50.18
1060.9160324916 50.40
1076.3474115248 50.63
1092.0032451345 50.85
1107.8867980879 51.08
1124.0013826389 51.32
1140.3503592197 51.55
1156.9371371406 51.78
1173.765175302 52.01
1190.8379829148 52.24
1208.1591202326 52.47
1225.7321992942 52.70
1243.5608846767 52.92
1261.6488942595 53.14
1280 53.35
1298.6180287201 53.56
1317.5068629037 53.76
1336.6704415071 53.96
1356.1127607799 54.15
1375.8378750985 54.34
1395.8498978116 54.51
1416.1530020977 54.68
1436.751421836 54.85
1457.6494524886 55.01
1478.8514519966 55.16
1500.3618416887 55.30
1522.1851072035 55.44
1544.3257994247 55.56
1566.78853543 55.68
1589.5779994541 55.80
1612.6989438655 55.90
1636.1561901574 56.00
1659.9546299533 56.09
1684.0992260271 56.18
1708.5950133377 56.26
1733.4471000793 56.33
1758.6606687464 56.40
1784.2409772148 56.46
1810.1933598376 56.52
1836.5232285581 56.57
1863.2360740381 56.62
1890.3374668026 56.67
1917.8330584022 56.71
1945.7285825909 56.75
1974.0298565222 56.79
2002.742781962 56.82
2031.8733465194 56.86
2061.4276248951 56.89
2091.4117801487 56.92
2121.8320649832 56.94
2152.6948230496 56.97
2184.0064902691 57.00
2215.7735961758 57.02
2248.0027652779 57.05
2280.7007184393 57.07
2313.8742742813 57.09
2347.530350604 57.11
2381.6759658296 57.13
2416.3182404652 57.14
2451.4643985884 57.15
2487.1217693533 57.16
2523.297788519 57.17
2560.0000000001 57.17
2597.2360574402 57.17
2635.0137258074 57.16
2673.3408830143 57.15
2712.2255215599 57.12
2751.6757501971 57.09
2791.6997956232 57.05
2832.3060041955 56.99
2873.5028436721 56.93
2915.2989049772 56.85
2957.7029039931 56.76
3000.7236833774 56.67
3044.3702144071 56.58
3088.6515988494 56.48
3133.57707086 56.39
3179.1559989082 56.29
3225.397887731 56.19
3272.3123803148 56.09
3319.9092599067 56.00
3368.1984520542 55.93
3417.1900266754 55.86
3466.8942001586 55.81
3517.3213374928 55.77
3568.4819544296 55.73
3620.3867196753 55.70
3673.0464571163 55.68
3726.4721480761 55.66
3780.6749336053 55.64
3835.6661168044 55.64
3891.4571651819 55.64
3948.0597130445 55.65
4005.4855639241 55.68
4063.7466930387 55.72
4122.8552497902 55.78
4182.8235602974 55.87
4243.6641299665 55.97
4305.3896460992 56.09
4368.0129805382 56.23
4431.5471923516 56.39
4496.0055305558 56.56
4561.4014368787 56.74
4627.7485485626 56.92
4695.0607012081 57.10
4763.3519316592 57.27
4832.6364809305 57.42
4902.9287971769 57.52
4974.2435387067 57.57
5046.595577038 57.55
5120.0000000002 57.46
5194.4721148803 57.29
5270.0274516149 57.04
5346.6817660286 56.72
5424.4510431198 56.34
5503.3515003942 55.91
5583.3995912463 55.45
5664.6120083911 54.97
5747.0056873442 54.48
5830.5978099545 54.01
5915.4058079863 53.56
6001.4473667548 53.15
6088.7404288142 52.78
6177.3031976989 52.47
6267.1541417201 52.21
6358.3119978165 52.01
6450.795775462 51.87
6544.6247606297 51.80
6639.8185198134 51.80
6736.3969041085 51.89
6834.3800533509 52.07
6933.7884003172 52.35
7034.6426749857 52.72
7136.9639088592 53.20
7240.7734393506 53.76
7346.0929142326 54.33
7452.9442961523 54.84
7561.3498672106 55.15
7671.3322336089 55.18
7782.9143303638 54.87
7896.119426089 54.20
8010.9711278481 53.20
8127.4933860775 51.97
8245.7104995805 50.63
8365.6471205948 49.28
8487.328259933 47.99
8610.7792921984 46.81
8736.0259610765 45.75
8863.0943847033 44.82
8992.0110611117 44.04
9122.8028737575 43.41
9255.4970971253 42.92
9390.1214024162 42.58
9526.7038633184 42.36
9665.272961861 42.27
9805.8575943538 42.27
9948.4870774134 42.37
10093.191154076 42.56
10240.0000000005 42.78
10388.9442297607 43.01
10540.0549032298 43.19
10693.3635320572 43.31
10848.9020862397 43.33
11006.7030007884 43.27
11166.7991824927 43.13
11329.2240167822 42.92
11494.0113746885 42.68
11661.1956199091 42.37
11830.8116159726 42.02
12002.8947335097 41.58
12177.4808576284 41.11
12354.6063953979 40.61
12534.3082834402 40.13
12716.6239956331 39.74
12901.5915509241 39.53
13089.2495212594 39.40
13279.637039627 39.46
13472.7938082171 39.74
13668.7601067018 40.21
13867.5768006344 40.86
14069.2853499715 41.61
14273.9278177184 42.40
14481.5468787012 43.08
14692.1858284653 43.51
14905.8885923047 43.64
15122.6997344212 43.45
15342.6644672179 43.01
15565.8286607277 42.39
15792.2388521781 41.70
16021.9422556964 41.03
16254.9867721551 40.41
16491.4209991611 39.85
16731.2942411897 39.32
16974.656519866 38.81
17221.5585843969 38.31
17472.0519221531 37.83
17726.1887694067 37.42
17984.0221222235 37.21
18245.605747515 37.28
18510.9941942506 37.61
18780.2428048326 37.99
19053.4077266369 38.19
19330.545923722 38.06
19611.7151887077 37.60
19896.9741548268 36.88
20186.382308152 36.59
