20 110.22
20.2909066988 110.19
20.5860447329 110.16
20.8854756485 110.12
21.1892618872 110.08
21.4974667984 110.02
21.8101546533 109.97
22.1273906578 109.91
22.4492409662 109.86
22.7757726951 109.80
23.1070539374 109.74
23.4431537764 109.67
23.7841423001 109.62
24.130090616 109.57
24.4810708661 109.54
24.8371562415 109.53
25.1984209979 109.52
25.5649404712 109.52
25.936791093 109.51
26.3140504067 109.49
26.6967970834 109.47
27.0851109387 109.45
27.4790729492 109.43
27.878765269 109.41
28.2842712475 109.39
28.6956754462 109.37
29.1130636568 109.33
29.5365229188 109.27
29.9661415375 109.21
30.402009103 109.14
30.8442165082 109.09
31.2928559682 109.04
31.7480210394 109.00
32.209806639 108.95
32.6783090648 108.90
33.1536260154 108.85
33.6358566101 108.79
34.1251014105 108.74
34.6214624402 108.69
35.1250432075 108.65
35.6359487256 108.62
36.1542855356 108.57
36.6801617282 108.53
37.2136869661 108.49
37.7549725073 108.45
38.3041312279 108.42
38.8612776461 108.38
39.4265279456 108.31
40 108.24
40.5818133975 108.16
41.1720894657 108.10
41.7709512971 108.06
42.3785237744 108.01
42.9949335968 107.95
43.6203093066 107.87
44.2547813156 107.80
44.8984819324 107.73
45.5515453903 107.67
46.2141078749 107.62
46.8863075528 107.57
47.5682846001 107.52
48.260181232 107.47
48.9621417322 107.40
49.6743124829 107.35
50.3968419958 107.29
51.1298809424 107.23
51.873582186 107.17
52.6281008133 107.10
53.3935941668 107.03
54.1702218775 106.96
54.9581458983 106.89
55.757530538 106.82
56.5685424949 106.76
57.3913508924 106.69
58.2261273137 106.63
59.0730458376 106.56
59.9322830751 106.49
60.804018206 106.40
61.6884330163 106.32
62.5857119363 106.22
63.4960420787 106.13
64.419613278 106.04
65.3566181296 105.95
66.3072520307 105.89
67.2717132203 105.84
68.2502028209 105.79
69.2429248805 105.73
70.2500864149 105.65
71.2718974512 105.58
72.3085710713 105.50
73.3603234564 105.43
74.4273739322 105.35
75.5099450145 105.29
76.6082624559 105.23
77.7225552923 105.16
78.8530558912 105.09
80 105.01
81.163626795 104.92
82.3441789315 104.83
83.5419025942 104.75
84.7570475487 104.67
85.9898671937 104.58
87.2406186132 104.50
88.5095626311 104.41
89.7969638648 104.33
91.1030907805 104.25
92.4282157498 104.18
93.7726151055 104.10
95.1365692002 104.03
96.520362464 103.96
97.9242834644 103.88
99.3486249659 103.80
100.7936839916 103.71
102.2597618848 103.62
103.7471643721 103.55
105.2562016267 103.48
106.7871883336 103.41
108.340443755 103.34
109.9162917966 103.26
111.5150610759 103.18
113.1370849898 103.11
114.7827017849 103.03
116.4522546274 102.96
118.1460916752 102.89
119.8645661501 102.81
121.6080364119 102.74
123.3768660326 102.66
125.1714238726 102.58
126.9920841575 102.51
128.8392265559 102.43
130.7132362593 102.35
132.6145040614 102.28
134.5434264406 102.21
136.5004056418 102.15
138.485849761 102.09
140.5001728299 102.02
142.5437949025 101.94
144.6171421426 101.87
146.7206469127 101.79
148.8547478643 101.73
151.0198900291 101.67
153.2165249118 101.62
155.4451105846 101.57
157.7061117824 101.52
160 101.46
162.32725359 101.40
164.688357863 101.32
167.0838051884 101.23
169.5140950975 101.16
171.9797343873 101.10
174.4812372264 101.05
177.0191252622 101.00
179.5939277295 100.95
182.2061815611 100.90
184.8564314996 100.85
187.5452302111 100.79
190.2731384004 100.74
193.0407249281 100.69
195.8485669287 100.63
198.6972499318 100.59
201.5873679832 100.55
204.5195237697 100.52
207.4943287442 100.48
210.5124032534 100.43
213.5743766672 100.38
216.6808875099 100.34
219.8325835933 100.30
223.0301221518 100.26
226.2741699797 100.22
229.5654035698 100.19
232.9045092548 100.16
236.2921833503 100.13
239.7291323003 100.11
243.2160728239 100.09
246.7537320653 100.07
250.3428477452 100.05
253.9841683149 100.02
257.6784531119 99.98
261.4264725186 99.96
265.2290081229 99.94
269.0868528812 99.93
273.0008112836 99.92
276.971699522 99.91
281.0003456597 99.89
285.0875898049 99.88
289.2342842852 99.86
293.4412938255 99.86
297.7094957287 99.84
302.0397800581 99.83
306.4330498235 99.82
310.8902211692 99.82
315.4122235649 99.82
320 99.82
324.65450718 99.82
329.3767157259 99.82
334.1676103768 99.83
339.028190195 99.83
343.9594687746 99.83
348.9624744529 99.84
354.0382505244 99.85
359.187855459 99.85
364.4123631221 99.86
369.7128629991 99.87
375.0904604222 99.88
380.5462768009 99.90
386.0814498562 99.92
391.6971338575 99.95
397.3944998635 99.97
403.1747359664 100.00
409.0390475393 100.03
414.9886574883 100.05
421.0248065068 100.08
427.1487533344 100.10
433.3617750198 100.13
439.6651671866 100.16
446.0602443037 100.19
452.5483399594 100.23
459.1308071395 100.27
465.8090185095 100.31
472.5843667007 100.34
479.4582646005 100.38
486.4321456477 100.42
493.5074641306 100.46
500.6856954905 100.50
507.9683366298 100.54
515.3569062238 100.58
522.8529450372 100.62
530.4580162458 100.66
538.1737057624 100.71
546.0016225673 100.75
553.9433990439 100.79
562.0006913195 100.84
570.1751796098 100.88
578.4685685703 100.93
586.882587651 100.98
595.4189914574 101.02
604.0795601163 101.07
612.8660996471 101.12
621.7804423383 101.16
630.8244471297 101.21
640 101.25
649.30901436 101.30
658.7534314519 101.34
668.3352207536 101.38
678.05638039 101.42
687.9189375493 101.46
697.9249489058 101.50
708.0765010489 101.55
718.375710918 101.59
728.8247262443 101.65
739.4257259983 101.70
750.1809208443 101.75
761.0925536018 101.80
772.1628997124 101.84
783.394267715 101.89
794.7889997271 101.93
806.3494719327 101.98
818.0780950787 102.02
829.9773149767 102.07
842.0496130136 102.12
854.2975066688 102.17
866.7235500396 102.23
879.3303343732 102.28
892.1204886074 102.34
905.0966799188 102.40
918.2616142791 102.46
931.618037019 102.53
945.1687334013 102.59
958.9165292011 102.66
972.8642912955 102.74
987.0149282611 102.82
1001.371390981 102.89
1015.9366732597 102.97
1030.7138124476 103.04
1045.7058900743 103.12
1060.9160324916 103.20
1076.3474115248 103.28
1092.0032451345 103.35
1107.8867980879 103.43
1124.0013826389 103.51
1140.3503592197 103.58
1156.9371371406 103.65
1173.765175302 103.72
1190.8379829148 103.79
1208.1591202326 103.85
1225.7321992942 103.91
1243.5608846767 103.96
1261.6488942595 104.01
1280 104.05
1298.6180287201 104.09
1317.5068629037 104.13
1336.6704415071 104.16
1356.1127607799 104.19
1375.8378750985 104.21
1395.8498978116 104.24
1416.1530020977 104.26
1436.751421836 104.28
1457.6494524886 104.29
1478.8514519966 104.31
1500.3618416887 104.33
1522.1851072035 104.35
1544.3257994247 104.37
1566.78853543 104.38
1589.5779994541 104.40
1612.6989438655 104.42
1636.1561901574 104.45
1659.9546299533 104.47
1684.0992260271 104.49
1708.5950133377 104.52
1733.4471000793 104.55
1758.6606687464 104.58
1784.2409772148 104.61
1810.1933598376 104.65
1836.5232285581 104.69
1863.2360740381 104.73
1890.3374668026 104.77
1917.8330584022 104.82
1945.7285825909 104.87
1974.0298565222 104.93
2002.742781962 104.98
2031.8733465194 105.02
2061.4276248951 105.07
2091.4117801487 105.11
2121.8320649832 105.16
2152.6948230496 105.20
2184.0064902691 105.24
2215.7735961758 105.28
2248.0027652779 105.32
2280.7007184393 105.35
2313.8742742813 105.38
2347.530350604 105.41
2381.6759658296 105.44
2416.3182404652 105.46
2451.4643985884 105.48
2487.1217693533 105.49
2523.297788519 105.48
2560.0000000001 105.46
2597.2360574402 105.43
2635.0137258074 105.38
2673.3408830143 105.31
2712.2255215599 105.23
2751.6757501971 105.14
2791.6997956232 105.03
2832.3060041955 104.91
2873.5028436721 104.78
2915.2989049772 104.65
2957.7029039931 104.50
3000.7236833774 104.35
3044.3702144071 104.19
3088.6515988494 104.04
3133.57707086 103.88
3179.1559989082 103.73
3225.397887731 103.59
3272.3123803148 103.45
3319.9092599067 103.33
3368.1984520542 103.23
3417.1900266754 103.14
3466.8942001586 103.07
3517.3213374928 103.01
3568.4819544296 102.97
3620.3867196753 102.95
3673.0464571163 102.95
3726.4721480761 102.96
3780.6749336053 102.98
3835.6661168044 103.02
3891.4571651819 103.07
3948.0597130445 103.13
4005.4855639241 103.20
4063.7466930387 103.26
4122.8552497902 103.29
4182.8235602974 103.29
4243.6641299665 103.33
4305.3896460992 103.45
4368.0129805382 103.64
4431.5471923516 103.87
4496.0055305558 104.13
4561.4014368787 104.41
4627.7485485626 104.71
4695.0607012081 105.00
4763.3519316592 105.28
4832.6364809305 105.51
4902.9287971769 105.71
4974.2435387067 105.90
5046.595577038 106.12
5120.0000000002 106.37
5194.4721148803 106.69
5270.0274516149 107.08
5346.6817660286 107.53
5424.4510431198 108.02
5503.3515003942 108.56
5583.3995912463 109.12
5664.6120083911 109.69
5747.0056873442 110.26
5830.5978099545 110.81
5915.4058079863 111.33
6001.4473667548 111.81
6088.7404288142 112.23
6177.3031976989 112.61
6267.1541417201 112.93
6358.3119978165 113.21
6450.795775462 113.45
6544.6247606297 113.65
6639.8185198134 113.80
6736.3969041085 113.89
6834.3800533509 113.90
6933.7884003172 113.78
7034.6426749857 113.53
7136.9639088592 113.10
7240.7734393506 112.51
7346.0929142326 111.77
7452.9442961523 110.89
7561.3498672106 109.91
7671.3322336089 108.87
7782.9143303638 107.80
7896.119426089 106.75
8010.9711278481 105.73
8127.4933860775 104.77
8245.7104995805 103.87
8365.6471205948 103.05
8487.328259933 102.29
8610.7792921984 101.60
8736.0259610765 100.97
8863.0943847033 100.38
8992.0110611117 99.84
9122.8028737575 99.34
9255.4970971253 98.87
9390.1214024162 98.44
9526.7038633184 98.04
9665.272961861 97.68
9805.8575943538 97.38
9948.4870774134 97.13
10093.191154076 96.94
10240.0000000005 96.82
10388.9442297607 96.77
10540.0549032298 96.78
10693.3635320572 96.86
10848.9020862397 96.99
11006.7030007884 97.18
11166.7991824927 97.42
11329.2240167822 97.74
11494.0113746885 98.14
11661.1956199091 98.67
11830.8116159726 99.25
12002.8947335097 99.87
12177.4808576284 100.46
12354.6063953979 100.97
12534.3082834402 101.36
12716.6239956331 101.59
12901.5915509241 101.64
13089.2495212594 101.62
13279.637039627 101.57
13472.7938082171 101.54
13668.7601067018 101.63
13867.5768006344 101.88
14069.2853499715 102.29
14273.9278177184 102.78
14481.5468787012 103.21
14692.1858284653 103.32
14905.8885923047 102.95
15122.6997344212 102.04
15342.6644672179 100.65
15565.8286607277 98.91
15792.2388521781 97.04
16021.9422556964 95.21
16254.9867721551 93.55
16491.4209991611 92.11
16731.2942411897 90.86
16974.656519866 89.72
17221.5585843969 88.58
17472.0519221531 87.35
17726.1887694067 85.95
17984.0221222235 84.35
18245.605747515 82.67
18510.9941942506 81.19
18780.2428048326 80.16
19053.4077266369 79.47
19330.545923722 78.87
19611.7151887077 78.26
19896.9741548268 77.65
20186.382308152 77.44
