20 94.48
20.2909066988 94.49
20.5860447329 94.50
20.8854756485 94.52
21.1892618872 94.53
21.4974667984 94.56
21.8101546533 94.58
22.1273906578 94.60
22.4492409662 94.60
22.7757726951 94.60
23.1070539374 94.59
23.4431537764 94.58
23.7841423001 94.57
24.130090616 94.58
24.4810708661 94.60
24.8371562415 94.63
25.1984209979 94.66
25.5649404712 94.68
25.936791093 94.69
26.3140504067 94.70
26.6967970834 94.72
27.0851109387 94.75
27.4790729492 94.79
27.878765269 94.83
28.2842712475 94.87
28.6956754462 94.90
29.1130636568 94.92
29.5365229188 94.93
29.9661415375 94.95
30.402009103 94.96
30.8442165082 94.97
31.2928559682 94.99
31.7480210394 95.01
32.209806639 95.03
32.6783090648 95.05
33.1536260154 95.06
33.6358566101 95.08
34.1251014105 95.10
34.6214624402 95.12
35.1250432075 95.14
35.6359487256 95.17
36.1542855356 95.20
36.6801617282 95.22
37.2136869661 95.25
37.7549725073 95.28
38.3041312279 95.31
38.8612776461 95.33
39.4265279456 95.34
40 95.36
40.5818133975 95.37
41.1720894657 95.39
41.7709512971 95.41
42.3785237744 95.43
42.9949335968 95.46
43.6203093066 95.49
44.2547813156 95.52
44.8984819324 95.56
45.5515453903 95.59
46.2141078749 95.62
46.8863075528 95.65
47.5682846001 95.68
48.260181232 95.71
48.9621417322 95.74
49.6743124829 95.77
50.3968419958 95.80
51.1298809424 95.84
51.873582186 95.87
52.6281008133 95.91
53.3935941668 95.94
54.1702218775 95.98
54.9581458983 96.01
55.757530538 96.05
56.5685424949 96.08
57.3913508924 96.11
58.2261273137 96.15
59.0730458376 96.19
59.9322830751 96.22
60.804018206 96.26
61.6884330163 96.30
62.5857119363 96.34
63.4960420787 96.37
64.419613278 96.41
65.3566181296 96.44
66.3072520307 96.47
67.2717132203 96.50
68.2502028209 96.53
69.2429248805 96.57
70.2500864149 96.60
71.2718974512 96.64
72.3085710713 96.67
73.3603234564 96.70
74.4273739322 96.74
75.5099450145 96.77
76.6082624559 96.80
77.7225552923 96.83
78.8530558912 96.87
80 96.90
81.163626795 96.92
82.3441789315 96.95
83.5419025942 96.98
84.7570475487 97.00
85.9898671937 97.03
87.2406186132 97.06
88.5095626311 97.08
89.7969638648 97.11
91.1030907805 97.13
92.4282157498 97.15
93.7726151055 97.17
95.1365692002 97.19
96.520362464 97.21
97.9242834644 97.23
99.3486249659 97.25
100.7936839916 97.27
102.2597618848 97.29
103.7471643721 97.30
105.2562016267 97.31
106.7871883336 97.33
108.340443755 97.34
109.9162917966 97.35
111.5150610759 97.36
113.1370849898 97.37
114.7827017849 97.38
116.4522546274 97.38
118.1460916752 97.39
119.8645661501 97.39
121.6080364119 97.40
123.3768660326 97.40
125.1714238726 97.40
126.9920841575 97.40
128.8392265559 97.40
130.7132362593 97.39
132.6145040614 97.39
134.5434264406 97.39
136.5004056418 97.38
138.485849761 97.38
140.5001728299 97.37
142.5437949025 97.37
144.6171421426 97.36
146.7206469127 97.35
148.8547478643 97.34
151.0198900291 97.34
153.2165249118 97.32
155.4451105846 97.31
157.7061117824 97.29
160 97.28
162.32725359 97.26
164.688357863 97.25
167.0838051884 97.23
169.5140950975 97.22
171.9797343873 97.20
174.4812372264 97.19
177.0191252622 97.17
179.5939277295 97.15
182.2061815611 97.12
184.8564314996 97.10
187.5452302111 97.08
190.2731384004 97.06
193.0407249281 97.03
195.8485669287 97.01
198.6972499318 96.98
201.5873679832 96.96
204.5195237697 96.93
207.4943287442 96.91
210.5124032534 96.88
213.5743766672 96.86
216.6808875099 96.83
219.8325835933 96.80
223.0301221518 96.78
226.2741699797 96.75
229.5654035698 96.72
232.9045092548 96.69
236.2921833503 96.66
239.7291323003 96.63
243.2160728239 96.60
246.7537320653 96.57
250.3428477452 96.54
253.9841683149 96.51
257.6784531119 96.48
261.4264725186 96.45
265.2290081229 96.42
269.0868528812 96.39
273.0008112836 96.36
276.971699522 96.32
281.0003456597 96.29
285.0875898049 96.26
289.2342842852 96.23
293.4412938255 96.20
297.7094957287 96.17
302.0397800581 96.14
306.4330498235 96.11
310.8902211692 96.08
315.4122235649 96.05
320 96.02
324.65450718 95.99
329.3767157259 95.96
334.1676103768 95.93
339.028190195 95.90
343.9594687746 95.87
348.9624744529 95.84
354.0382505244 95.81
359.187855459 95.78
364.4123631221 95.76
369.7128629991 95.73
375.0904604222 95.70
380.5462768009 95.67
386.0814498562 95.65
391.6971338575 95.62
397.3944998635 95.59
403.1747359664 95.57
409.0390475393 95.54
414.9886574883 95.52
421.0248065068 95.50
427.1487533344 95.48
433.3617750198 95.45
439.6651671866 95.43
446.0602443037 95.41
452.5483399594 95.39
459.1308071395 95.37
465.8090185095 95.35
472.5843667007 95.33
479.4582646005 95.32
486.4321456477 95.30
493.5074641306 95.28
500.6856954905 95.27
507.9683366298 95.26
515.3569062238 95.24
522.8529450372 95.23
530.4580162458 95.22
538.1737057624 95.21
546.0016225673 95.20
553.9433990439 95.19
562.0006913195 95.18
570.1751796098 95.17
578.4685685703 95.17
586.882587651 95.16
595.4189914574 95.16
604.0795601163 95.15
612.8660996471 95.15
621.7804423383 95.15
630.8244471297 95.15
640 95.15
649.30901436 95.15
658.7534314519 95.16
668.3352207536 95.17
678.05638039 95.17
687.9189375493 95.18
697.9249489058 95.19
708.0765010489 95.20
718.375710918 95.22
728.8247262443 95.23
739.4257259983 95.25
750.1809208443 95.27
761.0925536018 95.29
772.1628997124 95.31
783.394267715 95.34
794.7889997271 95.36
806.3494719327 95.39
818.0780950787 95.42
829.9773149767 95.45
842.0496130136 95.48
854.2975066688 95.51
866.7235500396 95.54
879.3303343732 95.58
892.1204886074 95.61
905.0966799188 95.65
918.2616142791 95.68
931.618037019 95.72
945.1687334013 95.76
958.9165292011 95.79
972.8642912955 95.83
987.0149282611 95.86
1001.371390981 95.89
1015.9366732597 95.92
1030.7138124476 95.94
1045.7058900743 95.96
1060.9160324916 95.98
1076.3474115248 95.99
1092.0032451345 95.99
1107.8867980879 95.99
1124.0013826389 95.98
1140.3503592197 95.96
1156.9371371406 95.94
1173.765175302 95.90
1190.8379829148 95.85
1208.1591202326 95.80
1225.7321992942 95.73
1243.5608846767 95.66
1261.6488942595 95.57
1280 95.48
1298.6180287201 95.38
1317.5068629037 95.28
1336.6704415071 95.18
1356.1127607799 95.08
1375.8378750985 94.98
1395.8498978116 94.90
1416.1530020977 94.84
1436.751421836 94.79
1457.6494524886 94.76
1478.8514519966 94.75
1500.3618416887 94.76
1522.1851072035 94.79
1544.3257994247 94.84
1566.78853543 94.91
1589.5779994541 95.00
1612.6989438655 95.10
1636.1561901574 95.20
1659.9546299533 95.31
1684.0992260271 95.43
1708.5950133377 95.55
1733.4471000793 95.68
1758.6606687464 95.82
1784.2409772148 95.96
1810.1933598376 96.11
1836.5232285581 96.26
1863.2360740381 96.42
1890.3374668026 96.59
1917.8330584022 96.77
1945.7285825909 96.95
1974.0298565222 97.15
2002.742781962 97.36
2031.8733465194 97.58
2061.4276248951 97.81
2091.4117801487 98.04
2121.8320649832 98.27
2152.6948230496 98.48
2184.0064902691 98.69
2215.7735961758 98.89
2248.0027652779 99.10
2280.7007184393 99.31
2313.8742742813 99.53
2347.530350604 99.77
2381.6759658296 100.02
2416.3182404652 100.27
2451.4643985884 100.51
2487.1217693533 100.72
2523.297788519 100.91
2560.0000000001 101.07
2597.2360574402 101.20
2635.0137258074 101.30
2673.3408830143 101.37
2712.2255215599 101.42
2751.6757501971 101.44
2791.6997956232 101.45
2832.3060041955 101.45
2873.5028436721 101.43
2915.2989049772 101.40
2957.7029039931 101.36
3000.7236833774 101.30
3044.3702144071 101.23
3088.6515988494 101.15
3133.57707086 101.05
3179.1559989082 100.93
3225.397887731 100.80
3272.3123803148 100.66
3319.9092599067 100.50
3368.1984520542 100.33
3417.1900266754 100.14
3466.8942001586 99.94
3517.3213374928 99.72
3568.4819544296 99.51
3620.3867196753 99.29
3673.0464571163 99.09
3726.4721480761 98.91
3780.6749336053 98.76
3835.6661168044 98.65
3891.4571651819 98.58
3948.0597130445 98.54
4005.4855639241 98.55
4063.7466930387 98.59
4122.8552497902 98.66
4182.8235602974 98.77
4243.6641299665 98.90
4305.3896460992 99.06
4368.0129805382 99.25
4431.5471923516 99.46
4496.0055305558 99.69
4561.4014368787 99.94
4627.7485485626 100.21
4695.0607012081 100.50
4763.3519316592 100.79
4832.6364809305 101.08
4902.9287971769 101.37
4974.2435387067 101.63
5046.595577038 101.86
5120.0000000002 102.05
5194.4721148803 102.18
5270.0274516149 102.26
5346.6817660286 102.28
5424.4510431198 102.23
5503.3515003942 102.13
5583.3995912463 101.96
5664.6120083911 101.74
5747.0056873442 101.49
5830.5978099545 101.22
5915.4058079863 100.94
6001.4473667548 100.67
6088.7404288142 100.41
6177.3031976989 100.18
6267.1541417201 99.98
6358.3119978165 99.84
6450.795775462 99.74
6544.6247606297 99.70
6639.8185198134 99.73
6736.3969041085 99.82
6834.3800533509 99.99
6933.7884003172 100.22
7034.6426749857 100.53
7136.9639088592 100.90
7240.7734393506 101.32
7346.0929142326 101.75
7452.9442961523 102.16
7561.3498672106 102.50
7671.3322336089 102.72
7782.9143303638 102.81
7896.119426089 102.73
8010.9711278481 102.46
8127.4933860775 102.03
8245.7104995805 101.46
8365.6471205948 100.81
8487.328259933 100.14
8610.7792921984 99.48
8736.0259610765 98.91
8863.0943847033 98.45
8992.0110611117 98.12
9122.8028737575 97.90
9255.4970971253 97.75
9390.1214024162 97.57
9526.7038633184 97.27
9665.272961861 96.77
9805.8575943538 96.08
9948.4870774134 95.28
10093.191154076 94.61
10240.0000000005 94.19
10388.9442297607 93.96
10540.0549032298 93.76
10693.3635320572 93.44
10848.9020862397 92.91
11006.7030007884 92.18
11166.7991824927 91.29
11329.2240167822 90.30
11494.0113746885 89.31
11661.1956199091 88.40
11830.8116159726 87.57
12002.8947335097 86.87
12177.4808576284 86.27
12354.6063953979 85.83
12534.3082834402 85.54
12716.6239956331 85.49
12901.5915509241 85.91
13089.2495212594 86.59
13279.637039627 87.68
13472.7938082171 89.10
13668.7601067018 90.60
13867.5768006344 91.98
14069.2853499715 93.02
14273.9278177184 93.74
14481.5468787012 93.95
14692.1858284653 93.63
14905.8885923047 92.94
15122.6997344212 91.98
15342.6644672179 90.88
15565.8286607277 89.82
15792.2388521781 88.95
16021.9422556964 88.49
16254.9867721551 88.73
16491.4209991611 89.79
16731.2942411897 91.31
16974.656519866 92.98
17221.5585843969 94.63
17472.0519221531 96.13
17726.1887694067 97.35
17984.0221222235 98.19
18245.605747515 98.57
18510.9941942506 98.45
18780.2428048326 97.83
19053.4077266369 96.76
19330.545923722 95.35
19611.7151887077 93.77
19896.9741548268 92.47
20186.382308152 92.10
