20 105.14
20.2909066988 105.16
20.5860447329 105.19
20.8854756485 105.22
21.1892618872 105.24
21.4974667984 105.25
21.8101546533 105.26
22.1273906578 105.26
22.4492409662 105.26
22.7757726951 105.26
23.1070539374 105.25
23.4431537764 105.24
23.7841423001 105.22
24.130090616 105.21
24.4810708661 105.21
24.8371562415 105.22
25.1984209979 105.23
25.5649404712 105.25
25.936791093 105.28
26.3140504067 105.31
26.6967970834 105.35
27.0851109387 105.39
27.4790729492 105.44
27.878765269 105.48
28.2842712475 105.53
28.6956754462 105.57
29.1130636568 105.60
29.5365229188 105.63
29.9661415375 105.65
30.402009103 105.66
30.8442165082 105.67
31.2928559682 105.68
31.7480210394 105.69
32.209806639 105.70
32.6783090648 105.71
33.1536260154 105.72
33.6358566101 105.74
34.1251014105 105.76
34.6214624402 105.79
35.1250432075 105.81
35.6359487256 105.83
36.1542855356 105.85
36.6801617282 105.88
37.2136869661 105.91
37.7549725073 105.93
38.3041312279 105.95
38.8612776461 105.96
39.4265279456 105.98
40 106.00
40.5818133975 106.02
41.1720894657 106.04
41.7709512971 106.05
42.3785237744 106.06
42.9949335968 106.07
43.6203093066 106.08
44.2547813156 106.10
44.8984819324 106.12
45.5515453903 106.14
46.2141078749 106.15
46.8863075528 106.16
47.5682846001 106.17
48.260181232 106.17
48.9621417322 106.18
49.6743124829 106.19
50.3968419958 106.21
51.1298809424 106.22
51.873582186 106.24
52.6281008133 106.25
53.3935941668 106.26
54.1702218775 106.28
54.9581458983 106.29
55.757530538 106.29
56.5685424949 106.30
57.3913508924 106.31
58.2261273137 106.31
59.0730458376 106.32
59.9322830751 106.32
60.804018206 106.32
61.6884330163 106.33
62.5857119363 106.33
63.4960420787 106.34
64.419613278 106.34
65.3566181296 106.35
66.3072520307 106.36
67.2717132203 106.37
68.2502028209 106.37
69.2429248805 106.37
70.2500864149 106.38
71.2718974512 106.38
72.3085710713 106.37
73.3603234564 106.37
74.4273739322 106.37
75.5099450145 106.36
76.6082624559 106.36
77.7225552923 106.36
78.8530558912 106.35
80 106.35
81.163626795 106.34
82.3441789315 106.34
83.5419025942 106.33
84.7570475487 106.32
85.9898671937 106.31
87.2406186132 106.30
88.5095626311 106.29
89.7969638648 106.28
91.1030907805 106.27
92.4282157498 106.26
93.7726151055 106.25
95.1365692002 106.24
96.520362464 106.23
97.9242834644 106.21
99.3486249659 106.19
100.7936839916 106.17
102.2597618848 106.15
103.7471643721 106.13
105.2562016267 106.11
106.7871883336 106.09
108.340443755 106.07
109.9162917966 106.05
111.5150610759 106.03
113.1370849898 106.01
114.7827017849 105.98
116.4522546274 105.94
118.1460916752 105.91
119.8645661501 105.87
121.6080364119 105.85
123.3768660326 105.82
125.1714238726 105.80
126.9920841575 105.78
128.8392265559 105.75
130.7132362593 105.72
132.6145040614 105.69
134.5434264406 105.66
136.5004056418 105.63
138.485849761 105.59
140.5001728299 105.56
142.5437949025 105.53
144.6171421426 105.49
146.7206469127 105.45
148.8547478643 105.41
151.0198900291 105.36
153.2165249118 105.32
155.4451105846 105.27
157.7061117824 105.23
160 105.19
162.32725359 105.15
164.688357863 105.11
167.0838051884 105.07
169.5140950975 105.03
171.9797343873 104.98
174.4812372264 104.94
177.0191252622 104.89
179.5939277295 104.84
182.2061815611 104.79
184.8564314996 104.74
187.5452302111 104.69
190.2731384004 104.64
193.0407249281 104.59
195.8485669287 104.55
198.6972499318 104.50
201.5873679832 104.45
204.5195237697 104.39
207.4943287442 104.34
210.5124032534 104.29
213.5743766672 104.23
216.6808875099 104.18
219.8325835933 104.12
223.0301221518 104.07
226.2741699797 104.01
229.5654035698 103.95
232.9045092548 103.89
236.2921833503 103.83
239.7291323003 103.77
243.2160728239 103.71
246.7537320653 103.65
250.3428477452 103.59
253.9841683149 103.53
257.6784531119 103.46
261.4264725186 103.39
265.2290081229 103.33
269.0868528812 103.26
273.0008112836 103.19
276.971699522 103.12
281.0003456597 103.05
285.0875898049 102.98
289.2342842852 102.91
293.4412938255 102.84
297.7094957287 102.77
302.0397800581 102.69
306.4330498235 102.62
310.8902211692 102.55
315.4122235649 102.47
320 102.40
324.65450718 102.33
329.3767157259 102.25
334.1676103768 102.18
339.028190195 102.10
343.9594687746 102.03
348.9624744529 101.95
354.0382505244 101.88
359.187855459 101.80
364.4123631221 101.72
369.7128629991 101.65
375.0904604222 101.57
380.5462768009 101.49
386.0814498562 101.42
391.6971338575 101.34
397.3944998635 101.26
403.1747359664 101.18
409.0390475393 101.10
414.9886574883 101.02
421.0248065068 100.94
427.1487533344 100.86
433.3617750198 100.79
439.6651671866 100.71
446.0602443037 100.63
452.5483399594 100.55
459.1308071395 100.47
465.8090185095 100.39
472.5843667007 100.31
479.4582646005 100.24
486.4321456477 100.16
493.5074641306 100.08
500.6856954905 100.00
507.9683366298 99.92
515.3569062238 99.85
522.8529450372 99.77
530.4580162458 99.70
538.1737057624 99.62
546.0016225673 99.55
553.9433990439 99.47
562.0006913195 99.40
570.1751796098 99.33
578.4685685703 99.26
586.882587651 99.19
595.4189914574 99.12
604.0795601163 99.05
612.8660996471 98.98
621.7804423383 98.92
630.8244471297 98.85
640 98.79
649.30901436 98.73
658.7534314519 98.67
668.3352207536 98.61
678.05638039 98.56
687.9189375493 98.50
697.9249489058 98.45
708.0765010489 98.40
718.375710918 98.36
728.8247262443 98.31
739.4257259983 98.28
750.1809208443 98.24
761.0925536018 98.20
772.1628997124 98.17
783.394267715 98.15
794.7889997271 98.13
806.3494719327 98.11
818.0780950787 98.09
829.9773149767 98.09
842.0496130136 98.08
854.2975066688 98.08
866.7235500396 98.09
879.3303343732 98.10
892.1204886074 98.12
905.0966799188 98.14
918.2616142791 98.17
931.618037019 98.21
945.1687334013 98.25
958.9165292011 98.30
972.8642912955 98.35
987.0149282611 98.41
1001.371390981 98.47
1015.9366732597 98.55
1030.7138124476 98.62
1045.7058900743 98.71
1060.9160324916 98.79
1076.3474115248 98.88
1092.0032451345 98.97
1107.8867980879 99.07
1124.0013826389 99.16
1140.3503592197 99.26
1156.9371371406 99.36
1173.765175302 99.45
1190.8379829148 99.55
1208.1591202326 99.65
1225.7321992942 99.75
1243.5608846767 99.84
1261.6488942595 99.94
1280 100.03
1298.6180287201 100.12
1317.5068629037 100.22
1336.6704415071 100.31
1356.1127607799 100.40
1375.8378750985 100.48
1395.8498978116 100.57
1416.1530020977 100.66
1436.751421836 100.74
1457.6494524886 100.83
1478.8514519966 100.92
1500.3618416887 101.00
1522.1851072035 101.09
1544.3257994247 101.18
1566.78853543 101.27
1589.5779994541 101.37
1612.6989438655 101.46
1636.1561901574 101.56
1659.9546299533 101.66
1684.0992260271 101.76
1708.5950133377 101.87
1733.4471000793 101.98
1758.6606687464 102.09
1784.2409772148 102.21
1810.1933598376 102.33
1836.5232285581 102.45
1863.2360740381 102.58
1890.3374668026 102.72
1917.8330584022 102.86
1945.7285825909 103.01
1974.0298565222 103.16
2002.742781962 103.32
2031.8733465194 103.48
2061.4276248951 103.66
2091.4117801487 103.84
2121.8320649832 104.03
2152.6948230496 104.23
2184.0064902691 104.44
2215.7735961758 104.64
2248.0027652779 104.83
2280.7007184393 105.02
2313.8742742813 105.18
2347.530350604 105.33
2381.6759658296 105.47
2416.3182404652 105.59
2451.4643985884 105.71
2487.1217693533 105.82
2523.297788519 105.92
2560.0000000001 106.01
2597.2360574402 106.08
2635.0137258074 106.15
2673.3408830143 106.19
2712.2255215599 106.21
2751.6757501971 106.22
2791.6997956232 106.20
2832.3060041955 106.16
2873.5028436721 106.11
2915.2989049772 106.05
2957.7029039931 105.98
3000.7236833774 105.90
3044.3702144071 105.84
3088.6515988494 105.79
3133.57707086 105.76
3179.1559989082 105.76
3225.397887731 105.79
3272.3123803148 105.85
3319.9092599067 105.94
3368.1984520542 106.07
3417.1900266754 106.22
3466.8942001586 106.38
3517.3213374928 106.55
3568.4819544296 106.71
3620.3867196753 106.85
3673.0464571163 106.96
3726.4721480761 107.02
3780.6749336053 107.02
3835.6661168044 106.97
3891.4571651819 106.87
3948.0597130445 106.73
4005.4855639241 106.57
4063.7466930387 106.40
4122.8552497902 106.24
4182.8235602974 106.09
4243.6641299665 105.96
4305.3896460992 105.84
4368.0129805382 105.74
4431.5471923516 105.64
4496.0055305558 105.55
4561.4014368787 105.46
4627.7485485626 105.37
4695.0607012081 105.26
4763.3519316592 105.15
4832.6364809305 105.02
4902.9287971769 104.88
4974.2435387067 104.73
5046.595577038 104.57
5120.0000000002 104.40
5194.4721148803 104.22
5270.0274516149 104.05
5346.6817660286 103.87
5424.4510431198 103.70
5503.3515003942 103.53
5583.3995912463 103.38
5664.6120083911 103.24
5747.0056873442 103.11
5830.5978099545 102.98
5915.4058079863 102.87
6001.4473667548 102.76
6088.7404288142 102.68
6177.3031976989 102.63
6267.1541417201 102.63
6358.3119978165 102.68
6450.795775462 102.77
6544.6247606297 102.90
6639.8185198134 103.09
6736.3969041085 103.31
6834.3800533509 103.58
6933.7884003172 103.87
7034.6426749857 104.18
7136.9639088592 104.50
7240.7734393506 104.81
7346.0929142326 105.11
7452.9442961523 105.37
7561.3498672106 105.60
7671.3322336089 105.78
7782.9143303638 105.92
7896.119426089 106.02
8010.9711278481 106.05
8127.4933860775 106.02
8245.7104995805 105.92
8365.6471205948 105.73
8487.328259933 105.45
8610.7792921984 105.08
8736.0259610765 104.63
8863.0943847033 104.11
8992.0110611117 103.54
9122.8028737575 102.94
9255.4970971253 102.30
9390.1214024162 101.63
9526.7038633184 100.94
9665.272961861 100.26
9805.8575943538 99.60
9948.4870774134 99.00
10093.191154076 98.48
10240.0000000005 98.03
10388.9442297607 97.67
10540.0549032298 97.37
10693.3635320572 97.13
10848.9020862397 96.90
11006.7030007884 96.67
11166.7991824927 96.42
11329.2240167822 96.11
11494.0113746885 95.75
11661.1956199091 95.31
11830.8116159726 94.84
12002.8947335097 94.35
12177.4808576284 93.88
12354.6063953979 93.49
12534.3082834402 93.22
12716.6239956331 93.14
12901.5915509241 93.30
13089.2495212594 93.59
13279.637039627 94.07
13472.7938082171 94.73
13668.7601067018 95.51
13867.5768006344 96.36
14069.2853499715 97.24
14273.9278177184 98.12
14481.5468787012 98.95
14692.1858284653 99.70
14905.8885923047 100.34
15122.6997344212 100.87
15342.6644672179 101.26
15565.8286607277 101.51
15792.2388521781 101.62
16021.9422556964 101.61
16254.9867721551 101.53
16491.4209991611 101.36
16731.2942411897 101.01
16974.656519866 100.36
17221.5585843969 99.30
17472.0519221531 97.79
17726.1887694067 95.87
17984.0221222235 93.68
18245.605747515 91.47
18510.9941942506 89.54
18780.2428048326 88.10
19053.4077266369 87.12
19330.545923722 86.46
19611.7151887077 85.99
19896.9741548268 85.71
20186.382308152 85.63
