20 107.79
20.2909066988 107.79
20.5860447329 107.79
20.8854756485 107.79
21.1892618872 107.79
21.4974667984 107.78
21.8101546533 107.78
22.1273906578 107.77
22.4492409662 107.76
22.7757726951 107.75
23.1070539374 107.74
23.4431537764 107.72
23.7841423001 107.70
24.130090616 107.69
24.4810708661 107.68
24.8371562415 107.67
25.1984209979 107.68
25.5649404712 107.68
25.936791093 107.68
26.3140504067 107.69
26.6967970834 107.70
27.0851109387 107.71
27.4790729492 107.72
27.878765269 107.73
28.2842712475 107.73
28.6956754462 107.74
29.1130636568 107.74
29.5365229188 107.74
29.9661415375 107.73
30.402009103 107.72
30.8442165082 107.71
31.2928559682 107.70
31.7480210394 107.69
32.209806639 107.68
32.6783090648 107.67
33.1536260154 107.67
33.6358566101 107.66
34.1251014105 107.65
34.6214624402 107.64
35.1250432075 107.63
35.6359487256 107.63
36.1542855356 107.62
36.6801617282 107.62
37.2136869661 107.61
37.7549725073 107.60
38.3041312279 107.59
38.8612776461 107.58
39.4265279456 107.57
40 107.56
40.5818133975 107.54
41.1720894657 107.53
41.7709512971 107.52
42.3785237744 107.51
42.9949335968 107.50
43.6203093066 107.49
44.2547813156 107.48
44.8984819324 107.47
45.5515453903 107.46
46.2141078749 107.45
46.8863075528 107.43
47.5682846001 107.42
48.260181232 107.40
48.9621417322 107.39
49.6743124829 107.37
50.3968419958 107.35
51.1298809424 107.34
51.873582186 107.32
52.6281008133 107.30
53.3935941668 107.28
54.1702218775 107.27
54.9581458983 107.25
55.757530538 107.23
56.5685424949 107.21
57.3913508924 107.19
58.2261273137 107.17
59.0730458376 107.15
59.9322830751 107.13
60.804018206 107.10
61.6884330163 107.08
62.5857119363 107.06
63.4960420787 107.03
64.419613278 107.01
65.3566181296 106.98
66.3072520307 106.96
67.2717132203 106.93
68.2502028209 106.91
69.2429248805 106.88
70.2500864149 106.85
71.2718974512 106.83
72.3085710713 106.80
73.3603234564 106.77
74.4273739322 106.74
75.5099450145 106.71
76.6082624559 106.68
77.7225552923 106.65
78.8530558912 106.62
80 106.58
81.163626795 106.55
82.3441789315 106.52
83.5419025942 106.49
84.7570475487 106.45
85.9898671937 106.42
87.2406186132 106.38
88.5095626311 106.35
89.7969638648 106.31
91.1030907805 106.27
92.4282157498 106.24
93.7726151055 106.20
95.1365692002 106.16
96.520362464 106.12
97.9242834644 106.09
99.3486249659 106.05
100.7936839916 106.01
102.2597618848 105.96
103.7471643721 105.92
105.2562016267 105.88
106.7871883336 105.84
108.340443755 105.80
109.9162917966 105.76
111.5150610759 105.71
113.1370849898 105.67
114.7827017849 105.63
116.4522546274 105.58
118.1460916752 105.54
119.8645661501 105.49
121.6080364119 105.45
123.3768660326 105.40
125.1714238726 105.36
126.9920841575 105.31
128.8392265559 105.27
130.7132362593 105.22
132.6145040614 105.17
134.5434264406 105.13
136.5004056418 105.08
138.485849761 105.04
140.5001728299 104.99
142.5437949025 104.94
144.6171421426 104.89
146.7206469127 104.85
148.8547478643 104.80
151.0198900291 104.75
153.2165249118 104.70
155.4451105846 104.66
157.7061117824 104.61
160 104.57
162.32725359 104.52
164.688357863 104.46
167.0838051884 104.41
169.5140950975 104.36
171.9797343873 104.31
174.4812372264 104.25
177.0191252622 104.20
179.5939277295 104.15
182.2061815611 104.10
184.8564314996 104.05
187.5452302111 104.00
190.2731384004 103.95
193.0407249281 103.90
195.8485669287 103.85
198.6972499318 103.80
201.5873679832 103.75
204.5195237697 103.69
207.4943287442 103.63
210.5124032534 103.58
213.5743766672 103.52
216.6808875099 103.47
219.8325835933 103.41
223.0301221518 103.36
226.2741699797 103.30
229.5654035698 103.25
232.9045092548 103.20
236.2921833503 103.15
239.7291323003 103.10
243.2160728239 103.04
246.7537320653 102.99
250.3428477452 102.93
253.9841683149 102.88
257.6784531119 102.82
261.4264725186 102.77
265.2290081229 102.71
269.0868528812 102.65
273.0008112836 102.59
276.971699522 102.54
281.0003456597 102.48
285.0875898049 102.42
289.2342842852 102.36
293.4412938255 102.30
297.7094957287 102.24
302.0397800581 102.18
306.4330498235 102.13
310.8902211692 102.07
315.4122235649 102.01
320 101.95
324.65450718 101.89
329.3767157259 101.83
334.1676103768 101.77
339.028190195 101.71
343.9594687746 101.64
348.9624744529 101.58
354.0382505244 101.52
359.187855459 101.46
364.4123631221 101.40
369.7128629991 101.34
375.0904604222 101.27
380.5462768009 101.21
386.0814498562 101.15
391.6971338575 101.09
397.3944998635 101.02
403.1747359664 100.96
409.0390475393 100.90
414.9886574883 100.83
421.0248065068 100.77
427.1487533344 100.70
433.3617750198 100.64
439.6651671866 100.58
446.0602443037 100.51
452.5483399594 100.45
459.1308071395 100.38
465.8090185095 100.32
472.5843667007 100.26
479.4582646005 100.19
486.4321456477 100.13
493.5074641306 100.06
500.6856954905 100.00
507.9683366298 99.94
515.3569062238 99.87
522.8529450372 99.81
530.4580162458 99.75
538.1737057624 99.69
546.0016225673 99.63
553.9433990439 99.57
562.0006913195 99.50
570.1751796098 99.44
578.4685685703 99.39
586.882587651 99.33
595.4189914574 99.27
604.0795601163 99.21
612.8660996471 99.15
621.7804423383 99.10
630.8244471297 99.05
640 98.99
649.30901436 98.94
658.7534314519 98.89
668.3352207536 98.84
678.05638039 98.80
687.9189375493 98.75
697.9249489058 98.71
708.0765010489 98.67
718.375710918 98.63
728.8247262443 98.59
739.4257259983 98.56
750.1809208443 98.53
761.0925536018 98.50
772.1628997124 98.48
783.394267715 98.46
794.7889997271 98.44
806.3494719327 98.43
818.0780950787 98.42
829.9773149767 98.42
842.0496130136 98.42
854.2975066688 98.43
866.7235500396 98.44
879.3303343732 98.46
892.1204886074 98.48
905.0966799188 98.51
918.2616142791 98.55
931.618037019 98.59
945.1687334013 98.64
958.9165292011 98.69
972.8642912955 98.75
987.0149282611 98.82
1001.371390981 98.89
1015.9366732597 98.97
1030.7138124476 99.06
1045.7058900743 99.15
1060.9160324916 99.25
1076.3474115248 99.35
1092.0032451345 99.45
1107.8867980879 99.55
1124.0013826389 99.66
1140.3503592197 99.77
1156.9371371406 99.88
1173.765175302 99.99
1190.8379829148 100.10
1208.1591202326 100.21
1225.7321992942 100.32
1243.5608846767 100.43
1261.6488942595 100.53
1280 100.64
1298.6180287201 100.74
1317.5068629037 100.85
1336.6704415071 100.95
1356.1127607799 101.06
1375.8378750985 101.16
1395.8498978116 101.26
1416.1530020977 101.37
1436.751421836 101.47
1457.6494524886 101.58
1478.8514519966 101.68
1500.3618416887 101.79
1522.1851072035 101.90
1544.3257994247 102.01
1566.78853543 102.13
1589.5779994541 102.24
1612.6989438655 102.36
1636.1561901574 102.49
1659.9546299533 102.62
1684.0992260271 102.75
1708.5950133377 102.89
1733.4471000793 103.03
1758.6606687464 103.18
1784.2409772148 103.33
1810.1933598376 103.49
1836.5232285581 103.65
1863.2360740381 103.82
1890.3374668026 103.99
1917.8330584022 104.17
1945.7285825909 104.35
1974.0298565222 104.53
2002.742781962 104.72
2031.8733465194 104.91
2061.4276248951 105.10
2091.4117801487 105.28
2121.8320649832 105.47
2152.6948230496 105.64
2184.0064902691 105.82
2215.7735961758 105.99
2248.0027652779 106.15
2280.7007184393 106.31
2313.8742742813 106.46
2347.530350604 106.60
2381.6759658296 106.73
2416.3182404652 106.85
2451.4643985884 106.96
2487.1217693533 107.05
2523.297788519 107.12
2560.0000000001 107.17
2597.2360574402 107.19
2635.0137258074 107.20
2673.3408830143 107.17
2712.2255215599 107.13
2751.6757501971 107.07
2791.6997956232 106.99
2832.3060041955 106.90
2873.5028436721 106.81
2915.2989049772 106.72
2957.7029039931 106.64
3000.7236833774 106.57
3044.3702144071 106.53
3088.6515988494 106.50
3133.57707086 106.51
3179.1559989082 106.54
3225.397887731 106.59
3272.3123803148 106.68
3319.9092599067 106.79
3368.1984520542 106.92
3417.1900266754 107.07
3466.8942001586 107.24
3517.3213374928 107.41
3568.4819544296 107.58
3620.3867196753 107.73
3673.0464571163 107.86
3726.4721480761 107.95
3780.6749336053 108.00
3835.6661168044 108.02
3891.4571651819 107.99
3948.0597130445 107.93
4005.4855639241 107.85
4063.7466930387 107.76
4122.8552497902 107.66
4182.8235602974 107.56
4243.6641299665 107.46
4305.3896460992 107.37
4368.0129805382 107.27
4431.5471923516 107.17
4496.0055305558 107.08
4561.4014368787 106.99
4627.7485485626 106.90
4695.0607012081 106.82
4763.3519316592 106.75
4832.6364809305 106.67
4902.9287971769 106.60
4974.2435387067 106.52
5046.595577038 106.43
5120.0000000002 106.33
5194.4721148803 106.21
5270.0274516149 106.07
5346.6817660286 105.91
5424.4510431198 105.74
5503.3515003942 105.54
5583.3995912463 105.32
5664.6120083911 105.08
5747.0056873442 104.83
5830.5978099545 104.58
5915.4058079863 104.33
6001.4473667548 104.08
6088.7404288142 103.85
6177.3031976989 103.64
6267.1541417201 103.44
6358.3119978165 103.26
6450.795775462 103.11
6544.6247606297 102.98
6639.8185198134 102.88
6736.3969041085 102.82
6834.3800533509 102.81
6933.7884003172 102.83
7034.6426749857 102.91
7136.9639088592 103.02
7240.7734393506 103.18
7346.0929142326 103.36
7452.9442961523 103.56
7561.3498672106 103.77
7671.3322336089 103.97
7782.9143303638 104.15
7896.119426089 104.32
8010.9711278481 104.47
8127.4933860775 104.60
8245.7104995805 104.70
8365.6471205948 104.76
8487.328259933 104.80
8610.7792921984 104.79
8736.0259610765 104.76
8863.0943847033 104.72
8992.0110611117 104.67
9122.8028737575 104.63
9255.4970971253 104.58
9390.1214024162 104.50
9526.7038633184 104.32
9665.272961861 104.03
9805.8575943538 103.61
9948.4870774134 103.09
10093.191154076 102.47
10240.0000000005 101.81
10388.9442297607 101.15
10540.0549032298 100.52
10693.3635320572 99.92
10848.9020862397 99.36
11006.7030007884 98.82
11166.7991824927 98.28
11329.2240167822 97.71
11494.0113746885 97.10
11661.1956199091 96.42
11830.8116159726 95.70
12002.8947335097 94.93
12177.4808576284 94.14
12354.6063953979 93.34
12534.3082834402 92.58
12716.6239956331 91.89
12901.5915509241 91.36
13089.2495212594 90.90
13279.637039627 90.62
13472.7938082171 90.56
13668.7601067018 90.71
13867.5768006344 91.09
14069.2853499715 91.70
14273.9278177184 92.48
14481.5468787012 93.44
14692.1858284653 94.51
14905.8885923047 95.58
15122.6997344212 96.59
15342.6644672179 97.49
15565.8286607277 98.27
15792.2388521781 98.91
16021.9422556964 99.45
16254.9867721551 99.91
16491.4209991611 100.31
16731.2942411897 100.61
16974.656519866 100.74
17221.5585843969 100.60
17472.0519221531 100.12
17726.1887694067 99.28
17984.0221222235 98.18
18245.605747515 96.98
18510.9941942506 95.83
18780.2428048326 94.82
19053.4077266369 93.95
19330.545923722 93.15
19611.7151887077 92.41
19896.9741548268 91.84
20186.382308152 91.69
