20.000000	96.027
20.290907	96.027
20.586045	96.010
20.885476	95.987
21.189262	95.962
21.497467	95.937
21.810155	95.914
22.127391	95.894
22.449241	95.875
22.775773	95.858
23.107054	95.841
23.443154	95.823
23.784142	95.805
24.130091	95.786
24.481071	95.767
24.837156	95.750
25.198421	95.734
25.564940	95.720
25.936791	95.706
26.314050	95.690
26.696797	95.672
27.085111	95.653
27.479073	95.633
27.878765	95.613
28.284271	95.595
28.695675	95.577
29.113064	95.561
29.536523	95.545
29.966142	95.529
30.402009	95.512
30.844217	95.494
31.292856	95.475
31.748021	95.458
32.209807	95.442
32.678309	95.427
33.153626	95.412
33.635857	95.395
34.125101	95.377
34.621462	95.359
35.125043	95.344
35.635949	95.331
36.154286	95.318
36.680162	95.304
37.213687	95.289
37.754973	95.275
38.304131	95.261
38.861278	95.249
39.426528	95.235
40.000000	95.218
40.581813	95.199
41.172089	95.178
41.770951	95.157
42.378524	95.140
42.994934	95.125
43.620309	95.111
44.254781	95.096
44.898482	95.081
45.551545	95.065
46.214108	95.050
46.886308	95.032
47.568285	95.015
48.260181	94.998
48.962142	94.981
49.674312	94.964
50.396842	94.948
51.129881	94.933
51.873582	94.919
52.628101	94.904
53.393594	94.887
54.170222	94.867
54.958146	94.846
55.757531	94.823
56.568542	94.801
57.391351	94.778
58.226127	94.753
59.073046	94.728
59.932283	94.703
60.804018	94.675
61.688433	94.645
62.585712	94.611
63.496042	94.574
64.419613	94.534
65.356618	94.490
66.307252	94.443
67.271713	94.392
68.250203	94.335
69.242925	94.271
70.250086	94.202
71.271897	94.131
72.308571	94.069
73.360323	94.032
74.427374	94.040
75.509945	94.100
76.608262	94.193
77.722555	94.294
78.853056	94.379
80.000000	94.434
81.163627	94.464
82.344179	94.476
83.541903	94.475
84.757048	94.467
85.989867	94.453
87.240619	94.434
88.509563	94.415
89.796964	94.395
91.103091	94.374
92.428216	94.356
93.772615	94.337
95.136569	94.318
96.520362	94.298
97.924283	94.278
99.348625	94.258
100.793684	94.237
102.259762	94.214
103.747164	94.189
105.256202	94.164
106.787188	94.140
108.340444	94.117
109.916292	94.092
111.515061	94.067
113.137085	94.041
114.782702	94.014
116.452255	93.987
118.146092	93.959
119.864566	93.930
121.608036	93.901
123.376866	93.870
125.171424	93.840
126.992084	93.811
128.839227	93.782
130.713236	93.752
132.614504	93.723
134.543426	93.695
136.500406	93.670
138.485850	93.649
140.500173	93.630
142.543795	93.609
144.617142	93.587
146.720647	93.561
148.854748	93.533
151.019890	93.505
153.216525	93.475
155.445111	93.446
157.706112	93.416
160.000000	93.387
162.327254	93.358
164.688358	93.329
167.083805	93.300
169.514095	93.269
171.979734	93.238
174.481237	93.206
177.019125	93.173
179.593928	93.139
182.206182	93.106
184.856431	93.073
187.545230	93.040
190.273138	93.007
193.040725	92.973
195.848567	92.939
198.697250	92.905
201.587368	92.871
204.519524	92.837
207.494329	92.803
210.512403	92.768
213.574377	92.734
216.680888	92.700
219.832584	92.665
223.030122	92.630
226.274170	92.594
229.565404	92.559
232.904509	92.524
236.292183	92.489
239.729132	92.453
243.216073	92.418
246.753732	92.383
250.342848	92.348
253.984168	92.313
257.678453	92.278
261.426473	92.242
265.229008	92.207
269.086853	92.170
273.000811	92.135
276.971700	92.099
281.000346	92.063
285.087590	92.028
289.234284	91.993
293.441294	91.957
297.709496	91.921
302.039780	91.886
306.433050	91.851
310.890221	91.816
315.412224	91.781
320.000000	91.746
324.654507	91.713
329.376716	91.679
334.167610	91.646
339.028190	91.613
343.959469	91.579
348.962474	91.547
354.038251	91.514
359.187855	91.481
364.412363	91.449
369.712863	91.416
375.090460	91.385
380.546277	91.353
386.081450	91.322
391.697134	91.291
397.394500	91.261
403.174736	91.231
409.039048	91.201
414.988657	91.172
421.024807	91.143
427.148753	91.115
433.361775	91.088
439.665167	91.061
446.060244	91.033
452.548340	91.007
459.130807	90.981
465.809019	90.955
472.584367	90.930
479.458265	90.907
486.432146	90.883
493.507464	90.861
500.685695	90.839
507.968337	90.818
515.356906	90.797
522.852945	90.777
530.458016	90.756
538.173706	90.735
546.001623	90.713
553.943399	90.692
562.000691	90.671
570.175180	90.650
578.468569	90.628
586.882588	90.606
595.418991	90.587
604.079560	90.572
612.866100	90.559
621.780442	90.547
630.824447	90.537
640.000000	90.531
649.309014	90.528
658.753431	90.528
668.335221	90.530
678.056380	90.532
687.918938	90.537
697.924949	90.542
708.076501	90.549
718.375711	90.558
728.824726	90.569
739.425726	90.583
750.180921	90.598
761.092554	90.618
772.162900	90.640
783.394268	90.665
794.789000	90.692
806.349472	90.723
818.078095	90.757
829.977315	90.795
842.049613	90.837
854.297507	90.882
866.723550	90.931
879.330334	90.984
892.120489	91.042
905.096680	91.103
918.261614	91.169
931.618037	91.238
945.168733	91.312
958.916529	91.390
972.864291	91.473
987.014928	91.560
1001.371391	91.651
1015.936673	91.746
1030.713812	91.843
1045.705890	91.944
1060.916032	92.047
1076.347412	92.153
1092.003245	92.260
1107.886798	92.368
1124.001383	92.478
1140.350359	92.589
1156.937137	92.701
1173.765175	92.813
1190.837983	92.924
1208.159120	93.036
1225.732199	93.145
1243.560885	93.255
1261.648894	93.364
1280.000000	93.473
1298.618029	93.579
1317.506863	93.686
1336.670442	93.791
1356.112761	93.897
1375.837875	94.001
1395.849898	94.106
1416.153002	94.210
1436.751422	94.314
1457.649452	94.417
1478.851452	94.521
1500.361842	94.624
1522.185107	94.728
1544.325799	94.832
1566.788535	94.936
1589.577999	95.040
1612.698944	95.145
1636.156190	95.249
1659.954630	95.353
1684.099226	95.457
1708.595013	95.562
1733.447100	95.668
1758.660669	95.778
1784.240977	95.889
1810.193360	96.002
1836.523229	96.115
1863.236074	96.225
1890.337467	96.330
1917.833058	96.431
1945.728583	96.527
1974.029857	96.618
2002.742782	96.705
2031.873347	96.787
2061.427625	96.863
2091.411780	96.935
2121.832065	96.999
2152.694823	97.055
2184.006490	97.107
2215.773596	97.147
2248.002765	97.179
2280.700718	97.200
2313.874274	97.210
2347.530351	97.208
2381.675966	97.191
2416.318240	97.161
2451.464399	97.114
2487.121769	97.056
2523.297789	96.988
2560.000000	96.923
2597.236057	96.879
2635.013726	96.874
2673.340883	96.936
2712.225522	97.048
2751.675750	97.191
2791.699796	97.317
2832.306004	97.395
2873.502844	97.427
2915.298905	97.415
2957.702904	97.370
3000.723683	97.301
3044.370214	97.216
3088.651599	97.123
3133.577071	97.024
3179.155999	96.923
3225.397888	96.823
3272.312380	96.725
3319.909260	96.633
3368.198452	96.548
3417.190027	96.474
3466.894200	96.412
3517.321337	96.363
3568.481954	96.326
3620.386720	96.295
3673.046457	96.263
3726.472148	96.227
3780.674934	96.206
3835.666117	96.208
3891.457165	96.232
3948.059713	96.255
4005.485564	96.254
4063.746693	96.232
4122.855250	96.189
4182.823560	96.125
4243.664130	96.038
4305.389646	95.929
4368.012981	95.795
4431.547192	95.633
4496.005531	95.446
4561.401437	95.229
4627.748549	94.988
4695.060701	94.718
4763.351932	94.425
4832.636481	94.111
4902.928797	93.780
4974.243539	93.438
5046.595577	93.088
5120.000000	92.738
5194.472115	92.392
5270.027452	92.056
5346.681766	91.735
5424.451043	91.431
5503.351500	91.147
5583.399591	90.884
5664.612008	90.646
5747.005687	90.431
5830.597810	90.243
5915.405808	90.083
6001.447367	89.952
6088.740429	89.854
6177.303198	89.789
6267.154142	89.755
6358.311998	89.748
6450.795775	89.761
6544.624761	89.791
6639.818520	89.837
6736.396904	89.902
6834.380053	89.998
6933.788400	90.139
7034.642675	90.349
7136.963909	90.643
7240.773439	91.037
7346.092914	91.532
7452.944296	92.119
7561.349867	92.776
7671.332234	93.449
7782.914330	94.076
7896.119426	94.576
8010.971128	94.831
8127.493386	94.765
8245.710500	94.351
8365.647121	93.606
8487.328260	92.635
8610.779292	91.516
8736.025961	90.336
8863.094385	89.170
8992.011061	88.058
9122.802874	87.033
9255.497097	86.108
9390.121402	85.284
9526.703863	84.561
9665.272962	83.936
9805.857594	83.402
9948.487077	82.960
10093.191154	82.619
10240.000000	82.365
10388.944230	82.196
10540.054903	82.116
10693.363532	82.119
10848.902086	82.218
11006.703001	82.424
11166.799182	82.730
11329.224017	83.153
11494.011375	83.665
11661.195620	84.307
11830.811616	85.027
12002.894734	85.847
12177.480858	86.728
12354.606395	87.687
12534.308283	88.666
12716.623996	89.587
12901.591551	90.166
13089.249521	90.527
13279.637040	90.367
13472.793808	89.639
13668.760107	88.518
13867.576801	87.209
14069.285350	85.944
14273.927818	84.811
14481.546879	83.992
14692.185828	83.549
14905.888592	83.356
15122.699734	83.272
15342.664467	83.175
15565.828661	83.152
15792.238852	83.560
16021.942256	84.533
16254.986772	85.455
16491.420999	85.742
16731.294241	85.236
16974.656520	84.051
17221.558584	82.414
17472.051922	80.584
17726.188769	78.780
17984.022122	77.141
18245.605748	75.727
18510.994194	74.537
18780.242805	73.509
19053.407727	72.577
19330.545924	71.704
19611.715189	70.923
19896.974155	70.375
20186.382308	70.231
