20 73.69
20.2909066988 73.69
20.5860447329 73.68
20.8854756485 73.67
21.1892618872 73.66
21.4974667984 73.65
21.8101546533 73.65
22.1273906578 73.64
22.4492409662 73.64
22.7757726951 73.63
23.1070539374 73.62
23.4431537764 73.62
23.7841423001 73.61
24.130090616 73.60
24.4810708661 73.58
24.8371562415 73.57
25.1984209979 73.55
25.5649404712 73.53
25.936791093 73.52
26.3140504067 73.50
26.6967970834 73.47
27.0851109387 73.45
27.4790729492 73.43
27.878765269 73.41
28.2842712475 73.40
28.6956754462 73.38
29.1130636568 73.35
29.5365229188 73.32
29.9661415375 73.29
30.402009103 73.26
30.8442165082 73.23
31.2928559682 73.21
31.7480210394 73.18
32.209806639 73.15
32.6783090648 73.12
33.1536260154 73.09
33.6358566101 73.05
34.1251014105 73.01
34.6214624402 72.97
35.1250432075 72.95
35.6359487256 72.93
36.1542855356 72.91
36.6801617282 72.89
37.2136869661 72.84
37.7549725073 72.79
38.3041312279 72.73
38.8612776461 72.68
39.4265279456 72.64
40 72.62
40.5818133975 72.59
41.1720894657 72.57
41.7709512971 72.53
42.3785237744 72.49
42.9949335968 72.44
43.6203093066 72.40
44.2547813156 72.38
44.8984819324 72.35
45.5515453903 72.30
46.2141078749 72.24
46.8863075528 72.18
47.5682846001 72.13
48.260181232 72.08
48.9621417322 72.03
49.6743124829 71.97
50.3968419958 71.92
51.1298809424 71.89
51.873582186 71.86
52.6281008133 71.81
53.3935941668 71.74
54.1702218775 71.68
54.9581458983 71.65
55.757530538 71.62
56.5685424949 71.56
57.3913508924 71.49
58.2261273137 71.45
59.0730458376 71.43
59.9322830751 71.38
60.804018206 71.31
61.6884330163 71.23
62.5857119363 71.17
63.4960420787 71.12
64.419613278 71.06
65.3566181296 71.00
66.3072520307 70.95
67.2717132203 70.91
68.2502028209 70.86
69.2429248805 70.81
70.2500864149 70.77
71.2718974512 70.73
72.3085710713 70.69
73.3603234564 70.65
74.4273739322 70.58
75.5099450145 70.49
76.6082624559 70.44
77.7225552923 70.41
78.8530558912 70.36
80 70.30
81.163626795 70.26
82.3441789315 70.22
83.5419025942 70.14
84.7570475487 70.07
85.9898671937 70.01
87.2406186132 69.97
88.5095626311 69.94
89.7969638648 69.89
91.1030907805 69.83
92.4282157498 69.76
93.7726151055 69.71
95.1365692002 69.66
96.520362464 69.60
97.9242834644 69.54
99.3486249659 69.49
100.7936839916 69.44
102.2597618848 69.39
103.7471643721 69.34
105.2562016267 69.29
106.7871883336 69.23
108.340443755 69.17
109.9162917966 69.11
111.5150610759 69.05
113.1370849898 69.02
114.7827017849 68.98
116.4522546274 68.92
118.1460916752 68.87
119.8645661501 68.84
121.6080364119 68.80
123.3768660326 68.74
125.1714238726 68.70
126.9920841575 68.66
128.8392265559 68.62
130.7132362593 68.57
132.6145040614 68.52
134.5434264406 68.47
136.5004056418 68.42
138.485849761 68.37
140.5001728299 68.33
142.5437949025 68.29
144.6171421426 68.26
146.7206469127 68.22
148.8547478643 68.18
151.0198900291 68.12
153.2165249118 68.07
155.4451105846 68.02
157.7061117824 67.98
160 67.94
162.32725359 67.91
164.688357863 67.88
167.0838051884 67.84
169.5140950975 67.79
171.9797343873 67.74
174.4812372264 67.70
177.0191252622 67.66
179.5939277295 67.63
182.2061815611 67.60
184.8564314996 67.56
187.5452302111 67.53
190.2731384004 67.49
193.0407249281 67.45
195.8485669287 67.42
198.6972499318 67.38
201.5873679832 67.35
204.5195237697 67.31
207.4943287442 67.27
210.5124032534 67.24
213.5743766672 67.20
216.6808875099 67.17
219.8325835933 67.14
223.0301221518 67.10
226.2741699797 67.06
229.5654035698 67.02
232.9045092548 66.98
236.2921833503 66.94
239.7291323003 66.91
243.2160728239 66.88
246.7537320653 66.86
250.3428477452 66.85
253.9841683149 66.85
257.6784531119 66.87
261.4264725186 66.89
265.2290081229 66.91
269.0868528812 66.93
273.0008112836 66.95
276.971699522 66.95
281.0003456597 66.95
285.0875898049 66.94
289.2342842852 66.93
293.4412938255 66.91
297.7094957287 66.88
302.0397800581 66.86
306.4330498235 66.83
310.8902211692 66.81
315.4122235649 66.79
320 66.77
324.65450718 66.75
329.3767157259 66.73
334.1676103768 66.71
339.028190195 66.69
343.9594687746 66.67
348.9624744529 66.66
354.0382505244 66.65
359.187855459 66.63
364.4123631221 66.61
369.7128629991 66.60
375.0904604222 66.58
380.5462768009 66.57
386.0814498562 66.56
391.6971338575 66.55
397.3944998635 66.54
403.1747359664 66.52
409.0390475393 66.51
414.9886574883 66.49
421.0248065068 66.48
427.1487533344 66.47
433.3617750198 66.46
439.6651671866 66.45
446.0602443037 66.44
452.5483399594 66.44
459.1308071395 66.44
465.8090185095 66.45
472.5843667007 66.46
479.4582646005 66.48
486.4321456477 66.50
493.5074641306 66.52
500.6856954905 66.54
507.9683366298 66.56
515.3569062238 66.58
522.8529450372 66.58
530.4580162458 66.58
538.1737057624 66.58
546.0016225673 66.58
553.9433990439 66.58
562.0006913195 66.59
570.1751796098 66.59
578.4685685703 66.60
586.882587651 66.61
595.4189914574 66.62
604.0795601163 66.62
612.8660996471 66.64
621.7804423383 66.65
630.8244471297 66.66
640 66.68
649.30901436 66.70
658.7534314519 66.71
668.3352207536 66.73
678.05638039 66.75
687.9189375493 66.78
697.9249489058 66.80
708.0765010489 66.83
718.375710918 66.85
728.8247262443 66.88
739.4257259983 66.92
750.1809208443 66.95
761.0925536018 67.00
772.1628997124 67.04
783.394267715 67.08
794.7889997271 67.13
806.3494719327 67.18
818.0780950787 67.23
829.9773149767 67.29
842.0496130136 67.35
854.2975066688 67.41
866.7235500396 67.48
879.3303343732 67.55
892.1204886074 67.63
905.0966799188 67.71
918.2616142791 67.80
931.618037019 67.89
945.1687334013 67.98
958.9165292011 68.08
972.8642912955 68.18
987.0149282611 68.29
1001.371390981 68.40
1015.9366732597 68.51
1030.7138124476 68.62
1045.7058900743 68.74
1060.9160324916 68.86
1076.3474115248 68.98
1092.0032451345 69.10
1107.8867980879 69.22
1124.0013826389 69.34
1140.3503592197 69.46
1156.9371371406 69.57
1173.765175302 69.69
1190.8379829148 69.82
1208.1591202326 69.94
1225.7321992942 70.07
1243.5608846767 70.20
1261.6488942595 70.33
1280 70.46
1298.6180287201 70.58
1317.5068629037 70.70
1336.6704415071 70.82
1356.1127607799 70.95
1375.8378750985 71.07
1395.8498978116 71.19
1416.1530020977 71.31
1436.751421836 71.44
1457.6494524886 71.56
1478.8514519966 71.68
1500.3618416887 71.81
1522.1851072035 71.94
1544.3257994247 72.07
1566.78853543 72.20
1589.5779994541 72.33
1612.6989438655 72.46
1636.1561901574 72.60
1659.9546299533 72.74
1684.0992260271 72.88
1708.5950133377 73.02
1733.4471000793 73.17
1758.6606687464 73.31
1784.2409772148 73.46
1810.1933598376 73.61
1836.5232285581 73.76
1863.2360740381 73.91
1890.3374668026 74.06
1917.8330584022 74.22
1945.7285825909 74.38
1974.0298565222 74.53
2002.742781962 74.68
2031.8733465194 74.84
2061.4276248951 74.99
2091.4117801487 75.14
2121.8320649832 75.28
2152.6948230496 75.43
2184.0064902691 75.57
2215.7735961758 75.70
2248.0027652779 75.82
2280.7007184393 75.94
2313.8742742813 76.05
2347.530350604 76.15
2381.6759658296 76.24
2416.3182404652 76.33
2451.4643985884 76.40
2487.1217693533 76.46
2523.297788519 76.51
2560.0000000001 76.55
2597.2360574402 76.58
2635.0137258074 76.60
2673.3408830143 76.61
2712.2255215599 76.61
2751.6757501971 76.60
2791.6997956232 76.58
2832.3060041955 76.56
2873.5028436721 76.53
2915.2989049772 76.49
2957.7029039931 76.45
3000.7236833774 76.41
3044.3702144071 76.36
3088.6515988494 76.32
3133.57707086 76.28
3179.1559989082 76.23
3225.397887731 76.19
3272.3123803148 76.16
3319.9092599067 76.12
3368.1984520542 76.10
3417.1900266754 76.07
3466.8942001586 76.05
3517.3213374928 76.04
3568.4819544296 76.03
3620.3867196753 76.03
3673.0464571163 76.04
3726.4721480761 76.06
3780.6749336053 76.08
3835.6661168044 76.11
3891.4571651819 76.14
3948.0597130445 76.17
4005.4855639241 76.21
4063.7466930387 76.24
4122.8552497902 76.26
4182.8235602974 76.27
4243.6641299665 76.26
4305.3896460992 76.23
4368.0129805382 76.17
4431.5471923516 76.09
4496.0055305558 75.97
4561.4014368787 75.83
4627.7485485626 75.65
4695.0607012081 75.45
4763.3519316592 75.22
4832.6364809305 74.97
4902.9287971769 74.70
4974.2435387067 74.40
5046.595577038 74.09
5120.0000000002 73.77
5194.4721148803 73.43
5270.0274516149 73.10
5346.6817660286 72.76
5424.4510431198 72.43
5503.3515003942 72.11
5583.3995912463 71.80
5664.6120083911 71.50
5747.0056873442 71.23
5830.5978099545 70.98
5915.4058079863 70.76
6001.4473667548 70.56
6088.7404288142 70.39
6177.3031976989 70.26
6267.1541417201 70.15
6358.3119978165 70.10
6450.795775462 70.11
6544.6247606297 70.18
6639.8185198134 70.27
6736.3969041085 70.40
6834.3800533509 70.56
6933.7884003172 70.79
7034.6426749857 71.09
7136.9639088592 71.47
7240.7734393506 71.94
7346.0929142326 72.49
7452.9442961523 73.12
7561.3498672106 73.80
7671.3322336089 74.50
7782.9143303638 75.12
7896.119426089 75.60
8010.9711278481 75.77
8127.4933860775 75.58
8245.7104995805 75.00
8365.6471205948 74.12
8487.328259933 73.07
8610.7792921984 71.94
8736.0259610765 70.83
8863.0943847033 69.76
8992.0110611117 68.77
9122.8028737575 67.87
9255.4970971253 67.06
9390.1214024162 66.34
9526.7038633184 65.74
9665.272961861 65.30
9805.8575943538 65.09
9948.4870774134 65.17
10093.191154076 65.63
10240.0000000005 66.31
10388.9442297607 67.07
10540.0549032298 67.81
10693.3635320572 68.51
10848.9020862397 69.24
11006.7030007884 70.01
11166.7991824927 70.78
11329.2240167822 71.36
11494.0113746885 71.65
11661.1956199091 71.37
11830.8116159726 70.73
12002.8947335097 69.65
12177.4808576284 68.37
12354.6063953979 66.90
12534.3082834402 65.43
12716.6239956331 64.06
12901.5915509241 62.88
13089.2495212594 61.79
13279.637039627 60.86
13472.7938082171 60.11
13668.7601067018 59.52
13867.5768006344 59.08
14069.2853499715 58.80
14273.9278177184 58.63
14481.5468787012 58.64
14692.1858284653 58.82
14905.8885923047 59.06
15122.6997344212 59.33
15342.6644672179 59.61
15565.8286607277 59.83
15792.2388521781 59.90
16021.9422556964 59.75
16254.9867721551 59.36
16491.4209991611 58.81
16731.2942411897 58.25
16974.656519866 57.79
17221.5585843969 57.48
17472.0519221531 57.26
17726.1887694067 56.96
17984.0221222235 56.29
18245.605747515 55.02
18510.9941942506 53.01
18780.2428048326 50.36
19053.4077266369 47.27
19330.545923722 43.97
19611.7151887077 41.10
19896.9741548268 39.95
20186.382308152 39.90
