20.000000	90.150
20.290907	90.150
20.586045	90.170
20.885476	90.193
21.189262	90.216
21.497467	90.237
21.810155	90.256
22.127391	90.274
22.449241	90.292
22.775773	90.311
23.107054	90.331
23.443154	90.351
23.784142	90.371
24.130091	90.390
24.481071	90.407
24.837156	90.423
25.198421	90.438
25.564940	90.454
25.936791	90.470
26.314050	90.485
26.696797	90.498
27.085111	90.510
27.479073	90.518
27.878765	90.526
28.284271	90.532
28.695675	90.539
29.113064	90.545
29.536523	90.551
29.966142	90.557
30.402009	90.562
30.844217	90.563
31.292856	90.562
31.748021	90.559
32.209807	90.556
32.678309	90.554
33.153626	90.552
33.635857	90.550
34.125101	90.548
34.621462	90.547
35.125043	90.547
35.635949	90.547
36.154286	90.545
36.680162	90.539
37.213687	90.532
37.754973	90.523
38.304131	90.513
38.861278	90.497
39.426528	90.478
40.000000	90.458
40.581813	90.445
41.172089	90.435
41.770951	90.426
42.378524	90.416
42.994934	90.405
43.620309	90.391
44.254781	90.375
44.898482	90.358
45.551545	90.342
46.214108	90.325
46.886308	90.306
47.568285	90.286
48.260181	90.265
48.962142	90.244
49.674312	90.223
50.396842	90.198
51.129881	90.169
51.873582	90.139
52.628101	90.110
53.393594	90.084
54.170222	90.059
54.958146	90.035
55.757531	90.008
56.568542	89.979
57.391351	89.949
58.226127	89.917
59.073046	89.882
59.932283	89.847
60.804018	89.813
61.688433	89.780
62.585712	89.745
63.496042	89.706
64.419613	89.668
65.356618	89.630
66.307252	89.594
67.271713	89.555
68.250203	89.516
69.242925	89.476
70.250086	89.435
71.271897	89.393
72.308571	89.349
73.360323	89.303
74.427374	89.255
75.509945	89.207
76.608262	89.157
77.722555	89.107
78.853056	89.056
80.000000	89.004
81.163627	88.951
82.344179	88.896
83.541903	88.841
84.757048	88.785
85.989867	88.729
87.240619	88.675
88.509563	88.619
89.796964	88.559
91.103091	88.495
92.428216	88.426
93.772615	88.353
95.136569	88.280
96.520362	88.204
97.924283	88.123
99.348625	88.036
100.793684	87.939
102.259762	87.835
103.747164	87.721
105.256202	87.599
106.787188	87.473
108.340444	87.355
109.916292	87.258
111.515061	87.197
113.137085	87.196
114.782702	87.243
116.452255	87.327
118.146092	87.403
119.864566	87.446
121.608036	87.470
123.376866	87.459
125.171424	87.429
126.992084	87.387
128.839227	87.352
130.713236	87.324
132.614504	87.300
134.543426	87.279
136.500406	87.255
138.485850	87.229
140.500173	87.197
142.543795	87.158
144.617142	87.109
146.720647	87.047
148.854748	86.976
151.019890	86.899
153.216525	86.815
155.445111	86.727
157.706112	86.636
160.000000	86.542
162.327254	86.446
164.688358	86.348
167.083805	86.257
169.514095	86.178
171.979734	86.117
174.481237	86.073
177.019125	86.035
179.593928	85.995
182.206182	85.953
184.856431	85.917
187.545230	85.896
190.273138	85.884
193.040725	85.870
195.848567	85.847
198.697250	85.814
201.587368	85.773
204.519524	85.726
207.494329	85.671
210.512403	85.608
213.574377	85.541
216.680888	85.473
219.832584	85.405
223.030122	85.337
226.274170	85.269
229.565404	85.200
232.904509	85.131
236.292183	85.064
239.729132	85.000
243.216073	84.933
246.753732	84.867
250.342848	84.801
253.984168	84.737
257.678453	84.674
261.426473	84.612
265.229008	84.550
269.086853	84.489
273.000811	84.430
276.971700	84.372
281.000346	84.314
285.087590	84.257
289.234284	84.202
293.441294	84.147
297.709496	84.092
302.039780	84.037
306.433050	83.982
310.890221	83.927
315.412224	83.873
320.000000	83.820
324.654507	83.769
329.376716	83.719
334.167610	83.672
339.028190	83.625
343.959469	83.579
348.962474	83.533
354.038251	83.488
359.187855	83.443
364.412363	83.398
369.712863	83.354
375.090460	83.311
380.546277	83.268
386.081450	83.225
391.697134	83.184
397.394500	83.144
403.174736	83.105
409.039048	83.066
414.988657	83.028
421.024807	82.992
427.148753	82.957
433.361775	82.922
439.665167	82.889
446.060244	82.857
452.548340	82.826
459.130807	82.796
465.809019	82.768
472.584367	82.741
479.458265	82.716
486.432146	82.691
493.507464	82.668
500.685695	82.647
507.968337	82.627
515.356906	82.609
522.852945	82.592
530.458016	82.578
538.173706	82.565
546.001623	82.555
553.943399	82.546
562.000691	82.540
570.175180	82.536
578.468569	82.535
586.882588	82.536
595.418991	82.541
604.079560	82.548
612.866100	82.559
621.780442	82.573
630.824447	82.590
640.000000	82.612
649.309014	82.636
658.753431	82.665
668.335221	82.698
678.056380	82.735
687.918938	82.775
697.924949	82.819
708.076501	82.867
718.375711	82.919
728.824726	82.974
739.425726	83.033
750.180921	83.095
761.092554	83.161
772.162900	83.229
783.394268	83.301
794.789000	83.374
806.349472	83.451
818.078095	83.528
829.977315	83.608
842.049613	83.690
854.297507	83.774
866.723550	83.860
879.330334	83.951
892.120489	84.045
905.096680	84.143
918.261614	84.246
931.618037	84.351
945.168733	84.459
958.916529	84.569
972.864291	84.683
987.014928	84.799
1001.371391	84.918
1015.936673	85.040
1030.713812	85.164
1045.705890	85.290
1060.916032	85.419
1076.347412	85.550
1092.003245	85.683
1107.886798	85.817
1124.001383	85.952
1140.350359	86.088
1156.937137	86.225
1173.765175	86.363
1190.837983	86.502
1208.159120	86.641
1225.732199	86.781
1243.560885	86.921
1261.648894	87.062
1280.000000	87.204
1298.618029	87.346
1317.506863	87.490
1336.670442	87.634
1356.112761	87.781
1375.837875	87.928
1395.849898	88.078
1416.153002	88.229
1436.751422	88.382
1457.649452	88.539
1478.851452	88.698
1500.361842	88.860
1522.185107	89.025
1544.325799	89.193
1566.788535	89.364
1589.577999	89.539
1612.698944	89.716
1636.156190	89.896
1659.954630	90.079
1684.099226	90.265
1708.595013	90.452
1733.447100	90.640
1758.660669	90.830
1784.240977	91.021
1810.193360	91.211
1836.523229	91.399
1863.236074	91.585
1890.337467	91.765
1917.833058	91.939
1945.728583	92.103
1974.029857	92.256
2002.742782	92.394
2031.873347	92.517
2061.427625	92.622
2091.411780	92.707
2121.832065	92.771
2152.694823	92.807
2184.006490	92.826
2215.773596	92.813
2248.002765	92.781
2280.700718	92.720
2313.874274	92.634
2347.530351	92.523
2381.675966	92.388
2416.318240	92.235
2451.464399	92.062
2487.121769	91.875
2523.297789	91.673
2560.000000	91.461
2597.236057	91.241
2635.013726	91.015
2673.340883	90.784
2712.225522	90.551
2751.675750	90.318
2791.699796	90.088
2832.306004	89.861
2873.502844	89.638
2915.298905	89.420
2957.702904	89.208
3000.723683	89.003
3044.370214	88.807
3088.651599	88.622
3133.577071	88.445
3179.155999	88.281
3225.397888	88.127
3272.312380	87.986
3319.909260	87.857
3368.198452	87.742
3417.190027	87.639
3466.894200	87.550
3517.321337	87.473
3568.481954	87.409
3620.386720	87.360
3673.046457	87.327
3726.472148	87.309
3780.674934	87.311
3835.666117	87.327
3891.457165	87.363
3948.059713	87.412
4005.485564	87.481
4063.746693	87.565
4122.855250	87.665
4182.823560	87.782
4243.664130	87.914
4305.389646	88.059
4368.012981	88.218
4431.547192	88.389
4496.005531	88.570
4561.401437	88.761
4627.748549	88.959
4695.060701	89.159
4763.351932	89.357
4832.636481	89.544
4902.928797	89.709
4974.243539	89.848
5046.595577	89.945
5120.000000	90.000
5194.472115	90.000
5270.027452	89.943
5346.681766	89.828
5424.451043	89.659
5503.351500	89.438
5583.399591	89.170
5664.612008	88.866
5747.005687	88.539
5830.597810	88.197
5915.405808	87.848
6001.447367	87.502
6088.740429	87.168
6177.303198	86.852
6267.154142	86.559
6358.311998	86.295
6450.795775	86.064
6544.624761	85.873
6639.818520	85.727
6736.396904	85.634
6834.380053	85.602
6933.788400	85.642
7034.642675	85.767
7136.963909	85.986
7240.773439	86.305
7346.092914	86.721
7452.944296	87.221
7561.349867	87.775
7671.332234	88.330
7782.914330	88.821
7896.119426	89.164
8010.971128	89.246
8127.493386	88.996
8245.710500	88.396
8365.647121	87.466
8487.328260	86.314
8610.779292	85.019
8736.025961	83.671
8863.094385	82.343
8992.011061	81.073
9122.802874	79.890
9255.497097	78.806
9390.121402	77.821
9526.703863	76.933
9665.272962	76.133
9805.857594	75.412
9948.487077	74.770
10093.191154	74.211
10240.000000	73.725
10388.944230	73.313
10540.054903	72.979
10693.363532	72.716
10848.902086	72.527
11006.703001	72.415
11166.799182	72.377
11329.224017	72.433
11494.011375	72.565
11661.195620	72.824
11830.811616	73.176
12002.894734	73.673
12177.480858	74.297
12354.606395	75.163
12534.308283	76.246
12716.623996	77.664
12901.591551	79.481
13089.249521	81.496
13279.637040	83.586
13472.793808	85.503
13668.760107	86.848
13867.576801	87.306
14069.285350	86.734
14273.927818	85.471
14481.546879	83.783
14692.185828	82.120
14905.888592	80.787
15122.699734	79.838
15342.664467	79.194
15565.828661	78.709
15792.238852	78.316
16021.942256	78.161
16254.986772	78.328
16491.420999	78.443
16731.294241	78.113
16974.656520	77.265
17221.558584	76.017
17472.051922	74.568
17726.188769	73.112
17984.022122	71.799
18245.605748	70.729
18510.994194	69.982
18780.242805	69.600
19053.407727	69.570
19330.545924	69.801
19611.715189	70.129
19896.974155	70.373
20186.382308	70.435
