20.000000	84.815
20.290907	84.815
20.586045	84.804
20.885476	84.789
21.189262	84.773
21.497467	84.756
21.810155	84.738
22.127391	84.720
22.449241	84.702
22.775773	84.685
23.107054	84.669
23.443154	84.653
23.784142	84.636
24.130091	84.616
24.481071	84.590
24.837156	84.561
25.198421	84.528
25.564940	84.493
25.936791	84.461
26.314050	84.433
26.696797	84.412
27.085111	84.397
27.479073	84.385
27.878765	84.373
28.284271	84.355
28.695675	84.327
29.113064	84.286
29.536523	84.231
29.966142	84.168
30.402009	84.103
30.844217	84.047
31.292856	84.000
31.748021	83.962
32.209807	83.929
32.678309	83.899
33.153626	83.866
33.635857	83.825
34.125101	83.772
34.621462	83.715
35.125043	83.664
35.635949	83.625
36.154286	83.592
36.680162	83.552
37.213687	83.502
37.754973	83.447
38.304131	83.393
38.861278	83.343
39.426528	83.296
40.000000	83.248
40.581813	83.200
41.172089	83.151
41.770951	83.097
42.378524	83.036
42.994934	82.973
43.620309	82.914
44.254781	82.857
44.898482	82.804
45.551545	82.754
46.214108	82.703
46.886308	82.644
47.568285	82.582
48.260181	82.521
48.962142	82.459
49.674312	82.394
50.396842	82.331
51.129881	82.269
51.873582	82.209
52.628101	82.144
53.393594	82.077
54.170222	82.007
54.958146	81.938
55.757531	81.870
56.568542	81.800
57.391351	81.729
58.226127	81.657
59.073046	81.585
59.932283	81.514
60.804018	81.438
61.688433	81.360
62.585712	81.285
63.496042	81.212
64.419613	81.138
65.356618	81.061
66.307252	80.983
67.271713	80.904
68.250203	80.826
69.242925	80.748
70.250086	80.667
71.271897	80.587
72.308571	80.506
73.360323	80.422
74.427374	80.338
75.509945	80.253
76.608262	80.167
77.722555	80.081
78.853056	79.994
80.000000	79.905
81.163627	79.816
82.344179	79.729
83.541903	79.643
84.757048	79.553
85.989867	79.463
87.240619	79.375
88.509563	79.290
89.796964	79.205
91.103091	79.118
92.428216	79.032
93.772615	78.946
95.136569	78.858
96.520362	78.772
97.924283	78.686
99.348625	78.596
100.793684	78.503
102.259762	78.407
103.747164	78.306
105.256202	78.202
106.787188	78.098
108.340444	77.998
109.916292	77.907
111.515061	77.834
113.137085	77.797
114.782702	77.787
116.452255	77.810
118.146092	77.831
119.864566	77.828
121.608036	77.806
123.376866	77.753
125.171424	77.686
126.992084	77.612
128.839227	77.541
130.713236	77.475
132.614504	77.411
134.543426	77.350
136.500406	77.287
138.485850	77.218
140.500173	77.139
142.543795	77.057
144.617142	76.969
146.720647	76.877
148.854748	76.784
151.019890	76.692
153.216525	76.604
155.445111	76.516
157.706112	76.429
160.000000	76.341
162.327254	76.256
164.688358	76.174
167.083805	76.088
169.514095	75.993
171.979734	75.896
174.481237	75.807
177.019125	75.730
179.593928	75.670
182.206182	75.628
184.856431	75.599
187.545230	75.570
190.273138	75.527
193.040725	75.469
195.848567	75.401
198.697250	75.325
201.587368	75.247
204.519524	75.169
207.494329	75.091
210.512403	75.014
213.574377	74.942
216.680888	74.884
219.832584	74.838
223.030122	74.807
226.274170	74.776
229.565404	74.739
232.904509	74.697
236.292183	74.647
239.729132	74.595
243.216073	74.543
246.753732	74.490
250.342848	74.435
253.984168	74.378
257.678453	74.321
261.426473	74.264
265.229008	74.208
269.086853	74.151
273.000811	74.095
276.971700	74.042
281.000346	73.993
285.087590	73.946
289.234284	73.899
293.441294	73.855
297.709496	73.812
302.039780	73.770
306.433050	73.728
310.890221	73.688
315.412224	73.649
320.000000	73.614
324.654507	73.581
329.376716	73.550
334.167610	73.521
339.028190	73.492
343.959469	73.465
348.962474	73.442
354.038251	73.419
359.187855	73.396
364.412363	73.376
369.712863	73.357
375.090460	73.339
380.546277	73.325
386.081450	73.310
391.697134	73.298
397.394500	73.288
403.174736	73.281
409.039048	73.272
414.988657	73.266
421.024807	73.263
427.148753	73.263
433.361775	73.264
439.665167	73.266
446.060244	73.271
452.548340	73.278
459.130807	73.286
465.809019	73.294
472.584367	73.305
479.458265	73.320
486.432146	73.336
493.507464	73.353
500.685695	73.373
507.968337	73.394
515.356906	73.418
522.852945	73.444
530.458016	73.471
538.173706	73.501
546.001623	73.532
553.943399	73.567
562.000691	73.603
570.175180	73.640
578.468569	73.680
586.882588	73.723
595.418991	73.770
604.079560	73.819
612.866100	73.871
621.780442	73.924
630.824447	73.980
640.000000	74.039
649.309014	74.099
658.753431	74.164
668.335221	74.231
678.056380	74.300
687.918938	74.372
697.924949	74.447
708.076501	74.524
718.375711	74.606
728.824726	74.691
739.425726	74.781
750.180921	74.874
761.092554	74.971
772.162900	75.072
783.394268	75.179
794.789000	75.290
806.349472	75.404
818.078095	75.523
829.977315	75.646
842.049613	75.774
854.297507	75.903
866.723550	76.032
879.330334	76.158
892.120489	76.281
905.096680	76.405
918.261614	76.534
931.618037	76.672
945.168733	76.818
958.916529	76.975
972.864291	77.139
987.014928	77.305
1001.371391	77.476
1015.936673	77.652
1030.713812	77.832
1045.705890	78.012
1060.916032	78.195
1076.347412	78.379
1092.003245	78.565
1107.886798	78.753
1124.001383	78.941
1140.350359	79.131
1156.937137	79.318
1173.765175	79.504
1190.837983	79.683
1208.159120	79.862
1225.732199	80.037
1243.560885	80.209
1261.648894	80.379
1280.000000	80.548
1298.618029	80.712
1317.506863	80.879
1336.670442	81.040
1356.112761	81.197
1375.837875	81.350
1395.849898	81.497
1416.153002	81.635
1436.751422	81.769
1457.649452	81.894
1478.851452	82.015
1500.361842	82.131
1522.185107	82.242
1544.325799	82.349
1566.788535	82.454
1589.577999	82.554
1612.698944	82.651
1636.156190	82.744
1659.954630	82.833
1684.099226	82.918
1708.595013	83.000
1733.447100	83.077
1758.660669	83.150
1784.240977	83.217
1810.193360	83.278
1836.523229	83.335
1863.236074	83.387
1890.337467	83.434
1917.833058	83.476
1945.728583	83.513
1974.029857	83.546
2002.742782	83.573
2031.873347	83.597
2061.427625	83.617
2091.411780	83.635
2121.832065	83.648
2152.694823	83.657
2184.006490	83.664
2215.773596	83.666
2248.002765	83.666
2280.700718	83.663
2313.874274	83.657
2347.530351	83.646
2381.675966	83.634
2416.318240	83.619
2451.464399	83.601
2487.121769	83.579
2523.297789	83.554
2560.000000	83.526
2597.236057	83.495
2635.013726	83.459
2673.340883	83.419
2712.225522	83.374
2751.675750	83.321
2791.699796	83.259
2832.306004	83.185
2873.502844	83.100
2915.298905	83.000
2957.702904	82.885
3000.723683	82.759
3044.370214	82.638
3088.651599	82.544
3133.577071	82.492
3179.155999	82.500
3225.397888	82.551
3272.312380	82.627
3319.909260	82.704
3368.198452	82.763
3417.190027	82.795
3466.894200	82.800
3517.321337	82.776
3568.481954	82.728
3620.386720	82.657
3673.046457	82.564
3726.472148	82.450
3780.674934	82.312
3835.666117	82.157
3891.457165	81.980
3948.059713	81.789
4005.485564	81.581
4063.746693	81.362
4122.855250	81.133
4182.823560	80.900
4243.664130	80.665
4305.389646	80.436
4368.012981	80.216
4431.547192	80.013
4496.005531	79.830
4561.401437	79.679
4627.748549	79.562
4695.060701	79.495
4763.351932	79.481
4832.636481	79.528
4902.928797	79.653
4974.243539	79.846
5046.595577	80.125
5120.000000	80.471
5194.472115	80.878
5270.027452	81.318
5346.681766	81.740
5424.451043	82.090
5503.351500	82.298
5583.399591	82.304
5664.612008	82.078
5747.005687	81.677
5830.597810	81.132
5915.405808	80.493
6001.447367	79.812
6088.740429	79.134
6177.303198	78.480
6267.154142	77.856
6358.311998	77.265
6450.795775	76.705
6544.624761	76.191
6639.818520	75.746
6736.396904	75.414
6834.380053	75.255
6933.788400	75.349
7034.642675	75.760
7136.963909	76.482
7240.773439	77.427
7346.092914	78.497
7452.944296	79.635
7561.349867	80.808
7671.332234	81.970
7782.914330	83.050
7896.119426	83.943
8010.971128	84.485
8127.493386	84.587
8245.710500	84.256
8365.647121	83.595
8487.328260	82.783
8610.779292	81.940
8736.025961	81.162
8863.094385	80.496
8992.011061	79.954
9122.802874	79.531
9255.497097	79.235
9390.121402	79.065
9526.703863	79.019
9665.272962	79.081
9805.857594	79.231
9948.487077	79.452
10093.191154	79.722
10240.000000	80.011
10388.944230	80.303
10540.054903	80.571
10693.363532	80.771
10848.902086	80.830
11006.703001	80.681
11166.799182	80.321
11329.224017	79.771
11494.011375	79.168
11661.195620	78.655
11830.811616	78.233
12002.894734	77.927
12177.480858	77.710
12354.606395	77.664
12534.308283	77.750
12716.623996	78.012
12901.591551	78.463
13089.249521	79.007
13279.637040	79.647
13472.793808	80.323
13668.760107	80.886
13867.576801	81.182
14069.285350	81.069
14273.927818	80.632
14481.546879	79.898
14692.185828	79.036
14905.888592	78.226
15122.699734	77.559
15342.664467	77.111
15565.828661	76.934
15792.238852	77.066
16021.942256	77.520
16254.986772	78.253
16491.420999	79.091
16731.294241	79.690
16974.656520	79.778
17221.558584	79.414
17472.051922	78.887
17726.188769	78.226
17984.022122	77.257
18245.605748	76.026
18510.994194	74.858
18780.242805	73.823
19053.407727	72.619
19330.545924	71.030
19611.715189	69.084
19896.974155	67.284
20186.382308	66.733
