20.000000	86.007
20.290907	86.007
20.586045	85.980
20.885476	85.924
21.189262	85.868
21.497467	85.816
21.810155	85.766
22.127391	85.717
22.449241	85.668
22.775773	85.619
23.107054	85.568
23.443154	85.516
23.784142	85.463
24.130091	85.409
24.481071	85.354
24.837156	85.299
25.198421	85.244
25.564940	85.191
25.936791	85.137
26.314050	85.084
26.696797	85.029
27.085111	84.971
27.479073	84.910
27.878765	84.848
28.284271	84.786
28.695675	84.726
29.113064	84.668
29.536523	84.609
29.966142	84.549
30.402009	84.487
30.844217	84.422
31.292856	84.356
31.748021	84.289
32.209807	84.221
32.678309	84.155
33.153626	84.089
33.635857	84.025
34.125101	83.961
34.621462	83.896
35.125043	83.830
35.635949	83.763
36.154286	83.696
36.680162	83.628
37.213687	83.558
37.754973	83.486
38.304131	83.415
38.861278	83.345
39.426528	83.278
40.000000	83.212
40.581813	83.143
41.172089	83.069
41.770951	82.993
42.378524	82.919
42.994934	82.847
43.620309	82.775
44.254781	82.704
44.898482	82.633
45.551545	82.562
46.214108	82.485
46.886308	82.407
47.568285	82.333
48.260181	82.264
48.962142	82.194
49.674312	82.122
50.396842	82.048
51.129881	81.973
51.873582	81.898
52.628101	81.824
53.393594	81.751
54.170222	81.677
54.958146	81.603
55.757531	81.529
56.568542	81.455
57.391351	81.382
58.226127	81.309
59.073046	81.234
59.932283	81.159
60.804018	81.084
61.688433	81.012
62.585712	80.940
63.496042	80.867
64.419613	80.792
65.356618	80.716
66.307252	80.641
67.271713	80.569
68.250203	80.496
69.242925	80.421
70.250086	80.347
71.271897	80.274
72.308571	80.202
73.360323	80.129
74.427374	80.056
75.509945	79.984
76.608262	79.912
77.722555	79.840
78.853056	79.768
80.000000	79.697
81.163627	79.626
82.344179	79.555
83.541903	79.485
84.757048	79.414
85.989867	79.345
87.240619	79.276
88.509563	79.207
89.796964	79.139
91.103091	79.072
92.428216	79.003
93.772615	78.933
95.136569	78.864
96.520362	78.797
97.924283	78.728
99.348625	78.658
100.793684	78.592
102.259762	78.529
103.747164	78.465
105.256202	78.398
106.787188	78.332
108.340444	78.269
109.916292	78.206
111.515061	78.141
113.137085	78.078
114.782702	78.016
116.452255	77.953
118.146092	77.891
119.864566	77.828
121.608036	77.765
123.376866	77.705
125.171424	77.645
126.992084	77.584
128.839227	77.524
130.713236	77.463
132.614504	77.404
134.543426	77.345
136.500406	77.288
138.485850	77.230
140.500173	77.173
142.543795	77.118
144.617142	77.061
146.720647	77.002
148.854748	76.943
151.019890	76.887
153.216525	76.833
155.445111	76.779
157.706112	76.725
160.000000	76.670
162.327254	76.616
164.688358	76.561
167.083805	76.505
169.514095	76.450
171.979734	76.394
174.481237	76.340
177.019125	76.285
179.593928	76.231
182.206182	76.176
184.856431	76.122
187.545230	76.070
190.273138	76.019
193.040725	75.974
195.848567	75.936
198.697250	75.909
201.587368	75.897
204.519524	75.898
207.494329	75.904
210.512403	75.907
213.574377	75.903
216.680888	75.883
219.832584	75.855
223.030122	75.817
226.274170	75.776
229.565404	75.733
232.904509	75.689
236.292183	75.647
239.729132	75.606
243.216073	75.565
246.753732	75.522
250.342848	75.482
253.984168	75.444
257.678453	75.406
261.426473	75.368
265.229008	75.331
269.086853	75.296
273.000811	75.263
276.971700	75.229
281.000346	75.196
285.087590	75.163
289.234284	75.131
293.441294	75.099
297.709496	75.069
302.039780	75.041
306.433050	75.015
310.890221	74.988
315.412224	74.963
320.000000	74.940
324.654507	74.917
329.376716	74.893
334.167610	74.868
339.028190	74.845
343.959469	74.822
348.962474	74.798
354.038251	74.774
359.187855	74.749
364.412363	74.725
369.712863	74.701
375.090460	74.677
380.546277	74.652
386.081450	74.628
391.697134	74.604
397.394500	74.580
403.174736	74.556
409.039048	74.533
414.988657	74.513
421.024807	74.501
427.148753	74.498
433.361775	74.506
439.665167	74.526
446.060244	74.555
452.548340	74.588
459.130807	74.617
465.809019	74.637
472.584367	74.645
479.458265	74.646
486.432146	74.644
493.507464	74.643
500.685695	74.641
507.968337	74.640
515.356906	74.641
522.852945	74.645
530.458016	74.651
538.173706	74.658
546.001623	74.669
553.943399	74.681
562.000691	74.694
570.175180	74.709
578.468569	74.726
586.882588	74.746
595.418991	74.767
604.079560	74.791
612.866100	74.817
621.780442	74.843
630.824447	74.873
640.000000	74.906
649.309014	74.941
658.753431	74.979
668.335221	75.019
678.056380	75.064
687.918938	75.109
697.924949	75.157
708.076501	75.207
718.375711	75.261
728.824726	75.320
739.425726	75.382
750.180921	75.448
761.092554	75.517
772.162900	75.592
783.394268	75.669
794.789000	75.751
806.349472	75.836
818.078095	75.927
829.977315	76.022
842.049613	76.123
854.297507	76.227
866.723550	76.338
879.330334	76.454
892.120489	76.574
905.096680	76.699
918.261614	76.828
931.618037	76.962
945.168733	77.099
958.916529	77.240
972.864291	77.384
987.014928	77.532
1001.371391	77.684
1015.936673	77.839
1030.713812	77.995
1045.705890	78.153
1060.916032	78.312
1076.347412	78.472
1092.003245	78.632
1107.886798	78.791
1124.001383	78.948
1140.350359	79.102
1156.937137	79.252
1173.765175	79.400
1190.837983	79.540
1208.159120	79.679
1225.732199	79.809
1243.560885	79.936
1261.648894	80.054
1280.000000	80.166
1298.618029	80.268
1317.506863	80.370
1336.670442	80.460
1356.112761	80.544
1375.837875	80.623
1395.849898	80.695
1416.153002	80.759
1436.751422	80.820
1457.649452	80.873
1478.851452	80.921
1500.361842	80.964
1522.185107	81.001
1544.325799	81.034
1566.788535	81.063
1589.577999	81.088
1612.698944	81.110
1636.156190	81.128
1659.954630	81.144
1684.099226	81.156
1708.595013	81.167
1733.447100	81.176
1758.660669	81.183
1784.240977	81.190
1810.193360	81.195
1836.523229	81.199
1863.236074	81.202
1890.337467	81.205
1917.833058	81.208
1945.728583	81.210
1974.029857	81.211
2002.742782	81.212
2031.873347	81.214
2061.427625	81.217
2091.411780	81.219
2121.832065	81.223
2152.694823	81.226
2184.006490	81.231
2215.773596	81.235
2248.002765	81.241
2280.700718	81.249
2313.874274	81.261
2347.530351	81.277
2381.675966	81.300
2416.318240	81.329
2451.464399	81.372
2487.121769	81.427
2523.297789	81.501
2560.000000	81.592
2597.236057	81.701
2635.013726	81.825
2673.340883	81.964
2712.225522	82.108
2751.675750	82.251
2791.699796	82.382
2832.306004	82.492
2873.502844	82.579
2915.298905	82.639
2957.702904	82.672
3000.723683	82.679
3044.370214	82.662
3088.651599	82.626
3133.577071	82.577
3179.155999	82.518
3225.397888	82.455
3272.312380	82.392
3319.909260	82.334
3368.198452	82.286
3417.190027	82.249
3466.894200	82.221
3517.321337	82.198
3568.481954	82.175
3620.386720	82.152
3673.046457	82.132
3726.472148	82.114
3780.674934	82.099
3835.666117	82.085
3891.457165	82.071
3948.059713	82.056
4005.485564	82.035
4063.746693	82.004
4122.855250	81.961
4182.823560	81.897
4243.664130	81.807
4305.389646	81.687
4368.012981	81.531
4431.547192	81.335
4496.005531	81.103
4561.401437	80.830
4627.748549	80.524
4695.060701	80.181
4763.351932	79.808
4832.636481	79.405
4902.928797	78.977
4974.243539	78.533
5046.595577	78.083
5120.000000	77.635
5194.472115	77.201
5270.027452	76.799
5346.681766	76.441
5424.451043	76.140
5503.351500	75.915
5583.399591	75.788
5664.612008	75.782
5747.005687	75.886
5830.597810	76.111
5915.405808	76.457
6001.447367	76.918
6088.740429	77.482
6177.303198	78.100
6267.154142	78.733
6358.311998	79.332
6450.795775	79.862
6544.624761	80.296
6639.818520	80.623
6736.396904	80.851
6834.380053	81.003
6933.788400	81.108
7034.642675	81.197
7136.963909	81.297
7240.773439	81.431
7346.092914	81.609
7452.944296	81.835
7561.349867	82.105
7671.332234	82.403
7782.914330	82.711
7896.119426	83.003
8010.971128	83.217
8127.493386	83.267
8245.710500	83.080
8365.647121	82.613
8487.328260	81.930
8610.779292	81.087
8736.025961	80.150
8863.094385	79.178
8992.011061	78.211
9122.802874	77.302
9255.497097	76.485
9390.121402	75.770
9526.703863	75.163
9665.272962	74.661
9805.857594	74.261
9948.487077	73.966
10093.191154	73.782
10240.000000	73.699
10388.944230	73.719
10540.054903	73.852
10693.363532	74.080
10848.902086	74.395
11006.703001	74.766
11166.799182	75.141
11329.224017	75.448
11494.011375	75.652
11661.195620	75.683
11830.811616	75.668
12002.894734	75.668
12177.480858	75.797
12354.606395	76.183
12534.308283	76.740
12716.623996	77.464
12901.591551	78.221
13089.249521	78.971
13279.637040	79.610
13472.793808	80.104
13668.760107	80.466
13867.576801	80.725
14069.285350	80.900
14273.927818	81.017
14481.546879	81.015
14692.185828	80.790
14905.888592	80.310
15122.699734	79.585
15342.664467	78.673
15565.828661	77.664
15792.238852	76.658
16021.942256	75.741
16254.986772	74.972
16491.420999	74.382
16731.294241	73.986
16974.656520	73.805
17221.558584	73.857
17472.051922	74.124
17726.188769	74.539
17984.022122	75.004
18245.605748	75.454
18510.994194	75.910
18780.242805	76.414
19053.407727	76.904
19330.545924	77.166
19611.715189	76.924
19896.974155	76.651
20186.382308	76.651
