20.000000	87.596
20.290907	87.596
20.586045	87.605
20.885476	87.616
21.189262	87.630
21.497467	87.645
21.810155	87.663
22.127391	87.681
22.449241	87.699
22.775773	87.714
23.107054	87.729
23.443154	87.740
23.784142	87.749
24.130091	87.758
24.481071	87.766
24.837156	87.775
25.198421	87.785
25.564940	87.796
25.936791	87.805
26.314050	87.814
26.696797	87.820
27.085111	87.825
27.479073	87.828
27.878765	87.829
28.284271	87.830
28.695675	87.830
29.113064	87.829
29.536523	87.828
29.966142	87.828
30.402009	87.828
30.844217	87.829
31.292856	87.830
31.748021	87.830
32.209807	87.829
32.678309	87.826
33.153626	87.820
33.635857	87.811
34.125101	87.800
34.621462	87.791
35.125043	87.783
35.635949	87.775
36.154286	87.763
36.680162	87.746
37.213687	87.726
37.754973	87.709
38.304131	87.697
38.861278	87.694
39.426528	87.694
40.000000	87.692
40.581813	87.680
41.172089	87.659
41.770951	87.632
42.378524	87.609
42.994934	87.589
43.620309	87.575
44.254781	87.562
44.898482	87.547
45.551545	87.524
46.214108	87.497
46.886308	87.472
47.568285	87.450
48.260181	87.430
48.962142	87.409
49.674312	87.383
50.396842	87.353
51.129881	87.325
51.873582	87.298
52.628101	87.270
53.393594	87.243
54.170222	87.214
54.958146	87.186
55.757531	87.158
56.568542	87.131
57.391351	87.104
58.226127	87.074
59.073046	87.039
59.932283	87.003
60.804018	86.969
61.688433	86.935
62.585712	86.899
63.496042	86.862
64.419613	86.825
65.356618	86.789
66.307252	86.753
67.271713	86.717
68.250203	86.679
69.242925	86.639
70.250086	86.597
71.271897	86.554
72.308571	86.512
73.360323	86.469
74.427374	86.425
75.509945	86.380
76.608262	86.334
77.722555	86.289
78.853056	86.246
80.000000	86.203
81.163627	86.158
82.344179	86.112
83.541903	86.065
84.757048	86.018
85.989867	85.971
87.240619	85.924
88.509563	85.876
89.796964	85.825
91.103091	85.772
92.428216	85.715
93.772615	85.656
95.136569	85.600
96.520362	85.550
97.924283	85.501
99.348625	85.452
100.793684	85.399
102.259762	85.346
103.747164	85.293
105.256202	85.240
106.787188	85.187
108.340444	85.133
109.916292	85.078
111.515061	85.022
113.137085	84.964
114.782702	84.901
116.452255	84.835
118.146092	84.769
119.864566	84.716
121.608036	84.668
123.376866	84.619
125.171424	84.561
126.992084	84.495
128.839227	84.430
130.713236	84.369
132.614504	84.309
134.543426	84.249
136.500406	84.190
138.485850	84.131
140.500173	84.072
142.543795	84.015
144.617142	83.957
146.720647	83.890
148.854748	83.818
151.019890	83.746
153.216525	83.676
155.445111	83.607
157.706112	83.542
160.000000	83.483
162.327254	83.426
164.688358	83.365
167.083805	83.301
169.514095	83.234
171.979734	83.167
174.481237	83.103
177.019125	83.043
179.593928	82.989
182.206182	82.943
184.856431	82.905
187.545230	82.877
190.273138	82.858
193.040725	82.842
195.848567	82.817
198.697250	82.781
201.587368	82.737
204.519524	82.690
207.494329	82.637
210.512403	82.578
213.574377	82.520
216.680888	82.470
219.832584	82.421
223.030122	82.372
226.274170	82.320
229.565404	82.268
232.904509	82.215
236.292183	82.163
239.729132	82.111
243.216073	82.059
246.753732	82.008
250.342848	81.955
253.984168	81.902
257.678453	81.851
261.426473	81.802
265.229008	81.756
269.086853	81.708
273.000811	81.660
276.971700	81.612
281.000346	81.567
285.087590	81.525
289.234284	81.484
293.441294	81.444
297.709496	81.407
302.039780	81.372
306.433050	81.341
310.890221	81.313
315.412224	81.289
320.000000	81.268
324.654507	81.251
329.376716	81.232
334.167610	81.208
339.028190	81.177
343.959469	81.142
348.962474	81.106
354.038251	81.069
359.187855	81.032
364.412363	80.997
369.712863	80.963
375.090460	80.929
380.546277	80.898
386.081450	80.868
391.697134	80.840
397.394500	80.813
403.174736	80.791
409.039048	80.771
414.988657	80.753
421.024807	80.737
427.148753	80.721
433.361775	80.702
439.665167	80.683
446.060244	80.662
452.548340	80.640
459.130807	80.621
465.809019	80.603
472.584367	80.586
479.458265	80.568
486.432146	80.549
493.507464	80.532
500.685695	80.517
507.968337	80.501
515.356906	80.484
522.852945	80.466
530.458016	80.450
538.173706	80.435
546.001623	80.423
553.943399	80.413
562.000691	80.405
570.175180	80.397
578.468569	80.391
586.882588	80.386
595.418991	80.382
604.079560	80.379
612.866100	80.379
621.780442	80.381
630.824447	80.383
640.000000	80.387
649.309014	80.391
658.753431	80.397
668.335221	80.406
678.056380	80.417
687.918938	80.430
697.924949	80.444
708.076501	80.462
718.375711	80.483
728.824726	80.507
739.425726	80.532
750.180921	80.557
761.092554	80.580
772.162900	80.596
783.394268	80.605
794.789000	80.611
806.349472	80.624
818.078095	80.649
829.977315	80.688
842.049613	80.737
854.297507	80.794
866.723550	80.855
879.330334	80.917
892.120489	80.979
905.096680	81.041
918.261614	81.104
931.618037	81.173
945.168733	81.257
958.916529	81.362
972.864291	81.482
987.014928	81.597
1001.371391	81.689
1015.936673	81.757
1030.713812	81.805
1045.705890	81.848
1060.916032	81.901
1076.347412	81.971
1092.003245	82.060
1107.886798	82.164
1124.001383	82.281
1140.350359	82.403
1156.937137	82.527
1173.765175	82.653
1190.837983	82.776
1208.159120	82.900
1225.732199	83.021
1243.560885	83.141
1261.648894	83.260
1280.000000	83.377
1298.618029	83.490
1317.506863	83.605
1336.670442	83.716
1356.112761	83.826
1375.837875	83.936
1395.849898	84.045
1416.153002	84.152
1436.751422	84.260
1457.649452	84.368
1478.851452	84.475
1500.361842	84.583
1522.185107	84.691
1544.325799	84.798
1566.788535	84.907
1589.577999	85.016
1612.698944	85.125
1636.156190	85.235
1659.954630	85.344
1684.099226	85.454
1708.595013	85.563
1733.447100	85.671
1758.660669	85.779
1784.240977	85.886
1810.193360	85.993
1836.523229	86.098
1863.236074	86.203
1890.337467	86.306
1917.833058	86.408
1945.728583	86.510
1974.029857	86.610
2002.742782	86.708
2031.873347	86.804
2061.427625	86.899
2091.411780	86.991
2121.832065	87.082
2152.694823	87.169
2184.006490	87.255
2215.773596	87.336
2248.002765	87.414
2280.700718	87.488
2313.874274	87.558
2347.530351	87.623
2381.675966	87.683
2416.318240	87.740
2451.464399	87.789
2487.121769	87.835
2523.297789	87.874
2560.000000	87.907
2597.236057	87.936
2635.013726	87.959
2673.340883	87.974
2712.225522	87.986
2751.675750	87.991
2791.699796	87.992
2832.306004	87.986
2873.502844	87.974
2915.298905	87.958
2957.702904	87.936
3000.723683	87.910
3044.370214	87.879
3088.651599	87.843
3133.577071	87.803
3179.155999	87.759
3225.397888	87.712
3272.312380	87.660
3319.909260	87.604
3368.198452	87.544
3417.190027	87.480
3466.894200	87.412
3517.321337	87.341
3568.481954	87.267
3620.386720	87.190
3673.046457	87.109
3726.472148	87.022
3780.674934	86.928
3835.666117	86.826
3891.457165	86.714
3948.059713	86.592
4005.485564	86.459
4063.746693	86.315
4122.855250	86.162
4182.823560	85.998
4243.664130	85.824
4305.389646	85.640
4368.012981	85.447
4431.547192	85.243
4496.005531	85.031
4561.401437	84.812
4627.748549	84.589
4695.060701	84.361
4763.351932	84.129
4832.636481	83.895
4902.928797	83.660
4974.243539	83.426
5046.595577	83.195
5120.000000	82.967
5194.472115	82.745
5270.027452	82.531
5346.681766	82.327
5424.451043	82.133
5503.351500	81.952
5583.399591	81.788
5664.612008	81.640
5747.005687	81.508
5830.597810	81.393
5915.405808	81.299
6001.447367	81.228
6088.740429	81.186
6177.303198	81.174
6267.154142	81.193
6358.311998	81.250
6450.795775	81.349
6544.624761	81.501
6639.818520	81.718
6736.396904	82.006
6834.380053	82.370
6933.788400	82.815
7034.642675	83.353
7136.963909	83.999
7240.773439	84.763
7346.092914	85.644
7452.944296	86.618
7561.349867	87.620
7671.332234	88.540
7782.914330	89.262
7896.119426	89.651
8010.971128	89.564
8127.493386	88.988
8245.710500	87.996
8365.647121	86.719
8487.328260	85.323
8610.779292	83.921
8736.025961	82.601
8863.094385	81.403
8992.011061	80.334
9122.802874	79.392
9255.497097	78.574
9390.121402	77.880
9526.703863	77.327
9665.272962	76.941
9805.857594	76.766
9948.487077	76.859
10093.191154	77.274
10240.000000	77.931
10388.944230	78.718
10540.054903	79.469
10693.363532	80.057
10848.902086	80.392
11006.703001	80.442
11166.799182	80.239
11329.224017	79.782
11494.011375	79.169
11661.195620	78.394
11830.811616	77.566
12002.894734	76.702
12177.480858	75.851
12354.606395	75.060
12534.308283	74.332
12716.623996	73.706
12901.591551	73.219
13089.249521	72.799
13279.637040	72.506
13472.793808	72.369
13668.760107	72.393
13867.576801	72.600
14069.285350	73.031
14273.927818	73.646
14481.546879	74.505
14692.185828	75.578
14905.888592	76.724
15122.699734	77.799
15342.664467	78.630
15565.828661	79.058
15792.238852	78.993
16021.942256	78.477
16254.986772	77.685
16491.420999	76.882
16731.294241	76.324
16974.656520	76.162
17221.558584	76.391
17472.051922	76.820
17726.188769	77.115
17984.022122	76.909
18245.605748	75.979
18510.994194	74.323
18780.242805	72.184
19053.407727	69.850
19330.545924	67.577
19611.715189	65.601
19896.974155	64.244
20186.382308	63.886
