20.000000	94.369
20.290907	94.369
20.586045	94.365
20.885476	94.356
21.189262	94.348
21.497467	94.344
21.810155	94.342
22.127391	94.341
22.449241	94.341
22.775773	94.339
23.107054	94.336
23.443154	94.332
23.784142	94.329
24.130091	94.325
24.481071	94.321
24.837156	94.317
25.198421	94.311
25.564940	94.305
25.936791	94.299
26.314050	94.292
26.696797	94.284
27.085111	94.275
27.479073	94.263
27.878765	94.252
28.284271	94.241
28.695675	94.230
29.113064	94.220
29.536523	94.209
29.966142	94.197
30.402009	94.184
30.844217	94.169
31.292856	94.154
31.748021	94.138
32.209807	94.123
32.678309	94.108
33.153626	94.094
33.635857	94.078
34.125101	94.063
34.621462	94.048
35.125043	94.032
35.635949	94.014
36.154286	93.995
36.680162	93.974
37.213687	93.954
37.754973	93.936
38.304131	93.917
38.861278	93.896
39.426528	93.875
40.000000	93.856
40.581813	93.837
41.172089	93.816
41.770951	93.796
42.378524	93.773
42.994934	93.753
43.620309	93.731
44.254781	93.707
44.898482	93.682
45.551545	93.657
46.214108	93.635
46.886308	93.617
47.568285	93.598
48.260181	93.572
48.962142	93.542
49.674312	93.512
50.396842	93.482
51.129881	93.456
51.873582	93.434
52.628101	93.409
53.393594	93.380
54.170222	93.353
54.958146	93.327
55.757531	93.295
56.568542	93.264
57.391351	93.236
58.226127	93.210
59.073046	93.183
59.932283	93.152
60.804018	93.117
61.688433	93.085
62.585712	93.054
63.496042	93.021
64.419613	92.989
65.356618	92.958
66.307252	92.927
67.271713	92.895
68.250203	92.862
69.242925	92.830
70.250086	92.795
71.271897	92.758
72.308571	92.725
73.360323	92.687
74.427374	92.651
75.509945	92.618
76.608262	92.583
77.722555	92.547
78.853056	92.507
80.000000	92.468
81.163627	92.428
82.344179	92.387
83.541903	92.346
84.757048	92.309
85.989867	92.270
87.240619	92.227
88.509563	92.185
89.796964	92.143
91.103091	92.098
92.428216	92.046
93.772615	92.004
95.136569	91.961
96.520362	91.917
97.924283	91.873
99.348625	91.826
100.793684	91.778
102.259762	91.729
103.747164	91.679
105.256202	91.626
106.787188	91.572
108.340444	91.516
109.916292	91.465
111.515061	91.416
113.137085	91.359
114.782702	91.298
116.452255	91.233
118.146092	91.159
119.864566	91.097
121.608036	91.038
123.376866	90.971
125.171424	90.899
126.992084	90.824
128.839227	90.744
130.713236	90.662
132.614504	90.567
134.543426	90.464
136.500406	90.370
138.485850	90.289
140.500173	90.239
142.543795	90.243
144.617142	90.307
146.720647	90.429
148.854748	90.568
151.019890	90.692
153.216525	90.768
155.445111	90.787
157.706112	90.786
160.000000	90.767
162.327254	90.742
164.688358	90.718
167.083805	90.679
169.514095	90.638
171.979734	90.590
174.481237	90.547
177.019125	90.500
179.593928	90.449
182.206182	90.403
184.856431	90.362
187.545230	90.322
190.273138	90.276
193.040725	90.232
195.848567	90.188
198.697250	90.148
201.587368	90.112
204.519524	90.078
207.494329	90.040
210.512403	89.999
213.574377	89.959
216.680888	89.917
219.832584	89.870
223.030122	89.828
226.274170	89.786
229.565404	89.741
232.904509	89.695
236.292183	89.645
239.729132	89.599
243.216073	89.549
246.753732	89.504
250.342848	89.452
253.984168	89.394
257.678453	89.343
261.426473	89.288
265.229008	89.235
269.086853	89.193
273.000811	89.175
276.971700	89.189
281.000346	89.233
285.087590	89.289
289.234284	89.326
293.441294	89.339
297.709496	89.333
302.039780	89.318
306.433050	89.291
310.890221	89.269
315.412224	89.237
320.000000	89.206
324.654507	89.173
329.376716	89.136
334.167610	89.108
339.028190	89.076
343.959469	89.047
348.962474	89.024
354.038251	89.000
359.187855	88.976
364.412363	88.955
369.712863	88.928
375.090460	88.909
380.546277	88.890
386.081450	88.871
391.697134	88.850
397.394500	88.832
403.174736	88.814
409.039048	88.795
414.988657	88.777
421.024807	88.763
427.148753	88.748
433.361775	88.730
439.665167	88.719
446.060244	88.705
452.548340	88.694
459.130807	88.685
465.809019	88.677
472.584367	88.671
479.458265	88.663
486.432146	88.650
493.507464	88.644
500.685695	88.640
507.968337	88.637
515.356906	88.637
522.852945	88.630
530.458016	88.628
538.173706	88.629
546.001623	88.628
553.943399	88.629
562.000691	88.631
570.175180	88.633
578.468569	88.642
586.882588	88.625
595.418991	88.605
604.079560	88.595
612.866100	88.604
621.780442	88.620
630.824447	88.632
640.000000	88.651
649.309014	88.663
658.753431	88.684
668.335221	88.705
678.056380	88.721
687.918938	88.739
697.924949	88.756
708.076501	88.776
718.375711	88.798
728.824726	88.826
739.425726	88.859
750.180921	88.893
761.092554	88.930
772.162900	88.961
783.394268	88.997
794.789000	89.035
806.349472	89.079
818.078095	89.130
829.977315	89.185
842.049613	89.246
854.297507	89.310
866.723550	89.380
879.330334	89.453
892.120489	89.523
905.096680	89.598
918.261614	89.683
931.618037	89.771
945.168733	89.867
958.916529	89.968
972.864291	90.079
987.014928	90.189
1001.371391	90.318
1015.936673	90.417
1030.713812	90.539
1045.705890	90.665
1060.916032	90.795
1076.347412	90.929
1092.003245	91.068
1107.886798	91.212
1124.001383	91.351
1140.350359	91.492
1156.937137	91.633
1173.765175	91.773
1190.837983	91.915
1208.159120	92.060
1225.732199	92.199
1243.560885	92.335
1261.648894	92.475
1280.000000	92.612
1298.618029	92.751
1317.506863	92.892
1336.670442	93.033
1356.112761	93.172
1375.837875	93.306
1395.849898	93.442
1416.153002	93.583
1436.751422	93.722
1457.649452	93.859
1478.851452	94.000
1500.361842	94.143
1522.185107	94.284
1544.325799	94.423
1566.788535	94.562
1589.577999	94.698
1612.698944	94.837
1636.156190	94.980
1659.954630	95.123
1684.099226	95.269
1708.595013	95.414
1733.447100	95.559
1758.660669	95.704
1784.240977	95.843
1810.193360	95.984
1836.523229	96.123
1863.236074	96.263
1890.337467	96.402
1917.833058	96.538
1945.728583	96.670
1974.029857	96.796
2002.742782	96.919
2031.873347	97.010
2061.427625	97.104
2091.411780	97.193
2121.832065	97.270
2152.694823	97.333
2184.006490	97.385
2215.773596	97.415
2248.002765	97.434
2280.700718	97.431
2313.874274	97.421
2347.530351	97.411
2381.675966	97.411
2416.318240	97.411
2451.464399	97.389
2487.121769	97.337
2523.297789	97.241
2560.000000	97.114
2597.236057	96.961
2635.013726	96.789
2673.340883	96.604
2712.225522	96.416
2751.675750	96.224
2791.699796	96.035
2832.306004	95.846
2873.502844	95.658
2915.298905	95.470
2957.702904	95.283
3000.723683	95.106
3044.370214	94.907
3088.651599	94.724
3133.577071	94.544
3179.155999	94.372
3225.397888	94.205
3272.312380	94.047
3319.909260	93.899
3368.198452	93.759
3417.190027	93.626
3466.894200	93.510
3517.321337	93.403
3568.481954	93.311
3620.386720	93.227
3673.046457	93.153
3726.472148	93.089
3780.674934	93.040
3835.666117	93.004
3891.457165	92.985
3948.059713	92.966
4005.485564	92.973
4063.746693	92.951
4122.855250	92.924
4182.823560	92.942
4243.664130	93.020
4305.389646	93.076
4368.012981	93.125
4431.547192	93.145
4496.005531	93.166
4561.401437	93.171
4627.748549	93.159
4695.060701	93.113
4763.351932	93.040
4832.636481	92.946
4902.928797	92.853
4974.243539	92.771
5046.595577	92.685
5120.000000	92.594
5194.472115	92.506
5270.027452	92.408
5346.681766	92.289
5424.451043	92.153
5503.351500	91.997
5583.399591	91.829
5664.612008	91.655
5747.005687	91.467
5830.597810	91.277
5915.405808	91.097
6001.447367	90.917
6088.740429	90.748
6177.303198	90.616
6267.154142	90.491
6358.311998	90.400
6450.795775	90.344
6544.624761	90.318
6639.818520	90.321
6736.396904	90.361
6834.380053	90.454
6933.788400	90.597
7034.642675	90.796
7136.963909	91.075
7240.773439	91.427
7346.092914	91.843
7452.944296	92.324
7561.349867	92.863
7671.332234	93.431
7782.914330	93.982
7896.119426	94.446
8010.971128	94.693
8127.493386	94.591
8245.710500	94.094
8365.647121	93.223
8487.328260	92.131
8610.779292	90.923
8736.025961	89.711
8863.094385	88.553
8992.011061	87.461
9122.802874	86.471
9255.497097	85.577
9390.121402	84.809
9526.703863	84.150
9665.272962	83.559
9805.857594	83.053
9948.487077	82.637
10093.191154	82.335
10240.000000	82.094
10388.944230	81.982
10540.054903	81.966
10693.363532	82.025
10848.902086	82.196
11006.703001	82.477
11166.799182	82.880
11329.224017	83.422
11494.011375	84.074
11661.195620	84.968
11830.811616	86.047
12002.894734	87.369
12177.480858	88.909
12354.606395	90.705
12534.308283	92.380
12716.623996	93.159
12901.591551	92.397
13089.249521	90.959
13279.637040	89.405
13472.793808	87.954
13668.760107	86.819
13867.576801	85.987
14069.285350	85.477
14273.927818	85.222
14481.546879	85.308
14692.185828	85.762
14905.888592	86.521
15122.699734	87.479
15342.664467	88.345
15565.828661	88.635
15792.238852	87.874
16021.942256	86.142
16254.986772	84.085
16491.420999	82.197
16731.294241	80.752
16974.656520	79.932
17221.558584	79.855
17472.051922	80.114
17726.188769	79.213
17984.022122	76.413
18245.605748	72.852
18510.994194	69.434
18780.242805	66.263
19053.407727	63.344
19330.545924	60.656
19611.715189	58.508
19896.974155	57.505
20186.382308	57.505
