19.995176 101.13
20.14007 101.15
20.286013 101.16
20.433014 101.18
20.58108 101.19
20.730219 101.21
20.880438 101.22
21.031747 101.24
21.184151 101.26
21.33766 101.27
21.492282 101.28
21.648024 101.30
21.804894 101.31
21.962902 101.33
22.122054 101.34
22.282359 101.36
22.443827 101.37
22.606464 101.38
22.77028 101.40
22.935282 101.41
23.101481 101.42
23.268884 101.44
23.4375 101.45
23.607337 101.47
23.778406 101.48
23.950714 101.49
24.124271 101.51
24.299085 101.52
24.475166 101.53
24.652524 101.55
24.831166 101.56
25.011103 101.57
25.192344 101.59
25.374898 101.60
25.558775 101.61
25.743984 101.62
25.930536 101.64
26.118439 101.64
26.307704 101.65
26.49834 101.66
26.690358 101.67
26.883768 101.67
27.078578 101.68
27.274801 101.68
27.472445 101.69
27.671522 101.69
27.872041 101.69
28.074014 101.70
28.27745 101.70
28.48236 101.71
28.688755 101.72
28.896645 101.72
29.106042 101.73
29.316956 101.75
29.529399 101.75
29.743381 101.76
29.958914 101.77
30.176009 101.77
30.394677 101.77
30.614929 101.78
30.836777 101.78
31.060233 101.78
31.285309 101.78
31.512015 101.79
31.740364 101.80
31.970368 101.80
32.202038 101.81
32.435387 101.81
32.670428 101.82
32.907171 101.82
33.14563 101.82
33.385817 101.82
33.627744 101.82
33.871425 101.82
34.116871 101.83
34.364096 101.83
34.613112 101.83
34.863933 101.83
35.116572 101.83
35.371041 101.83
35.627354 101.83
35.885524 101.83
36.145566 101.83
36.407491 101.83
36.671315 101.82
36.937051 101.82
37.204712 101.81
37.474312 101.81
37.745867 101.81
38.019389 101.80
38.294893 101.80
38.572393 101.79
38.851905 101.78
39.133442 101.77
39.417019 101.77
39.702651 101.76
39.990353 101.75
40.280139 101.74
40.572026 101.73
40.866027 101.73
41.162159 101.73
41.460437 101.72
41.760877 101.72
42.063493 101.72
42.368303 101.71
42.675321 101.71
42.984564 101.70
43.296048 101.70
43.609789 101.70
43.925803 101.69
44.244108 101.69
44.564719 101.68
44.887653 101.67
45.212928 101.67
45.540559 101.66
45.870565 101.65
46.202962 101.64
46.537767 101.64
46.874999 101.62
47.214675 101.61
47.556812 101.60
47.901428 101.59
48.248542 101.58
48.59817 101.57
48.950333 101.57
49.305047 101.56
49.662332 101.56
50.022206 101.54
50.384687 101.53
50.749795 101.51
51.117549 101.50
51.487968 101.48
51.861071 101.47
52.236878 101.46
52.615408 101.45
52.996681 101.44
53.380716 101.42
53.767535 101.41
54.157157 101.40
54.549602 101.39
54.944891 101.38
55.343044 101.36
55.744083 101.34
56.148027 101.33
56.554899 101.31
56.964719 101.30
57.377509 101.29
57.79329 101.28
58.212084 101.26
58.633913 101.25
59.058798 101.23
59.486763 101.22
59.917828 101.20
60.352018 101.18
60.789353 101.17
61.229858 101.15
61.673555 101.13
62.120467 101.11
62.570617 101.09
63.02403 101.08
63.480728 101.06
63.940735 101.04
64.404076 101.02
64.870775 101.00
65.340855 100.98
65.814342 100.97
66.29126 100.95
66.771634 100.93
67.255488 100.91
67.742849 100.88
68.233742 100.86
68.728192 100.84
69.226225 100.82
69.727866 100.80
70.233143 100.77
70.742082 100.75
71.254708 100.73
71.771049 100.71
72.291131 100.69
72.814983 100.67
73.34263 100.64
73.874101 100.62
74.409423 100.60
74.948625 100.58
75.491733 100.55
76.038777 100.53
76.589786 100.50
77.144787 100.48
77.70381 100.46
78.266884 100.43
78.834038 100.41
79.405302 100.38
79.980705 100.35
80.560278 100.33
81.144051 100.30
81.732055 100.28
82.324319 100.25
82.920875 100.22
83.521754 100.19
84.126987 100.16
84.736605 100.13
85.350642 100.10
85.969128 100.07
86.592096 100.03
87.219578 100.00
87.851607 99.97
88.488216 99.94
89.129438 99.92
89.775306 99.89
90.425855 99.86
91.081118 99.83
91.741129 99.81
92.405924 99.78
93.075535 99.74
93.749999 99.71
94.42935 99.68
95.113624 99.64
95.802856 99.61
96.497083 99.57
97.196341 99.54
97.900666 99.51
98.610094 99.48
99.324664 99.45
100.044411 99.42
100.769374 99.39
101.499591 99.35
102.235098 99.32
102.975936 99.28
103.722142 99.25
104.473756 99.22
105.230815 99.19
105.993361 99.16
106.761433 99.12
107.53507 99.08
108.314314 99.04
109.099204 99.00
109.889782 98.96
110.686088 98.92
111.488165 98.88
112.296055 98.84
113.109798 98.80
113.929438 98.77
114.755018 98.73
115.58658 98.70
116.424168 98.66
117.267826 98.63
118.117597 98.59
118.973525 98.56
119.835657 98.52
120.704035 98.49
121.578706 98.45
122.459716 98.41
123.347109 98.38
124.240933 98.34
125.141234 98.30
126.048059 98.26
126.961456 98.22
127.881471 98.19
128.808153 98.16
129.74155 98.12
130.68171 98.09
131.628684 98.05
132.58252 98.01
133.543267 97.98
134.510977 97.94
135.485699 97.90
136.467484 97.86
137.456384 97.83
138.452449 97.79
139.455733 97.75
140.466286 97.71
141.484163 97.67
142.509416 97.63
143.542098 97.59
144.582263 97.55
145.629965 97.51
146.68526 97.47
147.748202 97.43
148.818846 97.39
149.897249 97.35
150.983466 97.32
152.077555 97.28
153.179572 97.24
154.289574 97.21
155.40762 97.17
156.533767 97.13
157.668076 97.09
158.810603 97.05
159.961411 97.01
161.120557 96.96
162.288103 96.91
163.464109 96.86
164.648638 96.82
165.84175 96.79
167.043507 96.76
168.253973 96.74
169.473211 96.71
170.701284 96.67
171.938256 96.64
173.184191 96.60
174.439155 96.56
175.703213 96.53
176.976431 96.49
178.258875 96.45
179.550613 96.42
180.85171 96.38
182.162236 96.34
183.482259 96.30
184.811847 96.26
186.15107 96.22
187.499997 96.18
188.8587 96.14
190.227248 96.11
191.605713 96.08
192.994167 96.04
194.392682 96.01
195.801331 95.98
197.220189 95.94
198.649327 95.91
200.088822 95.87
201.538748 95.84
202.999181 95.80
204.470197 95.76
205.951872 95.72
207.444284 95.68
208.947511 95.64
210.461631 95.61
211.986723 95.57
213.522866 95.53
215.070141 95.49
216.628627 95.46
218.198408 95.43
219.779563 95.41
221.372177 95.39
222.976331 95.37
224.592109 95.35
226.219596 95.31
227.858877 95.26
229.510036 95.21
231.17316 95.16
232.848336 95.12
234.535651 95.09
236.235193 95.05
237.947051 95.01
239.671313 94.98
241.408071 94.94
243.157413 94.90
244.919432 94.86
246.694219 94.83
248.481867 94.79
250.282469 94.76
252.096119 94.73
253.922911 94.70
255.762941 94.67
257.616305 94.65
259.483099 94.64
261.363421 94.64
263.257368 94.66
265.165039 94.70
267.086534 94.75
269.021953 94.80
270.971397 94.86
272.934968 94.93
274.912767 95.00
276.904898 95.06
278.911465 95.10
280.932573 95.13
282.968326 95.15
285.018831 95.15
287.084195 95.14
289.164526 95.12
291.259931 95.09
293.37052 95.06
295.496404 95.03
297.637693 95.00
299.794498 94.96
301.966933 94.92
304.15511 94.89
306.359143 94.86
308.579148 94.85
310.815239 94.84
313.067535 94.83
315.336151 94.82
317.621207 94.81
319.922821 94.81
322.241114 94.79
324.576206 94.78
326.928219 94.76
329.297275 94.74
331.683499 94.72
334.087014 94.70
336.507947 94.68
338.946422 94.66
341.402567 94.64
343.876511 94.61
346.368382 94.59
348.87831 94.56
351.406426 94.54
353.952862 94.52
356.51775 94.50
359.101225 94.48
361.703421 94.45
364.324473 94.43
366.964518 94.41
369.623694 94.39
372.30214 94.37
374.999995 94.35
377.717399 94.33
380.454495 94.31
383.211425 94.29
385.988333 94.28
388.785364 94.26
391.602663 94.25
394.440377 94.23
397.298655 94.22
400.177644 94.21
403.077497 94.20
405.998362 94.19
408.940394 94.18
411.903744 94.17
414.888569 94.17
417.895022 94.17
420.923262 94.16
423.973445 94.16
427.045732 94.16
430.140281 94.16
433.257255 94.16
436.396816 94.16
439.559127 94.15
442.744354 94.15
445.952662 94.15
449.184218 94.14
452.439192 94.14
455.717753 94.13
459.020072 94.12
462.346321 94.12
465.696673 94.11
469.071303 94.11
472.470387 94.10
475.894102 94.10
479.342627 94.09
482.816141 94.08
486.314826 94.08
489.838864 94.07
493.388438 94.06
496.963734 94.06
500.564938 94.05
504.192238 94.04
507.845823 94.03
511.525883 94.02
515.23261 94.01
518.966198 94.00
522.726841 93.99
526.514735 93.98
530.330078 93.97
534.173068 93.96
538.043907 93.95
541.942795 93.94
545.869936 93.93
549.825534 93.92
553.809797 93.91
557.822931 93.90
561.865146 93.89
565.936652 93.88
570.037662 93.87
574.16839 93.86
578.329051 93.85
582.519862 93.84
586.741041 93.83
590.992808 93.82
595.275386 93.81
599.588997 93.80
603.933866 93.79
608.310219 93.78
612.718286 93.77
617.158295 93.75
621.630479 93.74
626.135069 93.73
630.672302 93.72
635.242414 93.71
639.845642 93.70
644.482227 93.69
649.152411 93.68
653.856437 93.67
658.594551 93.67
663.366998 93.66
668.174029 93.66
673.015893 93.65
677.892844 93.65
682.805135 93.65
687.753022 93.64
692.736764 93.64
697.75662 93.64
702.812853 93.63
707.905724 93.63
713.035501 93.62
718.20245 93.62
723.406841 93.61
728.648945 93.61
733.929036 93.60
739.247388 93.60
744.604279 93.59
749.999989 93.59
755.434798 93.58
760.90899 93.58
766.42285 93.58
771.976666 93.58
777.570727 93.57
783.205325 93.57
788.880754 93.57
794.597309 93.57
800.355289 93.57
806.154993 93.57
811.996725 93.58
817.880788 93.58
823.807489 93.58
829.777138 93.58
835.790045 93.58
841.846524 93.59
847.946891 93.59
854.091464 93.60
860.280562 93.60
866.51451 93.61
872.793631 93.62
879.118254 93.63
885.488707 93.64
891.905323 93.65
898.368437 93.67
904.878385 93.69
911.435507 93.70
918.040144 93.72
924.692641 93.75
931.393345 93.77
938.142606 93.80
944.940774 93.83
951.788204 93.86
958.685254 93.90
965.632282 93.94
972.629652 93.98
979.677727 94.02
986.776876 94.07
993.927468 94.12
1001.129876 94.17
1008.384476 94.23
1015.691645 94.29
1023.051766 94.35
1030.465221 94.42
1037.932396 94.49
1045.453682 94.56
1053.029471 94.64
1060.660156 94.71
1068.346137 94.79
1076.087813 94.87
1083.885589 94.96
1091.739871 95.05
1099.651068 95.14
1107.619593 95.23
1115.645861 95.32
1123.730291 95.42
1131.873304 95.52
1140.075325 95.61
1148.33678 95.71
1156.658102 95.81
1165.039724 95.91
1173.482082 96.01
1181.985617 96.11
1190.550772 96.21
1199.177993 96.31
1207.867731 96.41
1216.620439 96.50
1225.436572 96.59
1234.316591 96.68
1243.260957 96.77
1252.270139 96.86
1261.344604 96.94
1270.484827 97.02
1279.691284 97.10
1288.964455 97.18
1298.304823 97.25
1307.712874 97.32
1317.189101 97.39
1326.733996 97.45
1336.348058 97.52
1346.031787 97.58
1355.785688 97.63
1365.61027 97.69
1375.506045 97.75
1385.473529 97.80
1395.513241 97.85
1405.625705 97.90
1415.811448 97.94
1426.071002 97.99
1436.4049 98.03
1446.813682 98.08
1457.29789 98.12
1467.858072 98.16
1478.494776 98.20
1489.208559 98.24
1499.999978 98.27
1510.869596 98.31
1521.81798 98.34
1532.845701 98.38
1543.953332 98.41
1555.141455 98.45
1566.410651 98.48
1577.761508 98.51
1589.194618 98.55
1600.710578 98.58
1612.309986 98.61
1623.993449 98.64
1635.761575 98.67
1647.614978 98.70
1659.554275 98.73
1671.580089 98.77
1683.693048 98.79
1695.893782 98.82
1708.182927 98.85
1720.561125 98.88
1733.02902 98.90
1745.587263 98.93
1758.236508 98.96
1770.977414 98.98
1783.810646 99.01
1796.736874 99.04
1809.75677 99.06
1822.871013 99.09
1836.080288 99.12
1849.385283 99.14
1862.786691 99.17
1876.285211 99.20
1889.881547 99.23
1903.576408 99.26
1917.370507 99.29
1931.264564 99.32
1945.259304 99.35
1959.355454 99.39
1973.553752 99.42
1987.854936 99.46
2002.259752 99.50
2016.768952 99.53
2031.383291 99.57
2046.103531 99.61
2060.930441 99.65
2075.864793 99.69
2090.907365 99.73
2106.058941 99.77
2121.320313 99.80
2136.692274 99.84
2152.175627 99.88
2167.771179 99.92
2183.479742 99.96
2199.302137 100.00
2215.239187 100.03
2231.291723 100.08
2247.460582 100.12
2263.746608 100.16
2280.150649 100.21
2296.673561 100.25
2313.316204 100.30
2330.079447 100.35
2346.964163 100.39
2363.971233 100.44
2381.101543 100.49
2398.355986 100.54
2415.735463 100.59
2433.240878 100.64
2450.873144 100.69
2468.633181 100.74
2486.521915 100.79
2504.540278 100.83
2522.689209 100.88
2540.969655 100.93
2559.382568 100.97
2577.928909 101.01
2596.609645 101.06
2615.425749 101.10
2634.378202 101.14
2653.467992 101.17
2672.696115 101.21
2692.063573 101.25
2711.571376 101.28
2731.220539 101.31
2751.012089 101.34
2770.947057 101.37
2791.026482 101.40
2811.25141 101.42
2831.622897 101.44
2852.142003 101.46
2872.8098 101.47
2893.627364 101.48
2914.595781 101.49
2935.716143 101.49
2956.989553 101.49
2978.417118 101.48
2999.999956 101.47
3021.739192 101.45
3043.63596 101.43
3065.691401 101.40
3087.906665 101.37
3110.282909 101.33
3132.821301 101.29
3155.523016 101.25
3178.389237 101.20
3201.421155 101.14
3224.619973 101.08
3247.986898 101.02
3271.52315 100.95
3295.229956 100.88
3319.10855 100.80
3343.160179 100.73
3367.386096 100.65
3391.787563 100.56
3416.365854 100.48
3441.12225 100.39
3466.05804 100.31
3491.174525 100.22
3516.473015 100.13
3541.954828 100.04
3567.621293 99.95
3593.473747 99.86
3619.513539 99.76
3645.742027 99.67
3672.160576 99.58
3698.770566 99.49
3725.573382 99.40
3752.570422 99.31
3779.763094 99.22
3807.152816 99.13
3834.741015 99.03
3862.529129 98.94
3890.518607 98.84
3918.710909 98.74
3947.107503 98.63
3975.709871 98.52
4004.519504 98.41
4033.537903 98.28
4062.766581 98.15
4092.207063 98.01
4121.860882 97.86
4151.729585 97.69
4181.814729 97.52
4212.117883 97.33
4242.640625 97.13
4273.384548 96.91
4304.351254 96.69
4335.542358 96.47
4366.959485 96.25
4398.604273 96.05
4430.478373 95.87
4462.583446 95.73
4494.921165 95.63
4527.493217 95.58
4560.301299 95.58
4593.347122 95.64
4626.632409 95.75
4660.158894 95.90
4693.928327 96.08
4727.942466 96.29
4762.203086 96.51
4796.711973 96.75
4831.470925 96.99
4866.481755 97.23
4901.746288 97.47
4937.266362 97.70
4973.04383 97.92
5009.080555 98.13
5045.378418 98.33
5081.93931 98.51
5118.765137 98.67
5155.857819 98.82
5193.21929 98.93
5230.851498 99.02
5268.756404 99.08
5306.935985 99.12
5345.392231 99.11
5384.127146 99.08
5423.142751 99.01
5462.441079 98.90
5502.024179 98.76
5541.894114 98.59
5582.052963 98.40
5622.50282 98.22
5663.245793 98.08
5704.284007 98.03
5745.6196 98.12
5787.254728 98.37
5829.191562 98.71
5871.432287 99.02
5913.979105 99.19
5956.834236 99.14
5999.999912 98.88
6043.478385 98.48
6087.271921 98.01
6131.382802 97.54
6175.81333 97.09
6220.565819 96.69
6265.642603 96.33
6311.046032 96.01
6356.778473 95.73
6402.84231 95.48
6449.239945 95.27
6495.973796 95.08
6543.0463 94.92
6590.459911 94.78
6638.2171 94.67
6686.320358 94.59
6734.772191 94.54
6783.575127 94.51
6832.731709 94.50
6882.244499 94.52
6932.11608 94.56
6982.349051 94.62
7032.94603 94.71
7083.909656 94.81
7135.242586 94.94
7186.947495 95.08
7239.027079 95.22
7291.484053 95.37
7344.321152 95.51
7397.541131 95.63
7451.146763 95.72
7505.140844 95.78
7559.526189 95.78
7614.305632 95.70
7669.482029 95.55
7725.058258 95.32
7781.037214 95.00
7837.421817 94.62
7894.215007 94.18
7951.419743 93.71
8009.039008 93.22
8067.075806 92.73
8125.533163 92.26
8184.414126 91.83
8243.721764 91.45
8303.45917 91.11
8363.629458 90.83
8424.235765 90.59
8485.28125 90.40
8546.769096 90.25
8608.702508 90.13
8671.084715 90.02
8733.918969 89.91
8797.208547 89.80
8860.956746 89.67
8925.166891 89.53
8989.84233 89.36
9054.986433 89.16
9120.602598 88.94
9186.694244 88.69
9253.264817 88.43
9320.317788 88.15
9387.856653 87.86
9455.884932 87.56
9524.406173 87.27
9593.423946 86.98
9662.94185 86.70
9732.96351 86.43
9803.492576 86.18
9874.532725 85.94
9946.087659 85.71
10018.16111 85.50
10090.756835 85.31
10163.878619 85.14
10237.530273 84.98
10311.715638 84.84
10386.43858 84.72
10461.702996 84.61
10537.512808 84.53
10613.87197 84.47
10690.784461 84.42
10768.254293 84.39
10846.285502 84.39
10924.882158 84.39
11004.048358 84.41
11083.788228 84.43
11164.105927 84.47
11245.00564 84.51
11326.491587 84.58
11408.568014 84.67
11491.2392 84.79
11574.509457 84.93
11658.383123 85.08
11742.864573 85.25
11827.958211 85.41
11913.668472 85.57
11999.999825 85.73
12086.95677 85.88
12174.543841 86.01
12262.765605 86.12
12351.626659 86.20
12441.131638 86.26
12531.285206 86.28
12622.092064 86.28
12713.556946 86.24
12805.684621 86.19
12898.47989 86.11
12991.947593 86.03
13086.092601 85.94
13180.919822 85.88
13276.434201 85.84
13372.640716 85.85
13469.544383 85.92
13567.150254 86.07
13665.463417 86.32
13764.488998 86.66
13864.23216 87.06
13964.698101 87.48
14065.89206 87.84
14167.819312 88.06
14270.485171 88.08
14373.89499 87.85
14478.054158 87.34
14582.968107 86.53
14688.642305 85.39
14795.082262 83.92
14902.293527 82.07
15010.281689 79.92
15119.052378 77.80
15228.611264 76.10
15338.964058 74.78
15450.116515 73.50
15562.074428 72.06
15674.843635 70.46
15788.430013 68.81
15902.839485 67.25
16018.078016 65.93
16134.151612 64.99
16251.066326 64.53
16368.828251 64.51
16487.443528 64.82
16606.918341 65.27
16727.258917 65.74
16848.47153 66.11
16970.5625 66.33
17093.538192 66.41
17217.405016 66.33
17342.16943 66.14
17467.837939 65.86
17594.417093 65.53
17721.913492 65.19
17850.333783 64.91
17979.68466 64.79
18109.972866 65.00
18241.205195 65.74
18373.388487 67.04
18506.529634 68.65
18640.635577 70.17
18775.713306 71.34
18911.769865 72.03
19048.812345 72.25
19186.847892 72.15
19325.883701 71.94
19465.927021 71.82
19606.985152 71.87
19749.065449 72.05
19892.175318 72.26
20036.322221 72.39
