20.000000	81.950
20.290907	82.059
20.586045	82.160
20.885476	82.252
21.189262	82.350
21.497467	82.461
21.810155	82.578
22.127391	82.687
22.449241	82.780
22.775773	82.832
23.107054	82.861
23.443154	82.897
23.784142	82.969
24.130091	83.079
24.481071	83.232
24.837156	83.393
25.198421	83.528
25.564940	83.635
25.936791	83.723
26.314050	83.805
26.696797	83.895
27.085111	83.993
27.479073	84.090
27.878765	84.175
28.284271	84.242
28.695675	84.311
29.113064	84.394
29.536523	84.489
29.966142	84.557
30.402009	84.604
30.844217	84.672
31.292856	84.757
31.748021	84.845
32.209807	84.928
32.678309	85.000
33.153626	85.063
33.635857	85.126
34.125101	85.198
34.621462	85.281
35.125043	85.382
35.635949	85.519
36.154286	85.696
36.680162	85.869
37.213687	85.982
37.754973	86.029
38.304131	86.057
38.861278	86.112
39.426528	86.190
40.000000	86.282
40.581813	86.383
41.172089	86.479
41.770951	86.594
42.378524	86.738
42.994934	86.901
43.620309	87.087
44.254781	87.288
44.898482	87.491
45.551545	87.695
46.214108	87.897
46.886308	88.095
47.568285	88.276
48.260181	88.436
48.962142	88.591
49.674312	88.752
50.396842	88.913
51.129881	89.055
51.873582	89.187
52.628101	89.331
53.393594	89.432
54.170222	89.491
54.958146	89.580
55.757531	89.667
56.568542	89.730
57.391351	89.779
58.226127	89.804
59.073046	89.789
59.932283	89.847
60.804018	89.841
61.688433	89.762
62.585712	89.808
63.496042	89.870
64.419613	89.896
65.356618	89.942
66.307252	90.026
67.271713	90.114
68.250203	90.195
69.242925	90.274
70.250086	90.309
71.271897	90.324
72.308571	90.371
73.360323	90.412
74.427374	90.475
75.509945	90.515
76.608262	90.533
77.722555	90.546
78.853056	90.540
80.000000	90.538
81.163627	90.519
82.344179	90.493
83.541903	90.480
84.757048	90.489
85.989867	90.515
87.240619	90.521
88.509563	90.508
89.796964	90.455
91.103091	90.437
92.428216	90.414
93.772615	90.349
95.136569	90.378
96.520362	90.391
97.924283	90.375
99.348625	90.345
100.793684	90.288
102.259762	90.247
103.747164	90.218
105.256202	90.204
106.787188	90.202
108.340444	90.174
109.916292	90.113
111.515061	90.049
113.137085	89.983
114.782702	89.910
116.452255	89.789
118.146092	89.666
119.864566	89.613
121.608036	89.525
123.376866	89.431
125.171424	89.367
126.992084	89.330
128.839227	89.245
130.713236	89.123
132.614504	88.995
134.543426	88.929
136.500406	88.871
138.485850	88.843
140.500173	88.686
142.543795	88.535
144.617142	88.443
146.720647	88.380
148.854748	88.289
151.019890	88.140
153.216525	87.954
155.445111	87.798
157.706112	87.678
160.000000	87.515
162.327254	87.281
164.688358	87.074
167.083805	86.889
169.514095	86.655
171.979734	86.390
174.481237	86.107
177.019125	85.843
179.593928	85.598
182.206182	85.316
184.856431	84.971
187.545230	84.664
190.273138	84.249
193.040725	83.797
195.848567	83.410
198.697250	83.009
201.587368	82.577
204.519524	82.154
207.494329	81.737
210.512403	81.266
213.574377	80.746
216.680888	80.223
219.832584	79.684
223.030122	79.040
226.274170	78.489
229.565404	77.922
232.904509	77.304
236.292183	76.834
239.729132	76.388
243.216073	75.981
246.753732	75.741
250.342848	75.667
253.984168	75.555
257.678453	75.702
261.426473	76.004
265.229008	76.320
269.086853	76.725
273.000811	77.231
276.971700	77.711
281.000346	78.185
285.087590	78.672
289.234284	79.215
293.441294	79.663
297.709496	80.121
302.039780	80.580
306.433050	81.004
310.890221	81.412
315.412224	81.794
320.000000	82.161
324.654507	82.486
329.376716	82.834
334.167610	83.170
339.028190	83.489
343.959469	83.805
348.962474	84.086
354.038251	84.361
359.187855	84.620
364.412363	84.873
369.712863	85.109
375.090460	85.342
380.546277	85.584
386.081450	85.787
391.697134	86.015
397.394500	86.232
403.174736	86.429
409.039048	86.633
414.988657	86.827
421.024807	87.021
427.148753	87.211
433.361775	87.395
439.665167	87.585
446.060244	87.757
452.548340	87.927
459.130807	88.110
465.809019	88.297
472.584367	88.485
479.458265	88.713
486.432146	88.934
493.507464	89.142
500.685695	89.368
507.968337	89.626
515.356906	89.855
522.852945	90.133
530.458016	90.415
538.173706	90.754
546.001623	91.061
553.943399	91.412
562.000691	91.765
570.175180	92.089
578.468569	92.194
586.882588	91.695
595.418991	90.221
604.079560	87.801
612.866100	85.283
621.780442	84.572
630.824447	85.599
640.000000	86.796
649.309014	87.998
658.753431	89.159
668.335221	90.155
678.056380	90.952
687.918938	91.226
697.924949	90.229
708.076501	88.007
718.375711	86.397
728.824726	85.878
739.425726	86.288
750.180921	87.018
761.092554	87.779
772.162900	88.435
783.394268	89.012
794.789000	89.550
806.349472	90.047
818.078095	90.482
829.977315	90.840
842.049613	91.151
854.297507	91.499
866.723550	91.846
879.330334	92.140
892.120489	92.404
905.096680	92.695
918.261614	92.941
931.618037	93.204
945.168733	93.608
958.916529	94.079
972.864291	94.554
987.014928	94.981
1001.371391	95.245
1015.936673	95.041
1030.713812	93.776
1045.705890	91.237
1060.916032	90.289
1076.347412	92.491
1092.003245	94.308
1107.886798	95.424
1124.001383	95.899
1140.350359	95.498
1156.937137	92.973
1173.765175	90.135
1190.837983	92.551
1208.159120	94.591
1225.732199	94.848
1243.560885	94.257
1261.648894	93.269
1280.000000	90.909
1298.618029	92.379
1317.506863	93.393
1336.670442	91.611
1356.112761	91.558
1375.837875	91.459
1395.849898	90.242
1416.153002	89.814
1436.751422	90.464
1457.649452	92.530
1478.851452	93.896
1500.361842	94.073
1522.185107	92.669
1544.325799	93.237
1566.788535	94.259
1589.577999	95.532
1612.698944	96.232
1636.156190	96.402
1659.954630	96.359
1684.099226	95.840
1708.595013	95.357
1733.447100	95.064
1758.660669	94.129
1784.240977	92.561
1810.193360	89.321
1836.523229	89.373
1863.236074	94.816
1890.337467	95.802
1917.833058	94.358
1945.728583	93.752
1974.029857	92.193
2002.742782	86.837
2031.873347	95.010
2061.427625	95.859
2091.411780	94.347
2121.832065	94.509
2152.694823	93.739
2184.006490	92.642
2215.773596	94.068
2248.002765	94.599
2280.700718	94.394
2313.874274	93.984
2347.530351	93.523
2381.675966	93.794
2416.318240	94.102
2451.464399	93.957
2487.121769	94.436
2523.297789	94.477
2560.000000	92.964
2597.236057	91.068
2635.013726	92.734
2673.340883	96.178
2712.225522	95.839
2751.675750	94.630
2791.699796	94.186
2832.306004	93.844
2873.502844	93.205
2915.298905	93.852
2957.702904	96.383
3000.723683	95.462
3044.370214	95.314
3088.651599	94.768
3133.577071	94.489
3179.155999	94.065
3225.397888	93.071
3272.312380	91.749
3319.909260	91.751
3368.198452	92.224
3417.190027	90.779
3466.894200	90.394
3517.321337	90.099
3568.481954	89.224
3620.386720	91.467
3673.046457	92.062
3726.472148	90.571
3780.674934	89.052
3835.666117	87.452
3891.457165	86.676
3948.059713	86.202
4005.485564	88.992
4063.746693	88.918
4122.855250	89.736
4182.823560	89.444
4243.664130	89.807
4305.389646	89.238
4368.012981	88.938
4431.547192	87.354
4496.005531	86.908
4561.401437	86.137
4627.748549	85.183
4695.060701	85.046
4763.351932	86.581
4832.636481	85.589
4902.928797	84.763
4974.243539	85.872
5046.595577	87.364
5120.000000	88.811
5194.472115	90.326
5270.027452	91.296
5346.681766	92.212
5424.451043	91.846
5503.351500	92.016
5583.399591	91.818
5664.612008	90.526
5747.005687	89.344
5830.597810	88.285
5915.405808	86.768
6001.447367	84.157
6088.740429	84.298
6177.303198	81.800
6267.154142	78.277
6358.311998	78.638
6450.795775	79.417
6544.624761	78.551
6639.818520	78.892
6736.396904	80.361
6834.380053	81.176
6933.788400	82.242
7034.642675	82.419
7136.963909	82.645
7240.773439	83.617
7346.092914	85.171
7452.944296	86.715
7561.349867	87.246
7671.332234	87.435
7782.914330	87.077
7896.119426	86.840
8010.971128	86.768
8127.493386	86.712
8245.710500	86.674
8365.647121	86.829
8487.328260	86.070
8610.779292	84.338
8736.025961	82.837
8863.094385	81.208
8992.011061	82.181
9122.802874	83.713
9255.497097	83.259
9390.121402	82.372
9526.703863	82.143
9665.272962	81.778
9805.857594	80.012
9948.487077	78.318
10093.191154	78.985
10240.000000	80.831
10388.944230	82.675
10540.054903	84.101
10693.363532	85.246
10848.902086	85.955
11006.703001	86.129
11166.799182	85.453
11329.224017	85.389
11494.011375	86.371
11661.195620	87.154
11830.811616	87.795
12002.894734	88.119
12177.480858	87.687
12354.606395	88.103
12534.308283	88.172
12716.623996	83.815
12901.591551	82.183
13089.249521	86.021
13279.637040	88.722
13472.793808	89.287
13668.760107	89.151
13867.576801	86.964
14069.285350	84.828
14273.927818	82.996
14481.546879	84.989
14692.185828	85.811
14905.888592	85.004
15122.699734	82.753
15342.664467	79.392
15565.828661	76.511
15792.238852	76.182
16021.942256	75.857
16254.986772	76.489
16491.420999	76.885
16731.294241	78.033
16974.656520	76.645
17221.558584	73.958
17472.051922	76.181
17726.188769	82.645
17984.022122	81.281
18245.605748	77.966
18510.994194	75.291
18780.242805	75.119
19053.407727	75.480
19330.545924	76.290
19611.715189	76.414
19896.974155	75.956
20186.382308	75.956
