20.000000	94.958
20.290907	94.973
20.586045	94.980
20.885476	94.979
21.189262	94.975
21.497467	94.972
21.810155	94.972
22.127391	94.976
22.449241	94.980
22.775773	94.982
23.107054	94.981
23.443154	94.980
23.784142	94.981
24.130091	94.986
24.481071	94.997
24.837156	95.014
25.198421	95.035
25.564940	95.059
25.936791	95.087
26.314050	95.118
26.696797	95.150
27.085111	95.182
27.479073	95.210
27.878765	95.236
28.284271	95.260
28.695675	95.286
29.113064	95.311
29.536523	95.335
29.966142	95.355
30.402009	95.374
30.844217	95.390
31.292856	95.401
31.748021	95.399
32.209807	95.383
32.678309	95.361
33.153626	95.346
33.635857	95.341
34.125101	95.336
34.621462	95.318
35.125043	95.296
35.635949	95.299
36.154286	95.342
36.680162	95.398
37.213687	95.422
37.754973	95.408
38.304131	95.392
38.861278	95.426
39.426528	95.489
40.000000	95.519
40.581813	95.487
41.172089	95.444
41.770951	95.439
42.378524	95.475
42.994934	95.529
43.620309	95.611
44.254781	95.727
44.898482	95.856
45.551545	95.985
46.214108	96.128
46.886308	96.276
47.568285	96.360
48.260181	96.310
48.962142	96.182
49.674312	96.117
50.396842	96.180
51.129881	96.276
51.873582	96.347
52.628101	96.401
53.393594	96.445
54.170222	96.473
54.958146	96.499
55.757531	96.540
56.568542	96.597
57.391351	96.658
58.226127	96.708
59.073046	96.733
59.932283	96.773
60.804018	96.813
61.688433	96.850
62.585712	96.898
63.496042	96.929
64.419613	96.942
65.356618	96.954
66.307252	96.985
67.271713	97.045
68.250203	97.115
69.242925	97.143
70.250086	97.115
71.271897	97.078
72.308571	97.038
73.360323	96.990
74.427374	96.940
75.509945	96.887
76.608262	96.852
77.722555	96.841
78.853056	96.848
80.000000	96.861
81.163627	96.876
82.344179	96.898
83.541903	96.922
84.757048	96.968
85.989867	97.009
87.240619	97.050
88.509563	97.099
89.796964	97.144
91.103091	97.169
92.428216	97.188
93.772615	97.197
95.136569	97.215
96.520362	97.239
97.924283	97.237
99.348625	97.228
100.793684	97.220
102.259762	97.224
103.747164	97.257
105.256202	97.303
106.787188	97.355
108.340444	97.389
109.916292	97.383
111.515061	97.358
113.137085	97.356
114.782702	97.373
116.452255	97.384
118.146092	97.367
119.864566	97.341
121.608036	97.299
123.376866	97.233
125.171424	97.144
126.992084	97.050
128.839227	97.005
130.713236	97.012
132.614504	97.029
134.543426	97.065
136.500406	97.107
138.485850	97.125
140.500173	97.106
142.543795	97.076
144.617142	97.074
146.720647	97.076
148.854748	97.054
151.019890	97.001
153.216525	96.941
155.445111	96.915
157.706112	96.895
160.000000	96.841
162.327254	96.777
164.688358	96.743
167.083805	96.732
169.514095	96.696
171.979734	96.628
174.481237	96.569
177.019125	96.527
179.593928	96.461
182.206182	96.340
184.856431	96.237
187.545230	96.140
190.273138	95.986
193.040725	95.800
195.848567	95.683
198.697250	95.581
201.587368	95.455
204.519524	95.322
207.494329	95.190
210.512403	95.025
213.574377	94.835
216.680888	94.678
219.832584	94.490
223.030122	94.240
226.274170	93.998
229.565404	93.745
232.904509	93.427
236.292183	93.117
239.729132	92.764
243.216073	92.352
246.753732	91.954
250.342848	91.515
253.984168	91.033
257.678453	90.593
261.426473	90.178
265.229008	89.844
269.086853	89.575
273.000811	89.337
276.971700	89.164
281.000346	89.038
285.087590	88.941
289.234284	88.900
293.441294	88.865
297.709496	88.872
302.039780	88.903
306.433050	88.969
310.890221	89.046
315.412224	89.159
320.000000	89.263
324.654507	89.374
329.376716	89.472
334.167610	89.551
339.028190	89.589
343.959469	89.593
348.962474	89.569
354.038251	89.518
359.187855	89.494
364.412363	89.533
369.712863	89.644
375.090460	89.814
380.546277	90.034
386.081450	90.285
391.697134	90.557
397.394500	90.815
403.174736	91.062
409.039048	91.319
414.988657	91.574
421.024807	91.839
427.148753	92.119
433.361775	92.407
439.665167	92.700
446.060244	93.001
452.548340	93.293
459.130807	93.539
465.809019	93.709
472.584367	93.799
479.458265	93.813
486.432146	93.731
493.507464	93.544
500.685695	93.260
507.968337	92.816
515.356906	92.181
522.852945	91.366
530.458016	90.444
538.173706	89.624
546.001623	89.479
553.943399	90.156
562.000691	91.107
570.175180	91.975
578.468569	92.565
586.882588	92.970
595.418991	93.259
604.079560	93.494
612.866100	93.719
621.780442	93.972
630.824447	94.228
640.000000	94.488
649.309014	94.667
658.753431	94.721
668.335221	94.719
678.056380	94.824
687.918938	95.021
697.924949	95.235
708.076501	95.445
718.375711	95.680
728.824726	95.890
739.425726	96.036
750.180921	96.027
761.092554	95.833
772.162900	95.694
783.394268	95.820
794.789000	96.168
806.349472	96.629
818.078095	97.074
829.977315	97.388
842.049613	97.429
854.297507	97.037
866.723550	96.168
879.330334	94.912
892.120489	93.593
905.096680	93.146
918.261614	94.322
931.618037	95.496
945.168733	95.847
958.916529	95.562
972.864291	94.819
987.014928	94.085
1001.371391	93.985
1015.936673	94.388
1030.713812	94.655
1045.705890	94.913
1060.916032	95.228
1076.347412	95.382
1092.003245	95.348
1107.886798	95.041
1124.001383	94.923
1140.350359	95.609
1156.937137	96.489
1173.765175	97.207
1190.837983	97.460
1208.159120	97.445
1225.732199	96.756
1243.560885	96.695
1261.648894	97.278
1280.000000	97.685
1298.618029	97.409
1317.506863	97.209
1336.670442	97.488
1356.112761	96.918
1375.837875	96.460
1395.849898	96.640
1416.153002	97.121
1436.751422	97.519
1457.649452	97.631
1478.851452	97.622
1500.361842	97.258
1522.185107	97.109
1544.325799	97.492
1566.788535	97.949
1589.577999	97.491
1612.698944	97.072
1636.156190	97.734
1659.954630	98.557
1684.099226	98.881
1708.595013	99.536
1733.447100	99.797
1758.660669	99.174
1784.240977	97.695
1810.193360	96.221
1836.523229	96.524
1863.236074	98.589
1890.337467	99.576
1917.833058	100.224
1945.728583	100.285
1974.029857	100.136
2002.742782	100.372
2031.873347	100.683
2061.427625	100.558
2091.411780	100.563
2121.832065	100.418
2152.694823	100.080
2184.006490	99.766
2215.773596	99.845
2248.002765	99.978
2280.700718	99.855
2313.874274	99.439
2347.530351	100.073
2381.675966	100.348
2416.318240	99.980
2451.464399	100.291
2487.121769	101.331
2523.297789	101.429
2560.000000	101.086
2597.236057	100.798
2635.013726	100.592
2673.340883	100.026
2712.225522	99.193
2751.675750	100.469
2791.699796	101.686
2832.306004	101.908
2873.502844	102.125
2915.298905	102.263
2957.702904	101.994
3000.723683	101.842
3044.370214	102.118
3088.651599	101.624
3133.577071	100.691
3179.155999	100.066
3225.397888	100.163
3272.312380	100.101
3319.909260	99.590
3368.198452	98.764
3417.190027	97.253
3466.894200	94.780
3517.321337	93.597
3568.481954	96.334
3620.386720	96.502
3673.046457	95.402
3726.472148	95.659
3780.674934	95.951
3835.666117	95.719
3891.457165	95.493
3948.059713	95.862
4005.485564	94.517
4063.746693	92.314
4122.855250	93.662
4182.823560	94.385
4243.664130	93.701
4305.389646	93.307
4368.012981	92.750
4431.547192	92.617
4496.005531	92.859
4561.401437	92.638
4627.748549	92.165
4695.060701	94.433
4763.351932	95.950
4832.636481	96.432
4902.928797	97.614
4974.243539	98.413
5046.595577	98.713
5120.000000	99.098
5194.472115	99.623
5270.027452	100.189
5346.681766	100.574
5424.451043	100.855
5503.351500	100.729
5583.399591	100.093
5664.612008	98.730
5747.005687	97.728
5830.597810	96.781
5915.405808	95.563
6001.447367	95.940
6088.740429	96.337
6177.303198	95.549
6267.154142	94.495
6358.311998	93.626
6450.795775	92.092
6544.624761	90.529
6639.818520	89.111
6736.396904	87.582
6834.380053	86.528
6933.788400	84.861
7034.642675	84.114
7136.963909	85.196
7240.773439	87.209
7346.092914	89.186
7452.944296	90.905
7561.349867	92.524
7671.332234	93.902
7782.914330	95.084
7896.119426	95.884
8010.971128	96.372
8127.493386	97.224
8245.710500	97.927
8365.647121	98.551
8487.328260	99.011
8610.779292	98.959
8736.025961	98.095
8863.094385	97.070
8992.011061	96.051
9122.802874	94.540
9255.497097	93.195
9390.121402	92.219
9526.703863	91.123
9665.272962	89.409
9805.857594	87.351
9948.487077	84.447
10093.191154	83.467
10240.000000	85.295
10388.944230	88.076
10540.054903	89.747
10693.363532	91.248
10848.902086	92.987
11006.703001	94.372
11166.799182	95.437
11329.224017	96.296
11494.011375	97.246
11661.195620	98.499
11830.811616	99.423
12002.894734	99.726
12177.480858	100.810
12354.606395	102.442
12534.308283	103.453
12716.623996	104.157
12901.591551	103.607
13089.249521	101.967
13279.637040	98.542
13472.793808	94.691
13668.760107	92.287
13867.576801	90.979
14069.285350	91.025
14273.927818	91.253
14481.546879	90.388
14692.185828	91.010
14905.888592	89.317
15122.699734	86.434
15342.664467	82.428
15565.828661	78.789
15792.238852	79.046
16021.942256	78.804
16254.986772	79.297
16491.420999	81.170
16731.294241	83.150
16974.656520	85.587
17221.558584	88.054
17472.051922	89.463
17726.188769	87.725
17984.022122	84.285
18245.605748	81.187
18510.994194	79.798
18780.242805	79.835
19053.407727	81.975
19330.545924	83.578
19611.715189	83.632
19896.974155	83.274
20186.382308	83.274
