20.000000	101.898
20.290907	101.912
20.586045	101.916
20.885476	101.903
21.189262	101.886
21.497467	101.878
21.810155	101.882
22.127391	101.912
22.449241	101.948
22.775773	101.968
23.107054	101.964
23.443154	101.943
23.784142	101.916
24.130091	101.895
24.481071	101.901
24.837156	101.927
25.198421	101.958
25.564940	101.976
25.936791	101.975
26.314050	101.956
26.696797	101.938
27.085111	101.928
27.479073	101.924
27.878765	101.896
28.284271	101.818
28.695675	101.722
29.113064	101.643
29.536523	101.619
29.966142	101.648
30.402009	101.703
30.844217	101.788
31.292856	101.855
31.748021	101.884
32.209807	101.869
32.678309	101.810
33.153626	101.728
33.635857	101.682
34.125101	101.719
34.621462	101.808
35.125043	101.846
35.635949	101.777
36.154286	101.671
36.680162	101.636
37.213687	101.689
37.754973	101.729
38.304131	101.715
38.861278	101.678
39.426528	101.698
40.000000	101.771
40.581813	101.759
41.172089	101.594
41.770951	101.412
42.378524	101.361
42.994934	101.383
43.620309	101.410
44.254781	101.427
44.898482	101.452
45.551545	101.463
46.214108	101.436
46.886308	101.417
47.568285	101.417
48.260181	101.382
48.962142	101.321
49.674312	101.292
50.396842	101.263
51.129881	101.179
51.873582	101.095
52.628101	101.089
53.393594	101.085
54.170222	101.057
54.958146	101.035
55.757531	101.007
56.568542	100.998
57.391351	100.976
58.226127	100.925
59.073046	100.865
59.932283	100.826
60.804018	100.755
61.688433	100.714
62.585712	100.668
63.496042	100.628
64.419613	100.610
65.356618	100.599
66.307252	100.586
67.271713	100.565
68.250203	100.528
69.242925	100.486
70.250086	100.403
71.271897	100.313
72.308571	100.259
73.360323	100.210
74.427374	100.193
75.509945	100.176
76.608262	100.146
77.722555	100.121
78.853056	100.047
80.000000	100.014
81.163627	99.920
82.344179	99.864
83.541903	99.790
84.757048	99.790
85.989867	99.751
87.240619	99.726
88.509563	99.652
89.796964	99.603
91.103091	99.549
92.428216	99.468
93.772615	99.420
95.136569	99.396
96.520362	99.394
97.924283	99.369
99.348625	99.301
100.793684	99.209
102.259762	99.132
103.747164	99.072
105.256202	99.024
106.787188	98.991
108.340444	98.954
109.916292	98.901
111.515061	98.827
113.137085	98.752
114.782702	98.719
116.452255	98.682
118.146092	98.642
119.864566	98.544
121.608036	98.475
123.376866	98.378
125.171424	98.325
126.992084	98.277
128.839227	98.241
130.713236	98.188
132.614504	98.115
134.543426	98.100
136.500406	98.163
138.485850	98.197
140.500173	98.154
142.543795	98.192
144.617142	98.163
146.720647	98.268
148.854748	98.221
151.019890	98.173
153.216525	98.215
155.445111	98.199
157.706112	98.258
160.000000	98.297
162.327254	98.206
164.688358	98.193
167.083805	98.185
169.514095	98.147
171.979734	98.203
174.481237	98.087
177.019125	98.027
179.593928	98.014
182.206182	97.999
184.856431	97.811
187.545230	97.860
190.273138	97.743
193.040725	97.632
195.848567	97.581
198.697250	97.576
201.587368	97.521
204.519524	97.469
207.494329	97.459
210.512403	97.430
213.574377	97.398
216.680888	97.373
219.832584	97.364
223.030122	97.305
226.274170	97.293
229.565404	97.236
232.904509	97.215
236.292183	97.219
239.729132	97.217
243.216073	97.202
246.753732	97.126
250.342848	97.096
253.984168	97.083
257.678453	97.049
261.426473	96.991
265.229008	96.971
269.086853	96.985
273.000811	96.952
276.971700	96.924
281.000346	96.912
285.087590	96.882
289.234284	96.878
293.441294	96.848
297.709496	96.823
302.039780	96.803
306.433050	96.778
310.890221	96.766
315.412224	96.738
320.000000	96.727
324.654507	96.701
329.376716	96.681
334.167610	96.661
339.028190	96.635
343.959469	96.623
348.962474	96.596
354.038251	96.589
359.187855	96.558
364.412363	96.567
369.712863	96.603
375.090460	96.642
380.546277	96.661
386.081450	96.703
391.697134	96.708
397.394500	96.690
403.174736	96.680
409.039048	96.686
414.988657	96.693
421.024807	96.732
427.148753	96.782
433.361775	96.812
439.665167	96.830
446.060244	96.820
452.548340	96.812
459.130807	96.800
465.809019	96.772
472.584367	96.752
479.458265	96.738
486.432146	96.696
493.507464	96.648
500.685695	96.582
507.968337	96.565
515.356906	96.485
522.852945	96.448
530.458016	96.435
538.173706	96.426
546.001623	96.383
553.943399	96.338
562.000691	96.286
570.175180	96.283
578.468569	96.279
586.882588	96.252
595.418991	96.219
604.079560	96.199
612.866100	96.194
621.780442	96.199
630.824447	96.216
640.000000	96.215
649.309014	96.211
658.753431	96.219
668.335221	96.222
678.056380	96.255
687.918938	96.250
697.924949	96.248
708.076501	96.265
718.375711	96.261
728.824726	96.276
739.425726	96.266
750.180921	96.279
761.092554	96.297
772.162900	96.320
783.394268	96.359
794.789000	96.411
806.349472	96.467
818.078095	96.536
829.977315	96.621
842.049613	96.713
854.297507	96.821
866.723550	96.920
879.330334	97.019
892.120489	97.130
905.096680	97.238
918.261614	97.356
931.618037	97.484
945.168733	97.617
958.916529	97.751
972.864291	97.881
987.014928	98.046
1001.371391	98.226
1015.936673	98.360
1030.713812	98.519
1045.705890	98.658
1060.916032	98.814
1076.347412	98.962
1092.003245	99.102
1107.886798	99.244
1124.001383	99.391
1140.350359	99.547
1156.937137	99.704
1173.765175	99.848
1190.837983	100.001
1208.159120	100.150
1225.732199	100.297
1243.560885	100.459
1261.648894	100.645
1280.000000	100.832
1298.618029	100.963
1317.506863	101.096
1336.670442	101.197
1356.112761	101.307
1375.837875	101.421
1395.849898	101.544
1416.153002	101.676
1436.751422	101.809
1457.649452	101.940
1478.851452	102.071
1500.361842	102.211
1522.185107	102.349
1544.325799	102.495
1566.788535	102.649
1589.577999	102.801
1612.698944	102.938
1636.156190	103.075
1659.954630	103.222
1684.099226	103.366
1708.595013	103.514
1733.447100	103.672
1758.660669	103.819
1784.240977	103.965
1810.193360	104.115
1836.523229	104.266
1863.236074	104.413
1890.337467	104.555
1917.833058	104.691
1945.728583	104.831
1974.029857	104.947
2002.742782	105.051
2031.873347	105.166
2061.427625	105.246
2091.411780	105.338
2121.832065	105.397
2152.694823	105.437
2184.006490	105.462
2215.773596	105.459
2248.002765	105.459
2280.700718	105.452
2313.874274	105.445
2347.530351	105.436
2381.675966	105.398
2416.318240	105.347
2451.464399	105.293
2487.121769	105.242
2523.297789	105.174
2560.000000	105.066
2597.236057	104.932
2635.013726	104.768
2673.340883	104.605
2712.225522	104.440
2751.675750	104.262
2791.699796	104.105
2832.306004	103.963
2873.502844	103.840
2915.298905	103.738
2957.702904	103.657
3000.723683	103.578
3044.370214	103.526
3088.651599	103.467
3133.577071	103.426
3179.155999	103.403
3225.397888	103.395
3272.312380	103.393
3319.909260	103.407
3368.198452	103.436
3417.190027	103.472
3466.894200	103.540
3517.321337	103.622
3568.481954	103.715
3620.386720	103.799
3673.046457	103.869
3726.472148	103.925
3780.674934	104.032
3835.666117	104.205
3891.457165	104.474
3948.059713	104.797
4005.485564	105.203
4063.746693	105.565
4122.855250	105.969
4182.823560	106.362
4243.664130	106.703
4305.389646	106.986
4368.012981	107.153
4431.547192	107.157
4496.005531	106.979
4561.401437	106.587
4627.748549	106.017
4695.060701	105.307
4763.351932	104.505
4832.636481	103.653
4902.928797	102.791
4974.243539	101.958
5046.595577	101.201
5120.000000	100.508
5194.472115	99.934
5270.027452	99.420
5346.681766	98.970
5424.451043	98.559
5503.351500	98.201
5583.399591	97.891
5664.612008	97.622
5747.005687	97.391
5830.597810	97.196
5915.405808	97.035
6001.447367	96.923
6088.740429	96.890
6177.303198	96.875
6267.154142	96.945
6358.311998	97.053
6450.795775	97.221
6544.624761	97.429
6639.818520	97.702
6736.396904	98.073
6834.380053	98.508
6933.788400	99.016
7034.642675	99.635
7136.963909	100.389
7240.773439	101.175
7346.092914	102.028
7452.944296	102.942
7561.349867	103.851
7671.332234	104.649
7782.914330	105.213
7896.119426	105.430
8010.971128	105.290
8127.493386	104.915
8245.710500	104.502
8365.647121	103.981
8487.328260	103.503
8610.779292	103.157
8736.025961	102.908
8863.094385	102.779
8992.011061	102.779
9122.802874	102.812
9255.497097	103.010
9390.121402	103.364
9526.703863	103.771
9665.272962	104.160
9805.857594	104.387
9948.487077	104.320
10093.191154	103.799
10240.000000	102.941
10388.944230	101.900
10540.054903	100.775
10693.363532	99.593
10848.902086	98.346
11006.703001	97.101
11166.799182	95.936
11329.224017	94.964
11494.011375	93.981
11661.195620	93.336
11830.811616	92.805
12002.894734	92.535
12177.480858	92.248
12354.606395	92.072
12534.308283	92.182
12716.623996	92.391
12901.591551	92.758
13089.249521	93.161
13279.637040	93.411
13472.793808	93.379
13668.760107	93.095
13867.576801	92.584
14069.285350	91.790
14273.927818	90.839
14481.546879	89.857
14692.185828	88.854
14905.888592	88.092
15122.699734	87.670
15342.664467	87.443
15565.828661	87.213
15792.238852	87.178
16021.942256	88.024
16254.986772	88.502
16491.420999	89.213
16731.294241	89.349
16974.656520	89.415
17221.558584	89.208
17472.051922	88.589
17726.188769	87.443
17984.022122	86.872
18245.605748	86.431
18510.994194	86.363
18780.242805	86.027
19053.407727	85.283
19330.545924	83.947
19611.715189	81.654
19896.974155	78.868
20186.382308	74.717
