20.000000	73.058
20.290907	73.240
20.586045	73.410
20.885476	73.564
21.189262	73.716
21.497467	73.874
21.810155	74.041
22.127391	74.222
22.449241	74.404
22.775773	74.574
23.107054	74.734
23.443154	74.897
23.784142	75.072
24.130091	75.258
24.481071	75.459
24.837156	75.661
25.198421	75.847
25.564940	76.025
25.936791	76.197
26.314050	76.366
26.696797	76.538
27.085111	76.714
27.479073	76.889
27.878765	77.054
28.284271	77.197
28.695675	77.331
29.113064	77.468
29.536523	77.610
29.966142	77.724
30.402009	77.821
30.844217	77.944
31.292856	78.090
31.748021	78.247
32.209807	78.397
32.678309	78.522
33.153626	78.619
33.635857	78.713
34.125101	78.844
34.621462	79.018
35.125043	79.195
35.635949	79.340
36.154286	79.457
36.680162	79.557
37.213687	79.638
37.754973	79.707
38.304131	79.793
38.861278	79.936
39.426528	80.098
40.000000	80.213
40.581813	80.246
41.172089	80.239
41.770951	80.268
42.378524	80.342
42.994934	80.414
43.620309	80.472
44.254781	80.536
44.898482	80.607
45.551545	80.684
46.214108	80.759
46.886308	80.835
47.568285	80.920
48.260181	81.014
48.962142	81.100
49.674312	81.173
50.396842	81.269
51.129881	81.388
51.873582	81.513
52.628101	81.656
53.393594	81.830
54.170222	82.036
54.958146	82.243
55.757531	82.413
56.568542	82.578
57.391351	82.749
58.226127	82.910
59.073046	83.040
59.932283	83.150
60.804018	83.274
61.688433	83.413
62.585712	83.535
63.496042	83.627
64.419613	83.718
65.356618	83.812
66.307252	83.875
67.271713	83.923
68.250203	83.995
69.242925	84.046
70.250086	84.075
71.271897	84.115
72.308571	84.187
73.360323	84.309
74.427374	84.467
75.509945	84.617
76.608262	84.753
77.722555	84.878
78.853056	84.966
80.000000	85.058
81.163627	85.170
82.344179	85.274
83.541903	85.370
84.757048	85.478
85.989867	85.584
87.240619	85.683
88.509563	85.750
89.796964	85.810
91.103091	85.881
92.428216	85.958
93.772615	86.055
95.136569	86.164
96.520362	86.282
97.924283	86.369
99.348625	86.423
100.793684	86.471
102.259762	86.527
103.747164	86.605
105.256202	86.700
106.787188	86.794
108.340444	86.868
109.916292	86.919
111.515061	86.959
113.137085	87.013
114.782702	87.096
116.452255	87.171
118.146092	87.234
119.864566	87.245
121.608036	87.255
123.376866	87.279
125.171424	87.320
126.992084	87.384
128.839227	87.413
130.713236	87.409
132.614504	87.406
134.543426	87.437
136.500406	87.482
138.485850	87.499
140.500173	87.470
142.543795	87.445
144.617142	87.437
146.720647	87.454
148.854748	87.439
151.019890	87.388
153.216525	87.327
155.445111	87.290
157.706112	87.262
160.000000	87.201
162.327254	87.113
164.688358	87.053
167.083805	87.019
169.514095	86.978
171.979734	86.905
174.481237	86.836
177.019125	86.806
179.593928	86.765
182.206182	86.674
184.856431	86.596
187.545230	86.525
190.273138	86.396
193.040725	86.278
195.848567	86.222
198.697250	86.184
201.587368	86.120
204.519524	86.055
207.494329	86.008
210.512403	85.934
213.574377	85.829
216.680888	85.772
219.832584	85.696
223.030122	85.568
226.274170	85.484
229.565404	85.411
232.904509	85.307
236.292183	85.238
239.729132	85.158
243.216073	85.040
246.753732	84.985
250.342848	84.916
253.984168	84.804
257.678453	84.718
261.426473	84.613
265.229008	84.540
269.086853	84.495
273.000811	84.432
276.971700	84.368
281.000346	84.330
285.087590	84.289
289.234284	84.256
293.441294	84.197
297.709496	84.130
302.039780	84.047
306.433050	83.952
310.890221	83.842
315.412224	83.727
320.000000	83.606
324.654507	83.465
329.376716	83.308
334.167610	83.157
339.028190	83.011
343.959469	82.866
348.962474	82.713
354.038251	82.567
359.187855	82.425
364.412363	82.289
369.712863	82.147
375.090460	82.019
380.546277	81.891
386.081450	81.797
391.697134	81.728
397.394500	81.655
403.174736	81.597
409.039048	81.560
414.988657	81.521
421.024807	81.491
427.148753	81.481
433.361775	81.491
439.665167	81.506
446.060244	81.514
452.548340	81.520
459.130807	81.518
465.809019	81.519
472.584367	81.552
479.458265	81.599
486.432146	81.636
493.507464	81.694
500.685695	81.769
507.968337	81.846
515.356906	81.919
522.852945	82.025
530.458016	82.153
538.173706	82.267
546.001623	82.390
553.943399	82.515
562.000691	82.665
570.175180	82.817
578.468569	82.989
586.882588	83.149
595.418991	83.296
604.079560	83.439
612.866100	83.588
621.780442	83.742
630.824447	83.893
640.000000	84.040
649.309014	84.171
658.753431	84.300
668.335221	84.422
678.056380	84.541
687.918938	84.643
697.924949	84.739
708.076501	84.824
718.375711	84.871
728.824726	84.908
739.425726	84.894
750.180921	84.839
761.092554	84.771
772.162900	84.761
783.394268	84.870
794.789000	85.099
806.349472	85.409
818.078095	85.735
829.977315	86.056
842.049613	86.363
854.297507	86.625
866.723550	86.850
879.330334	87.072
892.120489	87.263
905.096680	87.437
918.261614	87.592
931.618037	87.739
945.168733	87.869
958.916529	87.977
972.864291	88.087
987.014928	88.181
1001.371391	88.271
1015.936673	88.347
1030.713812	88.439
1045.705890	88.519
1060.916032	88.615
1076.347412	88.688
1092.003245	88.759
1107.886798	88.823
1124.001383	88.883
1140.350359	88.931
1156.937137	88.984
1173.765175	89.045
1190.837983	89.093
1208.159120	89.139
1225.732199	89.192
1243.560885	89.244
1261.648894	89.310
1280.000000	89.381
1298.618029	89.387
1317.506863	89.391
1336.670442	89.342
1356.112761	89.318
1375.837875	89.336
1395.849898	89.377
1416.153002	89.482
1436.751422	89.610
1457.649452	89.724
1478.851452	89.788
1500.361842	89.821
1522.185107	89.848
1544.325799	89.915
1566.788535	89.975
1589.577999	90.017
1612.698944	90.037
1636.156190	90.057
1659.954630	90.084
1684.099226	90.116
1708.595013	90.188
1733.447100	90.298
1758.660669	90.412
1784.240977	90.546
1810.193360	90.705
1836.523229	90.893
1863.236074	91.106
1890.337467	91.326
1917.833058	91.596
1945.728583	91.866
1974.029857	92.154
2002.742782	92.442
2031.873347	92.764
2061.427625	93.086
2091.411780	93.389
2121.832065	93.744
2152.694823	94.083
2184.006490	94.403
2215.773596	94.783
2248.002765	95.151
2280.700718	95.541
2313.874274	95.937
2347.530351	96.319
2381.675966	96.726
2416.318240	97.126
2451.464399	97.509
2487.121769	97.890
2523.297789	98.236
2560.000000	98.549
2597.236057	98.787
2635.013726	99.007
2673.340883	99.404
2712.225522	99.843
2751.675750	100.213
2791.699796	100.529
2832.306004	100.803
2873.502844	101.049
2915.298905	101.261
2957.702904	101.435
3000.723683	101.589
3044.370214	101.715
3088.651599	101.846
3133.577071	101.966
3179.155999	102.069
3225.397888	102.162
3272.312380	102.227
3319.909260	102.258
3368.198452	102.264
3417.190027	102.245
3466.894200	102.210
3517.321337	102.152
3568.481954	102.069
3620.386720	101.959
3673.046457	101.841
3726.472148	101.700
3780.674934	101.533
3835.666117	101.335
3891.457165	101.095
3948.059713	100.854
4005.485564	100.530
4063.746693	100.156
4122.855250	99.749
4182.823560	99.314
4243.664130	98.758
4305.389646	98.229
4368.012981	97.773
4431.547192	97.285
4496.005531	96.810
4561.401437	96.347
4627.748549	95.913
4695.060701	95.518
4763.351932	95.099
4832.636481	94.733
4902.928797	94.396
4974.243539	94.105
5046.595577	93.917
5120.000000	93.828
5194.472115	93.843
5270.027452	93.911
5346.681766	93.983
5424.451043	94.065
5503.351500	94.101
5583.399591	94.137
5664.612008	94.140
5747.005687	94.077
5830.597810	93.954
5915.405808	93.800
6001.447367	93.641
6088.740429	93.341
6177.303198	93.058
6267.154142	92.834
6358.311998	92.521
6450.795775	92.221
6544.624761	91.950
6639.818520	91.587
6736.396904	91.038
6834.380053	90.177
6933.788400	88.992
7034.642675	87.659
7136.963909	86.408
7240.773439	85.460
7346.092914	84.905
7452.944296	84.734
7561.349867	84.805
7671.332234	84.800
7782.914330	84.637
7896.119426	84.487
8010.971128	84.479
8127.493386	84.720
8245.710500	85.171
8365.647121	85.709
8487.328260	85.922
8610.779292	85.379
8736.025961	83.772
8863.094385	81.469
8992.011061	78.968
9122.802874	76.648
9255.497097	74.969
9390.121402	74.006
9526.703863	73.750
9665.272962	74.118
9805.857594	75.088
9948.487077	76.810
10093.191154	79.221
10240.000000	81.798
10388.944230	84.186
10540.054903	86.102
10693.363532	87.401
10848.902086	87.786
11006.703001	87.215
11166.799182	86.048
11329.224017	84.679
11494.011375	83.601
11661.195620	83.771
11830.811616	84.818
12002.894734	86.750
12177.480858	88.060
12354.606395	86.923
12534.308283	84.996
12716.623996	83.230
12901.591551	82.108
13089.249521	81.241
13279.637040	80.535
13472.793808	80.088
13668.760107	79.992
13867.576801	80.402
14069.285350	81.044
14273.927818	81.498
14481.546879	81.565
14692.185828	82.173
14905.888592	82.838
15122.699734	83.167
15342.664467	82.898
15565.828661	82.012
15792.238852	80.757
16021.942256	79.457
16254.986772	78.183
16491.420999	77.437
16731.294241	76.905
16974.656520	69.193
17221.558584	39.817
17472.051922	34.858
17726.188769	36.914
17984.022122	42.609
18245.605748	39.105
18510.994194	34.474
18780.242805	39.534
19053.407727	37.134
19330.545924	38.348
19611.715189	39.955
19896.974155	42.706
20186.382308	43.325
