20.000000	85.477
20.290907	85.602
20.586045	85.717
20.885476	85.824
21.189262	85.940
21.497467	86.073
21.810155	86.218
22.127391	86.364
22.449241	86.499
22.775773	86.594
23.107054	86.662
23.443154	86.732
23.784142	86.827
24.130091	86.956
24.481071	87.129
24.837156	87.318
25.198421	87.495
25.564940	87.654
25.936791	87.799
26.314050	87.940
26.696797	88.085
27.085111	88.236
27.479073	88.387
27.878765	88.527
28.284271	88.643
28.695675	88.752
29.113064	88.866
29.536523	88.989
29.966142	89.099
30.402009	89.201
30.844217	89.332
31.292856	89.465
31.748021	89.586
32.209807	89.703
32.678309	89.826
33.153626	89.965
33.635857	90.118
34.125101	90.274
34.621462	90.417
35.125043	90.543
35.635949	90.667
36.154286	90.806
36.680162	90.955
37.213687	91.091
37.754973	91.213
38.304131	91.333
38.861278	91.458
39.426528	91.576
40.000000	91.682
40.581813	91.776
41.172089	91.850
41.770951	91.936
42.378524	92.045
42.994934	92.162
43.620309	92.288
44.254781	92.423
44.898482	92.554
45.551545	92.677
46.214108	92.794
46.886308	92.911
47.568285	93.013
48.260181	93.100
48.962142	93.185
49.674312	93.267
50.396842	93.359
51.129881	93.457
51.873582	93.552
52.628101	93.662
53.393594	93.780
54.170222	93.894
54.958146	94.010
55.757531	94.127
56.568542	94.238
57.391351	94.334
58.226127	94.412
59.073046	94.474
59.932283	94.522
60.804018	94.556
61.688433	94.619
62.585712	94.691
63.496042	94.751
64.419613	94.810
65.356618	94.872
66.307252	94.926
67.271713	94.978
68.250203	95.045
69.242925	95.104
70.250086	95.124
71.271897	95.147
72.308571	95.179
73.360323	95.215
74.427374	95.264
75.509945	95.328
76.608262	95.394
77.722555	95.448
78.853056	95.500
80.000000	95.537
81.163627	95.568
82.344179	95.577
83.541903	95.609
84.757048	95.656
85.989867	95.703
87.240619	95.750
88.509563	95.769
89.796964	95.751
91.103091	95.746
92.428216	95.742
93.772615	95.729
95.136569	95.748
96.520362	95.786
97.924283	95.791
99.348625	95.723
100.793684	95.615
102.259762	95.535
103.747164	95.491
105.256202	95.475
106.787188	95.474
108.340444	95.482
109.916292	95.470
111.515061	95.432
113.137085	95.407
114.782702	95.420
116.452255	95.418
118.146092	95.413
119.864566	95.358
121.608036	95.284
123.376866	95.223
125.171424	95.186
126.992084	95.160
128.839227	95.141
130.713236	95.086
132.614504	95.040
134.543426	95.034
136.500406	95.071
138.485850	95.097
140.500173	95.097
142.543795	95.135
144.617142	95.243
146.720647	95.374
148.854748	95.497
151.019890	95.581
153.216525	95.648
155.445111	95.756
157.706112	95.858
160.000000	95.917
162.327254	95.966
164.688358	96.042
167.083805	96.104
169.514095	96.113
171.979734	96.106
174.481237	96.108
177.019125	96.147
179.593928	96.186
182.206182	96.166
184.856431	96.175
187.545230	96.171
190.273138	96.122
193.040725	96.062
195.848567	96.052
198.697250	96.058
201.587368	96.028
204.519524	95.995
207.494329	95.971
210.512403	95.928
213.574377	95.876
216.680888	95.880
219.832584	95.885
223.030122	95.864
226.274170	95.874
229.565404	95.895
232.904509	95.884
236.292183	95.906
239.729132	95.914
243.216073	95.888
246.753732	95.902
250.342848	95.893
253.984168	95.851
257.678453	95.832
261.426473	95.785
265.229008	95.751
269.086853	95.716
273.000811	95.643
276.971700	95.573
281.000346	95.493
285.087590	95.412
289.234284	95.342
293.441294	95.273
297.709496	95.218
302.039780	95.167
306.433050	95.118
310.890221	95.068
315.412224	95.017
320.000000	94.965
324.654507	94.925
329.376716	94.879
334.167610	94.832
339.028190	94.781
343.959469	94.746
348.962474	94.702
354.038251	94.655
359.187855	94.601
364.412363	94.523
369.712863	94.449
375.090460	94.354
380.546277	94.267
386.081450	94.181
391.697134	94.116
397.394500	94.045
403.174736	93.965
409.039048	93.886
414.988657	93.798
421.024807	93.715
427.148753	93.646
433.361775	93.576
439.665167	93.507
446.060244	93.441
452.548340	93.371
459.130807	93.314
465.809019	93.245
472.584367	93.192
479.458265	93.157
486.432146	93.100
493.507464	93.028
500.685695	92.987
507.968337	92.958
515.356906	92.897
522.852945	92.867
530.458016	92.859
538.173706	92.867
546.001623	92.873
553.943399	92.894
562.000691	92.960
570.175180	93.072
578.468569	93.225
586.882588	93.374
595.418991	93.508
604.079560	93.637
612.866100	93.729
621.780442	93.773
630.824447	93.731
640.000000	93.610
649.309014	93.439
658.753431	93.233
668.335221	93.023
678.056380	92.859
687.918938	92.729
697.924949	92.635
708.076501	92.596
718.375711	92.617
728.824726	92.667
739.425726	92.739
750.180921	92.792
761.092554	92.882
772.162900	92.977
783.394268	93.081
794.789000	93.179
806.349472	93.268
818.078095	93.343
829.977315	93.408
842.049613	93.475
854.297507	93.522
866.723550	93.522
879.330334	93.537
892.120489	93.532
905.096680	93.496
918.261614	93.438
931.618037	93.390
945.168733	93.387
958.916529	93.461
972.864291	93.615
987.014928	93.775
1001.371391	93.912
1015.936673	94.056
1030.713812	94.173
1045.705890	94.260
1060.916032	94.347
1076.347412	94.412
1092.003245	94.479
1107.886798	94.554
1124.001383	94.627
1140.350359	94.699
1156.937137	94.760
1173.765175	94.809
1190.837983	94.854
1208.159120	94.891
1225.732199	94.949
1243.560885	95.017
1261.648894	95.100
1280.000000	95.180
1298.618029	95.244
1317.506863	95.296
1336.670442	95.308
1356.112761	95.322
1375.837875	95.329
1395.849898	95.398
1416.153002	95.513
1436.751422	95.630
1457.649452	95.710
1478.851452	95.731
1500.361842	95.674
1522.185107	95.554
1544.325799	95.729
1566.788535	95.881
1589.577999	95.962
1612.698944	96.005
1636.156190	96.004
1659.954630	95.935
1684.099226	95.840
1708.595013	95.825
1733.447100	95.896
1758.660669	95.934
1784.240977	95.897
1810.193360	95.830
1836.523229	95.781
1863.236074	95.789
1890.337467	95.834
1917.833058	95.849
1945.728583	95.821
1974.029857	95.784
2002.742782	95.723
2031.873347	95.648
2061.427625	95.565
2091.411780	95.484
2121.832065	95.398
2152.694823	95.338
2184.006490	95.303
2215.773596	95.320
2248.002765	95.336
2280.700718	95.267
2313.874274	95.163
2347.530351	95.112
2381.675966	95.112
2416.318240	95.084
2451.464399	95.051
2487.121769	95.117
2523.297789	95.179
2560.000000	95.105
2597.236057	94.978
2635.013726	94.881
2673.340883	94.817
2712.225522	94.773
2751.675750	94.702
2791.699796	94.615
2832.306004	94.488
2873.502844	94.360
2915.298905	94.227
2957.702904	94.084
3000.723683	93.991
3044.370214	94.146
3088.651599	94.601
3133.577071	95.181
3179.155999	95.580
3225.397888	95.647
3272.312380	95.427
3319.909260	95.019
3368.198452	94.453
3417.190027	93.813
3466.894200	93.188
3517.321337	92.564
3568.481954	91.747
3620.386720	90.698
3673.046457	89.619
3726.472148	88.505
3780.674934	86.856
3835.666117	84.679
3891.457165	83.514
3948.059713	84.475
4005.485564	87.037
4063.746693	89.030
4122.855250	90.481
4182.823560	91.659
4243.664130	93.090
4305.389646	94.362
4368.012981	95.458
4431.547192	96.999
4496.005531	98.348
4561.401437	99.318
4627.748549	99.863
4695.060701	99.742
4763.351932	99.511
4832.636481	100.033
4902.928797	100.835
4974.243539	101.391
5046.595577	101.437
5120.000000	101.177
5194.472115	100.800
5270.027452	100.315
5346.681766	99.626
5424.451043	98.844
5503.351500	98.236
5583.399591	97.815
5664.612008	97.683
5747.005687	97.698
5830.597810	97.796
5915.405808	97.937
6001.447367	98.104
6088.740429	98.253
6177.303198	98.398
6267.154142	98.475
6358.311998	98.596
6450.795775	98.757
6544.624761	98.811
6639.818520	98.656
6736.396904	98.314
6834.380053	97.775
6933.788400	97.141
7034.642675	96.600
7136.963909	96.301
7240.773439	96.046
7346.092914	95.699
7452.944296	95.232
7561.349867	94.691
7671.332234	94.140
7782.914330	93.583
7896.119426	93.040
8010.971128	92.814
8127.493386	92.920
8245.710500	93.156
8365.647121	93.310
8487.328260	93.615
8610.779292	94.427
8736.025961	95.497
8863.094385	96.437
8992.011061	96.717
9122.802874	96.309
9255.497097	95.903
9390.121402	95.173
9526.703863	93.803
9665.272962	92.173
9805.857594	90.789
9948.487077	89.476
10093.191154	88.406
10240.000000	87.860
10388.944230	87.826
10540.054903	87.867
10693.363532	87.592
10848.902086	87.474
11006.703001	87.428
11166.799182	86.954
11329.224017	86.803
11494.011375	87.296
11661.195620	88.555
11830.811616	89.895
12002.894734	91.017
12177.480858	92.042
12354.606395	92.535
12534.308283	92.393
12716.623996	91.310
12901.591551	89.965
13089.249521	88.725
13279.637040	87.974
13472.793808	86.948
13668.760107	85.360
13867.576801	83.787
14069.285350	83.087
14273.927818	82.956
14481.546879	82.610
14692.185828	81.648
14905.888592	80.181
15122.699734	78.458
15342.664467	76.081
15565.828661	72.257
15792.238852	67.463
16021.942256	65.399
16254.986772	65.961
16491.420999	67.350
16731.294241	69.211
16974.656520	72.798
17221.558584	73.767
17472.051922	71.938
17726.188769	70.104
17984.022122	69.140
18245.605748	68.482
18510.994194	69.432
18780.242805	68.329
19053.407727	68.206
19330.545924	69.424
19611.715189	71.107
19896.974155	70.990
20186.382308	70.975
