20.000000	90.456
20.290907	90.498
20.586045	90.534
20.885476	90.566
21.189262	90.601
21.497467	90.644
21.810155	90.695
22.127391	90.756
22.449241	90.821
22.775773	90.883
23.107054	90.936
23.443154	90.978
23.784142	91.013
24.130091	91.046
24.481071	91.084
24.837156	91.130
25.198421	91.185
25.564940	91.242
25.936791	91.298
26.314050	91.351
26.696797	91.399
27.085111	91.444
27.479073	91.484
27.878765	91.521
28.284271	91.550
28.695675	91.571
29.113064	91.585
29.536523	91.596
29.966142	91.609
30.402009	91.632
30.844217	91.666
31.292856	91.703
31.748021	91.737
32.209807	91.763
32.678309	91.783
33.153626	91.805
33.635857	91.834
34.125101	91.870
34.621462	91.904
35.125043	91.931
35.635949	91.952
36.154286	91.975
36.680162	92.002
37.213687	92.035
37.754973	92.071
38.304131	92.109
38.861278	92.147
39.426528	92.183
40.000000	92.221
40.581813	92.259
41.172089	92.286
41.770951	92.287
42.378524	92.277
42.994934	92.294
43.620309	92.354
44.254781	92.431
44.898482	92.504
45.551545	92.580
46.214108	92.662
46.886308	92.724
47.568285	92.765
48.260181	92.811
48.962142	92.861
49.674312	92.892
50.396842	92.903
51.129881	92.911
51.873582	92.926
52.628101	92.963
53.393594	93.030
54.170222	93.111
54.958146	93.189
55.757531	93.269
56.568542	93.336
57.391351	93.393
58.226127	93.447
59.073046	93.501
59.932283	93.507
60.804018	93.525
61.688433	93.568
62.585712	93.609
63.496042	93.668
64.419613	93.725
65.356618	93.763
66.307252	93.810
67.271713	93.875
68.250203	93.922
69.242925	93.931
70.250086	93.919
71.271897	93.913
72.308571	93.920
73.360323	93.949
74.427374	93.987
75.509945	94.042
76.608262	94.097
77.722555	94.131
78.853056	94.159
80.000000	94.161
81.163627	94.152
82.344179	94.149
83.541903	94.164
84.757048	94.198
85.989867	94.251
87.240619	94.293
88.509563	94.322
89.796964	94.337
91.103091	94.343
92.428216	94.362
93.772615	94.383
95.136569	94.438
96.520362	94.498
97.924283	94.532
99.348625	94.544
100.793684	94.546
102.259762	94.553
103.747164	94.577
105.256202	94.621
106.787188	94.669
108.340444	94.698
109.916292	94.702
111.515061	94.689
113.137085	94.688
114.782702	94.714
116.452255	94.753
118.146092	94.773
119.864566	94.764
121.608036	94.746
123.376866	94.735
125.171424	94.740
126.992084	94.772
128.839227	94.776
130.713236	94.752
132.614504	94.740
134.543426	94.772
136.500406	94.836
138.485850	94.862
140.500173	94.849
142.543795	94.824
144.617142	94.850
146.720647	94.901
148.854748	94.932
151.019890	94.929
153.216525	94.919
155.445111	94.949
157.706112	94.995
160.000000	94.990
162.327254	94.985
164.688358	95.007
167.083805	95.058
169.514095	95.099
171.979734	95.102
174.481237	95.123
177.019125	95.165
179.593928	95.171
182.206182	95.124
184.856431	95.096
187.545230	95.094
190.273138	95.029
193.040725	94.946
195.848567	94.935
198.697250	94.935
201.587368	94.911
204.519524	94.895
207.494329	94.900
210.512403	94.886
213.574377	94.853
216.680888	94.868
219.832584	94.872
223.030122	94.841
226.274170	94.832
229.565404	94.836
232.904509	94.812
236.292183	94.818
239.729132	94.830
243.216073	94.798
246.753732	94.812
250.342848	94.811
253.984168	94.785
257.678453	94.773
261.426473	94.732
265.229008	94.731
269.086853	94.737
273.000811	94.708
276.971700	94.687
281.000346	94.670
285.087590	94.652
289.234284	94.641
293.441294	94.623
297.709496	94.611
302.039780	94.595
306.433050	94.590
310.890221	94.583
315.412224	94.576
320.000000	94.564
324.654507	94.562
329.376716	94.545
334.167610	94.528
339.028190	94.517
343.959469	94.494
348.962474	94.478
354.038251	94.456
359.187855	94.432
364.412363	94.403
369.712863	94.392
375.090460	94.391
380.546277	94.366
386.081450	94.359
391.697134	94.357
397.394500	94.343
403.174736	94.306
409.039048	94.270
414.988657	94.242
421.024807	94.226
427.148753	94.219
433.361775	94.199
439.665167	94.168
446.060244	94.117
452.548340	94.049
459.130807	93.995
465.809019	93.948
472.584367	93.932
479.458265	93.925
486.432146	93.914
493.507464	93.886
500.685695	93.892
507.968337	93.918
515.356906	93.903
522.852945	93.880
530.458016	93.897
538.173706	93.903
546.001623	93.902
553.943399	93.879
562.000691	93.873
570.175180	93.879
578.468569	93.877
586.882588	93.836
595.418991	93.803
604.079560	93.787
612.866100	93.774
621.780442	93.756
630.824447	93.731
640.000000	93.706
649.309014	93.702
658.753431	93.714
668.335221	93.728
678.056380	93.751
687.918938	93.752
697.924949	93.766
708.076501	93.789
718.375711	93.800
728.824726	93.833
739.425726	93.862
750.180921	93.840
761.092554	93.846
772.162900	93.854
783.394268	93.864
794.789000	93.887
806.349472	93.895
818.078095	93.902
829.977315	93.925
842.049613	93.941
854.297507	93.946
866.723550	93.943
879.330334	93.950
892.120489	93.976
905.096680	94.012
918.261614	94.051
931.618037	94.087
945.168733	94.105
958.916529	94.107
972.864291	94.088
987.014928	94.067
1001.371391	94.103
1015.936673	94.122
1030.713812	94.169
1045.705890	94.208
1060.916032	94.215
1076.347412	94.253
1092.003245	94.243
1107.886798	94.230
1124.001383	94.265
1140.350359	94.339
1156.937137	94.386
1173.765175	94.440
1190.837983	94.512
1208.159120	94.612
1225.732199	94.798
1243.560885	94.976
1261.648894	95.123
1280.000000	95.296
1298.618029	95.286
1317.506863	95.276
1336.670442	95.214
1356.112761	95.144
1375.837875	95.005
1395.849898	94.817
1416.153002	94.551
1436.751422	94.281
1457.649452	94.019
1478.851452	93.713
1500.361842	93.413
1522.185107	93.197
1544.325799	93.190
1566.788535	93.348
1589.577999	93.662
1612.698944	94.105
1636.156190	94.621
1659.954630	95.187
1684.099226	95.791
1708.595013	96.372
1733.447100	96.936
1758.660669	97.485
1784.240977	97.976
1810.193360	98.372
1836.523229	98.657
1863.236074	98.839
1890.337467	98.955
1917.833058	99.004
1945.728583	99.094
1974.029857	99.363
2002.742782	99.674
2031.873347	100.067
2061.427625	100.371
2091.411780	100.700
2121.832065	101.027
2152.694823	101.416
2184.006490	101.866
2215.773596	102.399
2248.002765	102.900
2280.700718	103.438
2313.874274	104.021
2347.530351	104.550
2381.675966	105.073
2416.318240	105.581
2451.464399	105.961
2487.121769	106.303
2523.297789	106.654
2560.000000	106.947
2597.236057	107.238
2635.013726	107.545
2673.340883	107.815
2712.225522	108.074
2751.675750	108.255
2791.699796	108.416
2832.306004	108.517
2873.502844	108.593
2915.298905	108.652
2957.702904	108.687
3000.723683	108.671
3044.370214	108.632
3088.651599	108.532
3133.577071	108.404
3179.155999	108.237
3225.397888	108.033
3272.312380	107.803
3319.909260	107.544
3368.198452	107.250
3417.190027	106.927
3466.894200	106.589
3517.321337	106.267
3568.481954	105.995
3620.386720	105.769
3673.046457	105.558
3726.472148	105.268
3780.674934	104.900
3835.666117	104.501
3891.457165	104.101
3948.059713	103.703
4005.485564	103.341
4063.746693	103.090
4122.855250	102.949
4182.823560	102.901
4243.664130	103.003
4305.389646	103.281
4368.012981	103.612
4431.547192	103.835
4496.005531	104.045
4561.401437	104.167
4627.748549	104.259
4695.060701	104.352
4763.351932	104.467
4832.636481	104.586
4902.928797	104.752
4974.243539	104.932
5046.595577	105.155
5120.000000	105.426
5194.472115	105.739
5270.027452	106.101
5346.681766	106.453
5424.451043	106.695
5503.351500	106.724
5583.399591	106.442
5664.612008	105.769
5747.005687	104.845
5830.597810	103.755
5915.405808	102.607
6001.447367	101.507
6088.740429	100.498
6177.303198	99.542
6267.154142	98.678
6358.311998	97.914
6450.795775	97.202
6544.624761	96.541
6639.818520	95.966
6736.396904	95.518
6834.380053	95.222
6933.788400	95.032
7034.642675	94.942
7136.963909	95.030
7240.773439	95.374
7346.092914	95.988
7452.944296	96.806
7561.349867	97.692
7671.332234	98.443
7782.914330	98.908
7896.119426	98.975
8010.971128	98.685
8127.493386	98.473
8245.710500	98.689
8365.647121	98.899
8487.328260	98.650
8610.779292	98.118
8736.025961	97.365
8863.094385	96.941
8992.011061	96.941
9122.802874	97.077
9255.497097	97.297
9390.121402	97.369
9526.703863	97.125
9665.272962	96.702
9805.857594	96.277
9948.487077	95.745
10093.191154	95.017
10240.000000	94.279
10388.944230	93.671
10540.054903	93.207
10693.363532	92.917
10848.902086	92.897
11006.703001	93.228
11166.799182	93.814
11329.224017	94.279
11494.011375	94.274
11661.195620	93.713
11830.811616	93.192
12002.894734	93.086
12177.480858	93.555
12354.606395	94.817
12534.308283	96.046
12716.623996	96.545
12901.591551	95.582
13089.249521	93.908
13279.637040	91.872
13472.793808	89.971
13668.760107	88.671
13867.576801	88.066
14069.285350	88.006
14273.927818	88.351
14481.546879	88.561
14692.185828	88.099
14905.888592	86.108
15122.699734	83.140
15342.664467	80.705
15565.828661	79.477
15792.238852	78.370
16021.942256	77.865
16254.986772	78.295
16491.420999	80.430
16731.294241	82.949
16974.656520	84.648
17221.558584	85.701
17472.051922	85.017
17726.188769	81.918
17984.022122	77.021
18245.605748	74.311
18510.994194	77.159
18780.242805	80.706
19053.407727	83.127
19330.545924	84.705
19611.715189	84.410
19896.974155	82.520
20186.382308	81.695
