1.000976	59.230
1.008230	59.311
1.015536	59.394
1.022895	59.477
1.030307	59.563
1.037773	59.651
1.045293	59.740
1.052868	59.831
1.060497	59.923
1.068182	60.018
1.075923	60.115
1.083719	60.213
1.091572	60.313
1.099482	60.415
1.107450	60.519
1.115475	60.623
1.123558	60.730
1.131700	60.838
1.139900	60.947
1.148161	61.059
1.156481	61.171
1.164861	61.284
1.173302	61.398
1.181804	61.514
1.190368	61.631
1.198994	61.749
1.207682	61.867
1.216434	61.986
1.225248	62.107
1.234127	62.227
1.243070	62.349
1.252078	62.470
1.261151	62.591
1.270290	62.714
1.279495	62.836
1.288767	62.957
1.298106	63.080
1.307512	63.201
1.316987	63.323
1.326530	63.444
1.336143	63.565
1.345825	63.686
1.355578	63.808
1.365401	63.930
1.375295	64.053
1.385261	64.177
1.395299	64.302
1.405410	64.428
1.415594	64.555
1.425852	64.683
1.436184	64.811
1.446592	64.940
1.457074	65.070
1.467633	65.200
1.478268	65.329
1.488980	65.460
1.499770	65.590
1.510638	65.721
1.521584	65.851
1.532610	65.981
1.543716	66.110
1.554903	66.239
1.566170	66.367
1.577519	66.493
1.588951	66.619
1.600465	66.743
1.612063	66.865
1.623744	66.987
1.635511	67.106
1.647362	67.222
1.659300	67.338
1.671324	67.450
1.683435	67.559
1.695633	67.667
1.707921	67.773
1.720297	67.875
1.732763	67.976
1.745319	68.075
1.757967	68.172
1.770706	68.267
1.783537	68.359
1.796461	68.450
1.809479	68.538
1.822591	68.626
1.835798	68.711
1.849101	68.795
1.862501	68.877
1.875997	68.959
1.889591	69.038
1.903284	69.117
1.917076	69.195
1.930968	69.272
1.944961	69.347
1.959055	69.422
1.973251	69.498
1.987550	69.570
2.001952	69.643
2.016459	69.715
2.031072	69.786
2.045789	69.855
2.060614	69.922
2.075546	69.988
2.090586	70.050
2.105736	70.112
2.120995	70.172
2.136364	70.230
2.151845	70.287
2.167438	70.343
2.183145	70.397
2.198965	70.451
2.214899	70.504
2.230949	70.557
2.247116	70.611
2.263399	70.663
2.279801	70.716
2.296321	70.771
2.312961	70.826
2.329722	70.882
2.346604	70.940
2.363608	70.997
2.380736	71.056
2.397988	71.115
2.415365	71.174
2.432867	71.234
2.450497	71.294
2.468254	71.355
2.486140	71.415
2.504156	71.475
2.522302	71.537
2.540580	71.597
2.558990	71.658
2.577533	71.719
2.596211	71.779
2.615024	71.840
2.633974	71.901
2.653061	71.962
2.672286	72.023
2.691650	72.083
2.711155	72.144
2.730801	72.205
2.750590	72.266
2.770522	72.326
2.790598	72.386
2.810820	72.446
2.831188	72.507
2.851704	72.567
2.872369	72.627
2.893183	72.688
2.914148	72.748
2.935266	72.808
2.956536	72.868
2.977960	72.927
2.999540	72.987
3.021275	73.047
3.043169	73.106
3.065221	73.165
3.087433	73.225
3.109806	73.284
3.132340	73.342
3.155039	73.400
3.177901	73.459
3.200930	73.517
3.224125	73.576
3.247488	73.633
3.271021	73.692
3.294724	73.750
3.318599	73.808
3.342647	73.866
3.366869	73.924
3.391267	73.982
3.415842	74.040
3.440594	74.098
3.465526	74.156
3.490639	74.214
3.515933	74.272
3.541411	74.329
3.567074	74.387
3.592922	74.445
3.618958	74.502
3.645182	74.559
3.671597	74.617
3.698203	74.674
3.725002	74.732
3.751994	74.790
3.779183	74.846
3.806568	74.904
3.834152	74.962
3.861936	75.018
3.889921	75.076
3.918109	75.132
3.946502	75.190
3.975100	75.246
4.003905	75.303
4.032919	75.359
4.062143	75.416
4.091579	75.472
4.121228	75.529
4.151092	75.585
4.181173	75.641
4.211471	75.697
4.241989	75.752
4.272729	75.808
4.303691	75.864
4.334877	75.919
4.366289	75.975
4.397929	76.030
4.429798	76.085
4.461899	76.141
4.494231	76.195
4.526798	76.251
4.559601	76.306
4.592642	76.361
4.625922	76.415
4.659444	76.469
4.693208	76.524
4.727217	76.578
4.761472	76.632
4.795976	76.686
4.830729	76.741
4.865735	76.794
4.900994	76.848
4.936509	76.901
4.972281	76.954
5.008312	77.007
5.044604	77.061
5.081159	77.112
5.117979	77.165
5.155066	77.216
5.192422	77.268
5.230049	77.320
5.267948	77.370
5.306121	77.421
5.344572	77.471
5.383301	77.521
5.422310	77.571
5.461603	77.620
5.501180	77.669
5.541044	77.718
5.581196	77.767
5.621640	77.815
5.662377	77.862
5.703409	77.910
5.744738	77.958
5.786366	78.005
5.828297	78.051
5.870531	78.098
5.913071	78.144
5.955920	78.190
5.999079	78.236
6.042551	78.280
6.086338	78.326
6.130442	78.371
6.174865	78.416
6.219611	78.460
6.264681	78.505
6.310077	78.548
6.355803	78.593
6.401860	78.636
6.448250	78.680
6.494977	78.723
6.542042	78.767
6.589448	78.809
6.637198	78.852
6.685294	78.895
6.733739	78.939
6.782534	78.981
6.831683	79.023
6.881188	79.066
6.931052	79.108
6.981277	79.150
7.031867	79.191
7.082822	79.233
7.134147	79.274
7.185844	79.315
7.237916	79.356
7.290365	79.396
7.343194	79.436
7.396406	79.477
7.450003	79.517
7.503989	79.555
7.558366	79.594
7.613137	79.633
7.668305	79.671
7.723873	79.710
7.779843	79.748
7.836219	79.785
7.893003	79.823
7.950199	79.859
8.007810	79.895
8.065838	79.931
8.124286	79.968
8.183158	80.002
8.242457	80.038
8.302185	80.072
8.362346	80.107
8.422943	80.141
8.483979	80.174
8.545457	80.207
8.607381	80.240
8.669754	80.273
8.732578	80.305
8.795858	80.338
8.859597	80.369
8.923797	80.401
8.988463	80.433
9.053597	80.465
9.119203	80.495
9.185284	80.526
9.251845	80.558
9.318887	80.588
9.386416	80.618
9.454434	80.648
9.522944	80.677
9.591952	80.707
9.661459	80.737
9.731470	80.766
9.801988	80.796
9.873017	80.824
9.944561	80.853
10.016624	80.882
10.089208	80.910
10.162319	80.937
10.235959	80.965
10.310133	80.992
10.384844	81.018
10.460097	81.043
10.535895	81.068
10.612243	81.092
10.689144	81.116
10.766602	81.138
10.844621	81.161
10.923205	81.183
11.002359	81.205
11.082087	81.227
11.162392	81.249
11.243280	81.270
11.324753	81.292
11.406817	81.314
11.489476	81.334
11.572733	81.355
11.656594	81.375
11.741062	81.394
11.826143	81.415
11.911840	81.434
11.998158	81.453
12.085102	81.472
12.172675	81.491
12.260883	81.511
12.349731	81.529
12.439222	81.547
12.529362	81.565
12.620155	81.582
12.711606	81.599
12.803719	81.614
12.896500	81.630
12.989954	81.645
13.084084	81.660
13.178897	81.675
13.274397	81.690
13.370588	81.703
13.467477	81.718
13.565068	81.731
13.663366	81.744
13.762376	81.757
13.862104	81.769
13.962555	81.781
14.063733	81.793
14.165645	81.805
14.268295	81.819
14.371689	81.831
14.475832	81.843
14.580730	81.854
14.686388	81.865
14.792811	81.877
14.900006	81.888
15.007978	81.899
15.116732	81.910
15.226274	81.921
15.336610	81.931
15.447745	81.941
15.559686	81.950
15.672438	81.959
15.786007	81.967
15.900399	81.976
16.015620	81.983
16.131675	81.990
16.248572	81.998
16.366316	82.005
16.484913	82.011
16.604369	82.017
16.724692	82.025
16.845886	82.030
16.967958	82.037
17.090915	82.043
17.214762	82.049
17.339508	82.054
17.465157	82.059
17.591717	82.065
17.719194	82.070
17.847594	82.074
17.976925	82.078
18.107193	82.083
18.238406	82.086
18.370569	82.090
18.503689	82.093
18.637775	82.095
18.772832	82.097
18.908867	82.099
19.045889	82.100
19.183903	82.102
19.322918	82.103
19.462939	82.104
19.603976	82.105
19.746034	82.105
19.889122	82.106
20.033247	82.105
20.178416	82.105
20.324637	82.103
20.471918	82.102
20.620266	82.100
20.769689	82.097
20.920195	82.095
21.071791	82.091
21.224486	82.088
21.378287	82.084
21.533203	82.081
21.689242	82.077
21.846411	82.073
22.004719	82.069
22.164174	82.065
22.324785	82.060
22.486559	82.056
22.649506	82.052
22.813634	82.047
22.978951	82.041
23.145466	82.036
23.313188	82.030
23.482125	82.025
23.652286	82.019
23.823680	82.013
23.996316	82.008
24.170203	82.003
24.345351	81.998
24.521767	81.992
24.699462	81.986
24.878444	81.978
25.058724	81.970
25.240310	81.962
25.423211	81.952
25.607438	81.942
25.793000	81.931
25.979907	81.920
26.168168	81.910
26.357794	81.900
26.548793	81.892
26.741177	81.885
26.934954	81.879
27.130136	81.873
27.326732	81.868
27.524753	81.863
27.724209	81.857
27.925110	81.850
28.127466	81.841
28.331290	81.831
28.536590	81.819
28.743378	81.806
28.951664	81.791
29.161460	81.777
29.372776	81.762
29.585623	81.746
29.800013	81.730
30.015956	81.715
30.233464	81.700
30.452548	81.684
30.673220	81.671
30.895490	81.656
31.119372	81.642
31.344876	81.629
31.572014	81.615
31.800797	81.602
32.031239	81.588
32.263351	81.574
32.497144	81.559
32.732632	81.543
32.969826	81.528
33.208739	81.511
33.449383	81.495
33.691771	81.479
33.935916	81.463
34.181829	81.447
34.429525	81.431
34.679015	81.416
34.930314	81.400
35.183433	81.385
35.438387	81.369
35.695188	81.353
35.953850	81.338
36.214387	81.321
36.476811	81.303
36.741137	81.286
37.007378	81.268
37.275549	81.250
37.545663	81.231
37.817735	81.213
38.091777	81.194
38.367806	81.174
38.645835	81.154
38.925879	81.135
39.207952	81.115
39.492069	81.095
39.778244	81.075
40.066494	81.054
40.356832	81.034
40.649275	81.014
40.943836	80.993
41.240532	80.971
41.539378	80.948
41.840389	80.924
42.143582	80.900
42.448972	80.876
42.756574	80.852
43.066406	80.829
43.378483	80.807
43.692822	80.785
44.009438	80.764
44.328348	80.743
44.649570	80.721
44.973119	80.700
45.299013	80.678
45.627268	80.656
45.957902	80.634
46.290932	80.612
46.626375	80.590
46.964249	80.568
47.304571	80.546
47.647360	80.522
47.992632	80.498
48.340407	80.472
48.690701	80.447
49.043534	80.419
49.398924	80.392
49.756889	80.364
50.117448	80.336
50.480619	80.309
50.846423	80.281
51.214877	80.252
51.586001	80.224
51.959814	80.195
52.336336	80.166
52.715587	80.137
53.097586	80.108
53.482353	80.082
53.869908	80.054
54.260272	80.028
54.653464	80.000
55.049506	79.971
55.448417	79.942
55.850219	79.913
56.254933	79.885
56.662579	79.855
57.073180	79.826
57.486755	79.796
57.903328	79.763
58.322920	79.731
58.745551	79.698
59.171246	79.667
59.600025	79.638
60.031912	79.611
60.466928	79.584
60.905096	79.556
61.346439	79.528
61.790981	79.500
62.238744	79.470
62.689751	79.441
63.144027	79.411
63.601595	79.381
64.062478	79.350
64.526701	79.319
64.994288	79.287
65.465264	79.255
65.939652	79.222
66.417478	79.189
66.898766	79.155
67.383542	79.121
67.871831	79.087
68.363659	79.054
68.859050	79.019
69.358031	78.986
69.860628	78.951
70.366867	78.916
70.876774	78.882
71.390376	78.847
71.907700	78.814
72.428773	78.779
72.953622	78.745
73.482274	78.710
74.014757	78.675
74.551098	78.641
75.091326	78.606
75.635469	78.571
76.183555	78.537
76.735612	78.501
77.291670	78.466
77.851757	78.431
78.415903	78.395
78.984137	78.360
79.556489	78.323
80.132988	78.287
80.713665	78.250
81.298549	78.213
81.887672	78.175
82.481064	78.138
83.078756	78.100
83.680779	78.062
84.287164	78.025
84.897943	77.987
85.513149	77.950
86.132813	77.912
86.756966	77.874
87.385643	77.835
88.018875	77.797
88.656697	77.757
89.299140	77.719
89.946238	77.679
90.598025	77.641
91.254536	77.603
91.915804	77.566
92.581864	77.528
93.252750	77.490
93.928498	77.452
94.609143	77.414
95.294720	77.375
95.985264	77.337
96.680813	77.298
97.381402	77.258
98.087068	77.219
98.797847	77.178
99.513777	77.138
100.234895	77.097
100.961238	77.057
101.692845	77.016
102.429753	76.975
103.172002	76.935
103.919629	76.895
104.672673	76.855
105.431174	76.814
106.195172	76.774
106.964706	76.734
107.739816	76.693
108.520544	76.653
109.306928	76.612
110.099011	76.571
110.896834	76.529
111.700438	76.488
112.509866	76.446
113.325158	76.404
114.146359	76.363
114.973511	76.321
115.806656	76.279
116.645839	76.237
117.491103	76.195
118.342492	76.154
119.200050	76.112
120.063823	76.071
120.933855	76.029
121.810192	75.987
122.692878	75.945
123.581962	75.903
124.477487	75.859
125.379503	75.817
126.288054	75.774
127.203190	75.733
128.124956	75.690
129.053403	75.648
129.988577	75.606
130.930527	75.562
131.879304	75.520
132.834956	75.477
133.797533	75.434
134.767085	75.391
135.743663	75.347
136.727317	75.304
137.718100	75.262
138.716062	75.220
139.721256	75.178
140.733733	75.135
141.753548	75.093
142.780753	75.050
143.815401	75.007
144.857547	74.965
145.907244	74.922
146.964548	74.880
148.029514	74.837
149.102197	74.794
150.182653	74.752
151.270938	74.709
152.367110	74.666
153.471224	74.625
154.583340	74.581
155.703515	74.538
156.831807	74.495
157.968275	74.451
159.112978	74.409
160.265976	74.365
161.427329	74.322
162.597098	74.279
163.775344	74.236
164.962128	74.192
166.157511	74.149
167.361557	74.106
168.574328	74.063
169.795887	74.021
171.026298	73.978
172.265625	73.936
173.513933	73.893
174.771286	73.851
176.037751	73.808
177.313393	73.766
178.598279	73.723
179.892476	73.680
181.196051	73.637
182.509072	73.594
183.831608	73.552
185.163728	73.509
186.505500	73.466
187.856996	73.424
189.218285	73.382
190.589439	73.341
191.970529	73.299
193.361626	73.257
194.762804	73.216
196.174136	73.174
197.595695	73.133
199.027554	73.091
200.469790	73.050
201.922477	73.009
203.385690	72.968
204.859507	72.927
206.344003	72.886
207.839257	72.845
209.345346	72.804
210.862349	72.764
212.390344	72.724
213.929412	72.684
215.479633	72.643
217.041087	72.604
218.613856	72.564
220.198022	72.524
221.793668	72.484
223.400876	72.446
225.019731	72.406
226.650317	72.367
228.292719	72.329
229.947022	72.290
231.613313	72.251
233.291678	72.213
234.982206	72.176
236.684984	72.138
238.400101	72.101
240.127646	72.064
241.867710	72.026
243.620383	71.989
245.385757	71.953
247.163923	71.916
248.954975	71.879
250.759005	71.843
252.576108	71.806
254.406379	71.769
256.249913	71.733
258.106805	71.698
259.977153	71.661
261.861055	71.626
263.758608	71.591
265.669912	71.555
267.595065	71.520
269.534170	71.484
271.487325	71.449
273.454634	71.413
275.436199	71.377
277.432124	71.341
279.442511	71.305
281.467467	71.270
283.507096	71.234
285.561505	71.198
287.630802	71.163
289.715093	71.127
291.814488	71.092
293.929096	71.056
296.059028	71.021
298.204393	70.985
300.365305	70.950
302.541876	70.914
304.734219	70.879
306.942449	70.843
309.166680	70.808
311.407030	70.773
313.663613	70.737
315.936549	70.703
318.225956	70.668
320.531952	70.633
322.854659	70.599
325.194197	70.565
327.550688	70.531
329.924255	70.496
332.315022	70.463
334.723114	70.428
337.148656	70.395
339.591774	70.362
342.052596	70.328
344.531250	70.296
347.027865	70.263
349.542572	70.230
352.075502	70.197
354.626786	70.165
357.196558	70.133
359.784952	70.101
362.392102	70.070
365.018144	70.038
367.663216	70.007
370.327455	69.975
373.011001	69.944
375.713992	69.913
378.436571	69.883
381.178878	69.853
383.941057	69.823
386.723253	69.793
389.525609	69.764
392.348272	69.736
395.191389	69.707
398.055109	69.678
400.939580	69.649
403.844954	69.621
406.771381	69.593
409.719014	69.564
412.688007	69.537
415.678514	69.510
418.690692	69.482
421.724697	69.456
424.780688	69.429
427.858824	69.404
430.959266	69.377
434.082174	69.352
437.227713	69.326
440.396045	69.302
443.587336	69.276
446.801753	69.251
450.039462	69.227
453.300634	69.203
456.585437	69.178
459.894044	69.155
463.226625	69.132
466.583356	69.108
469.964412	69.086
473.369968	69.064
476.800202	69.041
480.255292	69.019
483.735420	68.997
487.240766	68.976
490.771514	68.954
494.327847	68.934
497.909950	68.913
501.518011	68.894
505.152217	68.874
508.812758	68.855
512.499825	68.835
516.213610	68.816
519.954307	68.798
523.722110	68.779
527.517216	68.761
531.339823	68.744
535.190131	68.727
539.068339	68.709
542.974651	68.693
546.909269	68.678
550.872399	68.661
554.864247	68.646
558.885022	68.631
562.934933	68.616
567.014192	68.602
571.123011	68.588
575.261603	68.575
579.430186	68.561
583.628976	68.549
587.858192	68.537
592.118055	68.525
596.408787	68.513
600.730610	68.502
605.083752	68.492
609.468438	68.481
613.884898	68.471
618.333361	68.462
622.814059	68.453
627.327227	68.444
631.873099	68.436
636.451911	68.429
641.063904	68.422
645.709318	68.416
650.388394	68.410
655.101376	68.404
659.848511	68.398
664.630045	68.393
669.446228	68.388
674.297312	68.385
679.183548	68.380
684.105192	68.377
689.062500	68.374
694.055731	68.372
699.085145	68.370
704.151004	68.370
709.253572	68.370
714.393116	68.373
719.569903	68.376
724.784203	68.384
730.036288	68.394
735.326432	68.408
740.654911	68.423
746.022002	68.439
751.427985	68.454
756.873141	68.468
762.357756	68.481
767.882115	68.495
773.446505	68.507
779.051217	68.520
784.696544	68.532
790.382778	68.545
796.110218	68.557
801.879161	68.570
807.689907	68.583
813.542761	68.596
819.438028	68.611
825.376013	68.626
831.357028	68.642
837.381384	68.660
843.449395	68.678
849.561377	68.699
855.717649	68.720
861.918531	68.742
868.164348	68.765
874.455425	68.789
880.792090	68.815
887.174672	68.840
893.603506	68.868
900.078925	68.897
906.601268	68.927
913.170874	68.959
919.788087	68.993
926.453251	69.029
933.166713	69.066
939.928823	69.105
946.739935	69.145
953.600403	69.187
960.510585	69.231
967.470840	69.275
974.481533	69.321
981.543028	69.368
988.655693	69.416
995.819900	69.465
1003.036021	69.515
1010.304434	69.566
1017.625516	69.618
1024.999650	69.670
1032.427220	69.723
1039.908613	69.776
1047.444220	69.831
1055.034432	69.885
1062.679647	69.941
1070.380262	69.996
1078.136678	70.052
1085.949301	70.108
1093.818537	70.165
1101.744797	70.222
1109.728494	70.279
1117.770044	70.335
1125.869867	70.393
1134.028384	70.450
1142.246021	70.507
1150.523207	70.565
1158.860372	70.623
1167.257952	70.679
1175.716385	70.737
1184.236110	70.794
1192.817573	70.851
1201.461221	70.908
1210.167504	70.964
1218.936877	71.021
1227.769796	71.077
1236.666722	71.134
1245.628119	71.190
1254.654454	71.245
1263.746197	71.302
1272.903823	71.357
1282.127809	71.413
1291.418635	71.468
1300.776787	71.523
1310.202752	71.578
1319.697021	71.633
1329.260090	71.689
1338.892456	71.743
1348.594623	71.798
1358.367096	71.853
1368.210384	71.907
1378.125000	71.963
1388.111462	72.018
1398.170290	72.073
1408.302008	72.129
1418.507145	72.185
1428.786232	72.241
1439.139806	72.297
1449.568407	72.353
1460.072577	72.410
1470.652865	72.467
1481.309822	72.525
1492.044003	72.582
1502.855969	72.641
1513.746283	72.700
1524.715513	72.758
1535.764230	72.818
1546.893010	72.878
1558.102435	72.939
1569.393087	73.001
1580.765557	73.062
1592.220435	73.126
1603.758321	73.189
1615.379815	73.252
1627.085523	73.317
1638.876055	73.382
1650.752027	73.449
1662.714057	73.516
1674.762768	73.582
1686.898789	73.651
1699.122753	73.720
1711.435297	73.790
1723.837063	73.860
1736.328697	73.931
1748.910850	74.004
1761.584179	74.076
1774.349344	74.150
1787.207011	74.225
1800.157850	74.300
1813.202536	74.376
1826.341749	74.453
1839.576174	74.531
1852.906501	74.610
1866.333426	74.689
1879.857647	74.769
1893.479870	74.851
1907.200806	74.932
1921.021169	75.014
1934.941681	75.097
1948.963066	75.181
1963.086055	75.266
1977.311386	75.351
1991.639800	75.437
2006.072043	75.523
2020.608868	75.611
2035.251032	75.698
2049.999300	75.786
2064.854440	75.875
2079.817227	75.964
2094.888440	76.053
2110.068865	76.142
2125.359294	76.233
2140.760523	76.322
2156.273357	76.412
2171.898602	76.503
2187.637075	76.593
2203.489595	76.683
2219.456989	76.773
2235.540089	76.864
2251.739734	76.953
2268.056768	77.042
2284.492043	77.131
2301.046414	77.219
2317.720745	77.306
2334.515904	77.393
2351.432769	77.479
2368.472220	77.564
2385.635146	77.648
2402.922442	77.731
2420.335009	77.812
2437.873754	77.893
2455.539592	77.972
2473.333444	78.049
2491.256238	78.124
2509.308907	78.198
2527.492394	78.270
2545.807646	78.340
2564.255618	78.407
2582.837271	78.474
2601.553574	78.537
2620.405504	78.599
2639.394042	78.657
2658.520180	78.715
2677.784913	78.769
2697.189246	78.821
2716.734191	78.870
2736.420767	78.917
2756.250000	78.962
2776.222924	79.004
2796.340579	79.042
2816.604016	79.079
2837.014290	79.114
2857.572465	79.145
2878.279613	79.174
2899.136813	79.201
2920.145154	79.226
2941.305729	79.248
2962.619643	79.268
2984.088006	79.286
3005.711938	79.303
3027.492566	79.317
3049.431025	79.329
3071.528459	79.340
3093.786021	79.349
3116.204869	79.356
3138.786175	79.362
3161.531113	79.367
3184.440871	79.370
3207.516642	79.373
3230.759630	79.375
3254.171046	79.376
3277.752111	79.376
3301.504054	79.375
3325.428113	79.374
3349.525536	79.374
3373.797579	79.371
3398.245507	79.370
3422.870595	79.367
3447.674126	79.365
3472.657394	79.362
3497.821701	79.360
3523.168359	79.358
3548.698689	79.356
3574.414023	79.353
3600.315700	79.351
3626.405072	79.349
3652.683498	79.346
3679.152348	79.344
3705.813003	79.342
3732.666851	79.340
3759.715294	79.337
3786.959741	79.333
3814.401612	79.328
3842.042339	79.322
3869.883361	79.316
3897.926131	79.308
3926.172111	79.299
3954.622772	79.287
3983.279599	79.275
4012.144085	79.260
4041.217735	79.242
4070.502065	79.220
4099.998601	79.196
4129.708881	79.168
4159.634454	79.136
4189.776880	79.100
4220.137730	79.058
4250.718588	79.012
4281.521047	78.959
4312.546713	78.901
4343.797204	78.838
4375.274149	78.767
4406.979190	78.691
4438.913977	78.608
4471.080178	78.519
4503.479468	78.422
4536.113537	78.317
4568.984085	78.207
4602.092827	78.088
4635.441489	77.963
4669.031809	77.832
4702.865538	77.694
4736.944440	77.549
4771.270293	77.398
4805.844884	77.241
4840.670017	77.078
4875.747507	76.911
4911.079184	76.739
4946.666888	76.564
4982.512475	76.384
5018.617815	76.201
5054.984788	76.014
5091.615292	75.826
5128.511235	75.636
5165.674542	75.442
5203.107149	75.249
5240.811008	75.053
5278.788085	74.858
5317.040359	74.661
5355.569826	74.464
5394.378492	74.266
5433.468383	74.068
5472.841534	73.870
5512.500000	73.674
5552.445847	73.481
5592.681159	73.294
5633.208032	73.118
5674.028579	72.961
5715.144930	72.825
5756.559226	72.710
5798.273627	72.607
5840.290308	72.504
5882.611459	72.389
5925.239286	72.261
5968.176013	72.120
6011.423876	71.972
6054.985132	71.822
6098.862050	71.673
6143.056919	71.526
6187.572041	71.386
6232.409739	71.252
6277.572349	71.124
6323.062226	71.005
6368.881742	70.892
6415.033284	70.789
6461.519260	70.695
6508.342092	70.609
6555.504221	70.534
6603.008107	70.468
6650.856226	70.415
6699.051072	70.370
6747.595157	70.339
6796.491013	70.319
6845.741189	70.310
6895.348252	70.313
6945.314788	70.328
6995.643402	70.353
7046.336717	70.391
7097.397378	70.439
7148.828045	70.496
7200.631400	70.562
7252.810143	70.637
7305.366995	70.716
7358.304696	70.800
7411.626005	70.887
7465.333702	70.975
7519.430588	71.061
7573.919482	71.145
7628.803224	71.223
7684.084677	71.293
7739.766722	71.351
7795.852263	71.395
7852.344222	71.423
7909.245545	71.431
7966.559198	71.417
8024.288170	71.380
8082.435470	71.315
8141.004129	71.224
8199.997201	71.103
8259.417761	70.955
8319.268907	70.778
8379.553759	70.573
8440.275460	70.344
8501.437175	70.091
8563.042093	69.817
8625.093426	69.526
8687.594409	69.220
8750.548299	68.903
8813.958379	68.577
8877.827955	68.246
8942.160356	67.913
9006.958936	67.581
9072.227073	67.251
9137.968170	66.927
9204.185655	66.611
9270.882978	66.302
9338.063618	66.005
9405.731076	65.719
9473.888881	65.446
9542.540585	65.188
9611.689768	64.946
9681.340034	64.719
9751.495015	64.510
9822.158367	64.320
9893.333776	64.148
9965.024951	63.995
10037.235629	63.864
10109.969576	63.754
10183.230583	63.666
10257.022470	63.602
10331.349083	63.561
10406.214297	63.547
10481.622016	63.559
10557.576170	63.600
10634.080719	63.670
10711.139651	63.772
10788.756985	63.906
10866.936765	64.073
10945.683068	64.275
11025.000000	64.511
11104.891695	64.778
11185.362318	65.076
11266.416064	65.398
11348.057159	65.735
11430.289859	66.081
11513.118451	66.419
11596.547254	66.739
11680.580615	67.023
11765.222917	67.256
11850.478573	67.425
11936.352025	67.516
12022.847753	67.520
12109.970264	67.435
12197.724100	67.259
12286.113837	66.995
12375.144083	66.650
12464.819478	66.235
12555.144698	65.759
12646.124452	65.234
12737.763483	64.673
12830.066568	64.087
12923.038519	63.488
13016.684184	62.886
13111.008443	62.290
13206.016215	61.707
13301.712452	61.144
13398.102144	60.605
13495.190315	60.093
13592.982027	59.612
13691.482378	59.162
13790.696503	58.745
13890.629575	58.359
13991.286803	58.005
14092.673435	57.683
14194.794756	57.389
14297.656090	57.123
14401.262800	56.883
14505.620287	56.670
14610.733991	56.484
14716.609392	56.326
14823.252010	56.198
14930.667405	56.106
15038.861176	56.050
15147.838963	56.034
15257.606449	56.056
15368.169355	56.112
15479.533445	56.193
15591.704525	56.288
15704.688443	56.392
15818.491090	56.501
15933.118397	56.609
16048.576341	56.714
16164.870941	56.812
16282.008259	56.895
16399.994403	56.954
16518.835523	56.978
16638.537814	56.954
16759.107518	56.870
16880.550920	56.718
17002.874350	56.498
17126.084187	56.215
17250.186852	55.882
17375.188817	55.505
17501.096598	55.091
17627.916758	54.642
17755.655910	54.163
17884.320712	53.658
18013.917872	53.135
18144.454147	52.605
18275.936341	52.079
18408.371309	51.565
18541.765956	51.069
18676.127236	50.596
18811.462153	50.151
18947.777762	49.752
19085.081170	49.423
19223.379536	49.191
19362.680068	49.068
19502.990030	49.034
19644.316735	49.056
19786.667552	49.097
19930.049902	49.126
