20 93.79
20.2909066988 93.79
20.5860447329 93.81
20.8854756485 93.86
21.1892618872 93.90
21.4974667984 93.94
21.8101546533 93.99
22.1273906578 94.03
22.4492409662 94.08
22.7757726951 94.13
23.1070539374 94.18
23.4431537764 94.22
23.7841423001 94.27
24.130090616 94.31
24.4810708661 94.36
24.8371562415 94.40
25.1984209979 94.44
25.5649404712 94.48
25.936791093 94.51
26.3140504067 94.55
26.6967970834 94.58
27.0851109387 94.61
27.4790729492 94.64
27.878765269 94.67
28.2842712475 94.69
28.6956754462 94.71
29.1130636568 94.73
29.5365229188 94.75
29.9661415375 94.77
30.402009103 94.80
30.8442165082 94.82
31.2928559682 94.84
31.7480210394 94.86
32.209806639 94.88
32.6783090648 94.91
33.1536260154 94.93
33.6358566101 94.95
34.1251014105 94.97
34.6214624402 94.98
35.1250432075 95.00
35.6359487256 95.01
36.1542855356 95.02
36.6801617282 95.04
37.2136869661 95.04
37.7549725073 95.05
38.3041312279 95.06
38.8612776461 95.07
39.4265279456 95.07
40 95.08
40.5818133975 95.09
41.1720894657 95.09
41.7709512971 95.10
42.3785237744 95.10
42.9949335968 95.11
43.6203093066 95.11
44.2547813156 95.11
44.8984819324 95.11
45.5515453903 95.11
46.2141078749 95.11
46.8863075528 95.11
47.5682846001 95.11
48.260181232 95.10
48.9621417322 95.10
49.6743124829 95.09
50.3968419958 95.09
51.1298809424 95.08
51.873582186 95.08
52.6281008133 95.07
53.3935941668 95.06
54.1702218775 95.05
54.9581458983 95.04
55.757530538 95.04
56.5685424949 95.03
57.3913508924 95.01
58.2261273137 95.00
59.0730458376 94.98
59.9322830751 94.97
60.804018206 94.95
61.6884330163 94.94
62.5857119363 94.92
63.4960420787 94.91
64.419613278 94.89
65.3566181296 94.87
66.3072520307 94.85
67.2717132203 94.83
68.2502028209 94.81
69.2429248805 94.78
70.2500864149 94.76
71.2718974512 94.74
72.3085710713 94.71
73.3603234564 94.69
74.4273739322 94.66
75.5099450145 94.64
76.6082624559 94.61
77.7225552923 94.58
78.8530558912 94.55
80 94.52
81.163626795 94.49
82.3441789315 94.46
83.5419025942 94.43
84.7570475487 94.39
85.9898671937 94.36
87.2406186132 94.33
88.5095626311 94.29
89.7969638648 94.26
91.1030907805 94.22
92.4282157498 94.18
93.7726151055 94.14
95.1365692002 94.11
96.520362464 94.07
97.9242834644 94.03
99.3486249659 93.98
100.7936839916 93.94
102.2597618848 93.90
103.7471643721 93.85
105.2562016267 93.81
106.7871883336 93.76
108.340443755 93.72
109.9162917966 93.67
111.5150610759 93.62
113.1370849898 93.58
114.7827017849 93.53
116.4522546274 93.48
118.1460916752 93.43
119.8645661501 93.38
121.6080364119 93.32
123.3768660326 93.27
125.1714238726 93.22
126.9920841575 93.16
128.8392265559 93.10
130.7132362593 93.03
132.6145040614 92.97
134.5434264406 92.93
136.5004056418 92.87
138.485849761 92.81
140.5001728299 92.75
142.5437949025 92.70
144.6171421426 92.64
146.7206469127 92.58
148.8547478643 92.52
151.0198900291 92.45
153.2165249118 92.39
155.4451105846 92.33
157.7061117824 92.26
160 92.20
162.32725359 92.13
164.688357863 92.07
167.0838051884 92.00
169.5140950975 91.93
171.9797343873 91.86
174.4812372264 91.80
177.0191252622 91.73
179.5939277295 91.66
182.2061815611 91.59
184.8564314996 91.52
187.5452302111 91.45
190.2731384004 91.38
193.0407249281 91.31
195.8485669287 91.24
198.6972499318 91.17
201.5873679832 91.09
204.5195237697 91.02
207.4943287442 90.95
210.5124032534 90.88
213.5743766672 90.80
216.6808875099 90.73
219.8325835933 90.66
223.0301221518 90.58
226.2741699797 90.51
229.5654035698 90.43
232.9045092548 90.36
236.2921833503 90.29
239.7291323003 90.21
243.2160728239 90.13
246.7537320653 90.06
250.3428477452 89.99
253.9841683149 89.91
257.6784531119 89.83
261.4264725186 89.76
265.2290081229 89.69
269.0868528812 89.62
273.0008112836 89.55
276.971699522 89.47
281.0003456597 89.40
285.0875898049 89.33
289.2342842852 89.26
293.4412938255 89.19
297.7094957287 89.12
302.0397800581 89.05
306.4330498235 88.99
310.8902211692 88.92
315.4122235649 88.86
320 88.79
324.65450718 88.73
329.3767157259 88.66
334.1676103768 88.60
339.028190195 88.53
343.9594687746 88.46
348.9624744529 88.40
354.0382505244 88.33
359.187855459 88.26
364.4123631221 88.19
369.7128629991 88.12
375.0904604222 88.05
380.5462768009 87.98
386.0814498562 87.92
391.6971338575 87.85
397.3944998635 87.79
403.1747359664 87.72
409.0390475393 87.65
414.9886574883 87.58
421.0248065068 87.52
427.1487533344 87.45
433.3617750198 87.39
439.6651671866 87.33
446.0602443037 87.27
452.5483399594 87.21
459.1308071395 87.16
465.8090185095 87.10
472.5843667007 87.04
479.4582646005 86.98
486.4321456477 86.92
493.5074641306 86.87
500.6856954905 86.81
507.9683366298 86.76
515.3569062238 86.71
522.8529450372 86.66
530.4580162458 86.61
538.1737057624 86.56
546.0016225673 86.51
553.9433990439 86.46
562.0006913195 86.42
570.1751796098 86.38
578.4685685703 86.34
586.882587651 86.30
595.4189914574 86.26
604.0795601163 86.22
612.8660996471 86.19
621.7804423383 86.15
630.8244471297 86.12
640 86.09
649.30901436 86.06
658.7534314519 86.03
668.3352207536 86.01
678.05638039 85.99
687.9189375493 85.97
697.9249489058 85.95
708.0765010489 85.94
718.375710918 85.93
728.8247262443 85.92
739.4257259983 85.92
750.1809208443 85.92
761.0925536018 85.91
772.1628997124 85.88
783.394267715 85.85
794.7889997271 85.82
806.3494719327 85.82
818.0780950787 85.85
829.9773149767 85.92
842.0496130136 85.99
854.2975066688 86.06
866.7235500396 86.12
879.3303343732 86.18
892.1204886074 86.25
905.0966799188 86.33
918.2616142791 86.40
931.618037019 86.49
945.1687334013 86.58
958.9165292011 86.67
972.8642912955 86.77
987.0149282611 86.88
1001.371390981 87.00
1015.9366732597 87.11
1030.7138124476 87.24
1045.7058900743 87.36
1060.9160324916 87.49
1076.3474115248 87.63
1092.0032451345 87.76
1107.8867980879 87.90
1124.0013826389 88.03
1140.3503592197 88.17
1156.9371371406 88.31
1173.765175302 88.44
1190.8379829148 88.58
1208.1591202326 88.72
1225.7321992942 88.85
1243.5608846767 88.99
1261.6488942595 89.12
1280 89.25
1298.6180287201 89.38
1317.5068629037 89.52
1336.6704415071 89.65
1356.1127607799 89.78
1375.8378750985 89.91
1395.8498978116 90.05
1416.1530020977 90.18
1436.751421836 90.31
1457.6494524886 90.45
1478.8514519966 90.59
1500.3618416887 90.73
1522.1851072035 90.87
1544.3257994247 91.02
1566.78853543 91.17
1589.5779994541 91.32
1612.6989438655 91.47
1636.1561901574 91.63
1659.9546299533 91.79
1684.0992260271 91.96
1708.5950133377 92.12
1733.4471000793 92.29
1758.6606687464 92.46
1784.2409772148 92.63
1810.1933598376 92.81
1836.5232285581 92.98
1863.2360740381 93.16
1890.3374668026 93.33
1917.8330584022 93.50
1945.7285825909 93.67
1974.0298565222 93.84
2002.742781962 94.00
2031.8733465194 94.15
2061.4276248951 94.30
2091.4117801487 94.43
2121.8320649832 94.56
2152.6948230496 94.67
2184.0064902691 94.77
2215.7735961758 94.84
2248.0027652779 94.91
2280.7007184393 94.95
2313.8742742813 94.98
2347.530350604 94.98
2381.6759658296 94.96
2416.3182404652 94.93
2451.4643985884 94.87
2487.1217693533 94.80
2523.297788519 94.71
2560.0000000001 94.60
2597.2360574402 94.48
2635.0137258074 94.35
2673.3408830143 94.20
2712.2255215599 94.05
2751.6757501971 93.89
2791.6997956232 93.73
2832.3060041955 93.56
2873.5028436721 93.39
2915.2989049772 93.22
2957.7029039931 93.04
3000.7236833774 92.87
3044.3702144071 92.70
3088.6515988494 92.53
3133.57707086 92.35
3179.1559989082 92.18
3225.397887731 92.00
3272.3123803148 91.82
3319.9092599067 91.64
3368.1984520542 91.46
3417.1900266754 91.29
3466.8942001586 91.13
3517.3213374928 90.99
3568.4819544296 90.87
3620.3867196753 90.78
3673.0464571163 90.71
3726.4721480761 90.68
3780.6749336053 90.68
3835.6661168044 90.71
3891.4571651819 90.77
3948.0597130445 90.85
4005.4855639241 90.96
4063.7466930387 91.10
4122.8552497902 91.27
4182.8235602974 91.47
4243.6641299665 91.69
4305.3896460992 91.93
4368.0129805382 92.18
4431.5471923516 92.41
4496.0055305558 92.61
4561.4014368787 92.77
4627.7485485626 92.90
4695.0607012081 93.04
4763.3519316592 93.20
4832.6364809305 93.40
4902.9287971769 93.61
4974.2435387067 93.82
5046.595577038 93.98
5120.0000000002 94.09
5194.4721148803 94.11
5270.0274516149 94.00
5346.6817660286 93.72
5424.4510431198 93.25
5503.3515003942 92.70
5583.3995912463 92.46
5664.6120083911 92.41
5747.0056873442 92.24
5830.5978099545 91.90
5915.4058079863 91.46
6001.4473667548 90.99
6088.7404288142 90.54
6177.3031976989 90.12
6267.1541417201 89.73
6358.3119978165 89.39
6450.795775462 89.08
6544.6247606297 88.83
6639.8185198134 88.63
6736.3969041085 88.48
6834.3800533509 88.39
6933.7884003172 88.36
7034.6426749857 88.39
7136.9639088592 88.50
7240.7734393506 88.68
7346.0929142326 88.94
7452.9442961523 89.29
7561.3498672106 89.73
7671.3322336089 90.26
7782.9143303638 90.89
7896.119426089 91.60
8010.9711278481 92.37
8127.4933860775 93.14
8245.7104995805 93.79
8365.6471205948 94.18
8487.328259933 94.20
8610.7792921984 93.82
8736.0259610765 93.09
8863.0943847033 92.14
8992.0110611117 91.11
9122.8028737575 90.12
9255.4970971253 89.21
9390.1214024162 88.43
9526.7038633184 87.78
9665.272961861 87.25
9805.8575943538 86.81
9948.4870774134 86.45
10093.191154076 86.12
10240.0000000005 85.78
10388.9442297607 85.40
10540.0549032298 84.95
10693.3635320572 84.42
10848.9020862397 83.85
11006.7030007884 83.26
11166.7991824927 82.71
11329.2240167822 82.27
11494.0113746885 81.93
11661.1956199091 81.79
11830.8116159726 81.79
12002.8947335097 82.01
12177.4808576284 82.38
12354.6063953979 82.96
12534.3082834402 83.61
12716.6239956331 84.21
12901.5915509241 84.42
13089.2495212594 84.39
13279.637039627 83.86
13472.7938082171 82.83
13668.7601067018 81.50
13867.5768006344 80.04
14069.2853499715 78.55
14273.9278177184 77.10
14481.5468787012 75.85
14692.1858284653 74.92
14905.8885923047 74.25
15122.6997344212 73.83
15342.6644672179 73.71
15565.8286607277 73.98
15792.2388521781 74.61
16021.9422556964 75.48
16254.9867721551 76.32
16491.4209991611 76.82
16731.2942411897 76.85
16974.656519866 76.49
17221.5585843969 75.89
17472.0519221531 74.97
17726.1887694067 73.05
17984.0221222235 69.55
18245.605747515 67.90
18510.9941942506 69.62
18780.2428048326 70.18
19053.4077266369 68.95
19330.545923722 66.23
19611.7151887077 63.25
19896.9741548268 62.10
20186.382308152 62.10
