20.000000	94.787
20.299999	94.794
20.600000	94.782
20.900000	94.758
21.200001	94.738
21.400000	94.731
21.799999	94.737
22.000000	94.746
22.400000	94.771
22.700001	94.785
23.000000	94.794
23.299999	94.801
23.600000	94.809
24.000000	94.826
24.299999	94.840
24.700001	94.853
25.000000	94.856
25.400000	94.852
25.799999	94.848
26.200001	94.851
26.500000	94.856
26.900000	94.862
27.200001	94.862
27.600000	94.857
28.000000	94.852
28.500000	94.851
29.000000	94.852
29.500000	94.845
30.000000	94.830
30.400000	94.818
30.700001	94.812
31.100000	94.806
31.500000	94.799
32.000000	94.785
32.500000	94.767
33.000000	94.751
33.500000	94.740
34.000000	94.731
34.500000	94.718
35.000000	94.703
35.500000	94.689
36.000000	94.678
36.500000	94.666
37.000000	94.650
37.500000	94.630
38.200001	94.603
38.700001	94.588
39.500000	94.562
40.000000	94.544
40.599998	94.520
41.200001	94.496
41.799999	94.469
42.500000	94.439
43.099998	94.418
43.700001	94.398
44.400002	94.362
45.000000	94.332
45.500000	94.312
46.200001	94.286
46.799999	94.255
47.500000	94.214
48.200001	94.188
48.700001	94.182
49.400002	94.174
50.000000	94.144
50.799999	94.074
51.500000	94.023
52.200001	93.990
53.000000	93.934
53.799999	93.881
54.500000	93.862
55.200001	93.847
56.000000	93.821
57.000000	93.786
58.000000	93.717
59.000000	93.657
60.000000	93.609
60.799999	93.553
61.500000	93.506
62.200001	93.468
63.000000	93.427
64.000000	93.364
65.000000	93.296
66.000000	93.245
67.000000	93.191
68.000000	93.136
69.000000	93.087
70.000000	93.028
71.000000	92.963
72.000000	92.900
73.000000	92.855
74.000000	92.795
75.000000	92.732
76.199997	92.672
77.500000	92.591
78.800003	92.516
80.000000	92.457
81.199997	92.391
82.500000	92.309
83.800003	92.227
85.000000	92.156
86.199997	92.089
87.500000	92.025
88.500000	91.948
90.000000	91.877
91.199997	91.802
92.500000	91.731
93.800003	91.645
95.000000	91.573
96.199997	91.514
97.500000	91.442
98.800003	91.361
100.000000	91.306
101.500000	91.208
103.000000	91.140
104.400002	91.049
106.000000	90.959
107.500000	90.885
109.000000	90.785
110.599998	90.722
112.000000	90.633
113.800003	90.554
115.000000	90.514
117.199997	90.414
118.000000	90.386
120.599998	90.267
122.000000	90.175
124.099998	90.059
125.000000	90.005
126.500000	89.917
128.000000	89.857
131.500000	89.787
132.000000	89.784
134.000000	89.787
136.000000	89.802
138.000000	89.803
140.000000	89.799
143.000000	89.736
145.000000	89.667
147.500000	89.559
150.000000	89.428
152.500000	89.302
155.000000	89.181
157.500000	89.058
160.000000	88.942
162.500000	88.828
165.000000	88.716
167.500000	88.609
170.000000	88.503
172.500000	88.400
175.000000	88.300
177.500000	88.201
180.000000	88.106
182.500000	88.011
185.000000	87.915
187.500000	87.822
190.000000	87.731
192.500000	87.641
195.000000	87.556
197.500000	87.469
200.000000	87.385
203.000000	87.283
206.000000	87.184
209.000000	87.087
212.000000	86.994
214.000000	86.933
218.000000	86.808
220.000000	86.751
224.000000	86.628
227.000000	86.540
230.000000	86.456
233.000000	86.369
236.000000	86.282
240.000000	86.173
243.000000	86.091
247.000000	85.984
250.000000	85.903
254.000000	85.797
258.000000	85.698
262.000000	85.596
265.000000	85.525
269.000000	85.428
272.000000	85.358
276.000000	85.264
280.000000	85.172
285.000000	85.061
290.000000	84.950
295.000000	84.845
300.000000	84.737
304.000000	84.654
307.000000	84.595
311.000000	84.522
315.000000	84.451
320.000000	84.364
325.000000	84.273
330.000000	84.178
335.000000	84.088
340.000000	84.004
345.000000	83.915
350.000000	83.829
355.000000	83.745
360.000000	83.657
365.000000	83.578
370.000000	83.496
375.000000	83.415
382.000000	83.305
387.000000	83.232
395.000000	83.108
400.000000	83.037
406.000000	82.954
412.000000	82.866
418.000000	82.784
425.000000	82.699
431.000000	82.628
437.000000	82.560
444.000000	82.487
450.000000	82.424
455.000000	82.371
462.000000	82.305
468.000000	82.245
475.000000	82.177
482.000000	82.112
487.000000	82.061
494.000000	81.999
500.000000	81.958
508.000000	81.879
515.000000	81.826
522.000000	81.764
530.000000	81.707
538.000000	81.655
545.000000	81.605
552.000000	81.546
560.000000	81.502
570.000000	81.430
580.000000	81.367
590.000000	81.306
600.000000	81.252
608.000000	81.210
615.000000	81.178
622.000000	81.136
630.000000	81.100
640.000000	81.055
650.000000	81.016
660.000000	80.981
670.000000	80.947
680.000000	80.920
690.000000	80.894
700.000000	80.874
710.000000	80.858
720.000000	80.846
730.000000	80.845
740.000000	80.840
750.000000	80.840
762.000000	80.847
775.000000	80.861
788.000000	80.884
800.000000	80.910
812.000000	80.942
825.000000	80.986
838.000000	81.037
850.000000	81.088
862.000000	81.150
875.000000	81.219
885.000000	81.279
900.000000	81.378
912.000000	81.463
925.000000	81.559
938.000000	81.665
950.000000	81.768
962.000000	81.875
975.000000	81.997
988.000000	82.121
1000.000000	82.244
1015.000000	82.398
1030.000000	82.559
1044.000000	82.709
1060.000000	82.886
1075.000000	83.049
1090.000000	83.215
1106.000000	83.393
1120.000000	83.546
1138.000000	83.740
1150.000000	83.870
1172.000000	84.103
1180.000000	84.188
1206.000000	84.457
1220.000000	84.600
1241.000000	84.811
1250.000000	84.898
1265.000000	85.049
1280.000000	85.197
1315.000000	85.536
1320.000000	85.585
1340.000000	85.777
1360.000000	85.968
1380.000000	86.157
1400.000000	86.344
1430.000000	86.618
1450.000000	86.797
1475.000000	87.014
1500.000000	87.224
1525.000000	87.427
1550.000000	87.623
1575.000000	87.811
1600.000000	87.990
1625.000000	88.163
1650.000000	88.330
1675.000000	88.486
1700.000000	88.636
1725.000000	88.778
1750.000000	88.916
1775.000000	89.039
1800.000000	89.157
1825.000000	89.262
1850.000000	89.355
1875.000000	89.435
1900.000000	89.504
1925.000000	89.558
1950.000000	89.599
1975.000000	89.630
2000.000000	89.644
2030.000000	89.645
2060.000000	89.630
2090.000000	89.597
2120.000000	89.546
2140.000000	89.504
2180.000000	89.404
2200.000000	89.352
2240.000000	89.243
2270.000000	89.163
2300.000000	89.088
2330.000000	89.018
2360.000000	88.956
2400.000000	88.900
2430.000000	88.882
2470.000000	88.875
2500.000000	88.865
2540.000000	88.820
2580.000000	88.740
2620.000000	88.637
2650.000000	88.549
2690.000000	88.426
2720.000000	88.331
2760.000000	88.206
2800.000000	88.081
2850.000000	87.928
2900.000000	87.779
2950.000000	87.632
3000.000000	87.492
3040.000000	87.382
3070.000000	87.304
3110.000000	87.204
3150.000000	87.109
3200.000000	87.000
3250.000000	86.900
3300.000000	86.814
3350.000000	86.740
3400.000000	86.681
3450.000000	86.645
3500.000000	86.627
3550.000000	86.629
3600.000000	86.647
3650.000000	86.683
3700.000000	86.734
3750.000000	86.794
3820.000000	86.896
3870.000000	86.977
3950.000000	87.120
4000.000000	87.217
4060.000000	87.338
4120.000000	87.472
4180.000000	87.608
4250.000000	87.770
4310.000000	87.905
4370.000000	88.034
4440.000000	88.161
4500.000000	88.244
4550.000000	88.286
4620.000000	88.295
4680.000000	88.252
4750.000000	88.140
4820.000000	87.957
4870.000000	87.781
4940.000000	87.480
5000.000000	87.177
5080.000000	86.725
5150.000000	86.300
5220.000000	85.864
5300.000000	85.379
5380.000000	84.942
5450.000000	84.623
5520.000000	84.382
5600.000000	84.229
5700.000000	84.245
5800.000000	84.434
5900.000000	84.665
6000.000000	84.787
6080.000000	84.752
6150.000000	84.641
6220.000000	84.475
6300.000000	84.261
6400.000000	83.971
6500.000000	83.714
6600.000000	83.520
6700.000000	83.408
6800.000000	83.383
6900.000000	83.450
7000.000000	83.614
7100.000000	83.874
7200.000000	84.230
7300.000000	84.685
7400.000000	85.223
7500.000000	85.840
7620.000000	86.654
7750.000000	87.537
7880.000000	88.255
8000.000000	88.493
8120.000000	88.211
8250.000000	87.573
8380.000000	86.546
8500.000000	85.475
8620.000000	84.428
8750.000000	83.368
8850.000000	82.633
9000.000000	81.693
9120.000000	81.074
9250.000000	80.487
9380.000000	80.074
9500.000000	79.792
9620.000000	79.600
9750.000000	79.499
9880.000000	79.489
10000.000000	79.560
10150.000000	79.740
10300.000000	79.996
10440.000000	80.248
10600.000000	80.502
10750.000000	80.635
10900.000000	80.623
11060.000000	80.451
11200.000000	80.200
11380.000000	79.762
11500.000000	79.377
11720.000000	78.774
11800.000000	78.642
12060.000000	78.155
12200.000000	77.858
12410.000000	77.469
12500.000000	77.328
12650.000000	77.177
12800.000000	77.119
13150.000000	77.376
13200.000000	77.466
13400.000000	77.942
13600.000000	78.639
13800.000000	79.545
14000.000000	80.593
14300.000000	82.066
14500.000000	82.474
14750.000000	81.894
15000.000000	80.552
15250.000000	79.129
15500.000000	77.938
15750.000000	77.081
16000.000000	76.690
16250.000000	76.766
16500.000000	77.269
16750.000000	77.427
17000.000000	77.418
17250.000000	77.149
17500.000000	76.498
17750.000000	75.786
18000.000000	75.257
18250.000000	74.996
18500.000000	75.106
18750.000000	75.369
19000.000000	75.236
19250.000000	73.507
19500.000000	70.508
19750.000000	67.346
