20 89.27
20.299999 89.18
20.6 89.10
20.9 89.05
21.200001 89.04
21.4 89.06
21.799999 89.11
22 89.15
22.4 89.19
22.700001 89.19
23 89.17
23.299999 89.13
23.6 89.09
24 89.05
24.299999 89.04
24.700001 89.04
25 89.03
25.4 89.00
25.799999 88.94
26.200001 88.87
26.5 88.81
26.9 88.76
27.200001 88.74
27.6 88.73
28 88.71
28.5 88.64
29 88.54
29.5 88.45
30 88.44
30.4 88.45
30.700001 88.46
31.1 88.43
31.5 88.37
32 88.27
32.5 88.22
33 88.22
33.5 88.21
34 88.13
34.5 88.01
35 87.91
35.5 87.88
36 87.90
36.5 87.88
37 87.81
37.5 87.70
38.200001 87.58
38.700001 87.52
39.5 87.41
40 87.37
40.599998 87.36
41.200001 87.33
41.799999 87.25
42.5 87.15
43.099998 87.13
43.700001 87.13
44.400002 87.07
45 87.00
45.5 86.98
46.200001 86.95
46.799999 86.88
47.5 86.75
48.200001 86.71
48.700001 86.70
49.400002 86.64
50 86.55
50.799999 86.45
51.5 86.42
52.200001 86.35
53 86.22
53.799999 86.15
54.5 86.12
55.200001 86.08
56 86.00
57 85.88
58 85.80
59 85.72
60 85.62
60.799999 85.56
61.5 85.51
62.200001 85.42
63 85.35
64 85.29
65 85.20
66 85.09
67 85.01
68 84.95
69 84.83
70 84.74
71 84.74
72 84.59
73 84.43
74 84.45
75 84.39
76.199997 84.21
77.5 84.10
78.800003 84.06
80 83.82
81.199997 83.75
82.5 83.78
83.800003 83.58
85 83.74
86.199997 83.62
87.5 83.52
88.5 83.48
90 83.39
91.199997 83.37
92.5 83.34
93.800003 83.33
95 83.12
96.199997 83.22
97.5 83.07
98.800003 82.90
100 82.89
101.5 82.77
103 82.73
104.400002 82.61
106 82.54
107.5 82.44
109 82.35
110.599998 82.29
112 82.23
113.800003 82.14
115 82.08
117.199997 81.91
118 81.89
120.599998 81.81
122 81.63
124.099998 81.64
125 81.58
126.5 81.50
128 81.47
131.5 81.37
132 81.34
134 81.25
136 81.20
138 81.13
140 81.06
143 80.94
145 80.86
147.5 80.78
150 80.67
152.5 80.59
155 80.53
157.5 80.41
160 80.36
162.5 80.31
165 80.18
167.5 80.18
170 80.10
172.5 80.05
175 80.00
177.5 79.89
180 79.86
182.5 79.78
185 79.70
187.5 79.65
190 79.55
192.5 79.51
195 79.48
197.5 79.35
200 79.30
203 79.23
206 79.16
209 79.09
212 79.00
214 78.97
218 78.91
220 78.81
224 78.77
227 78.70
230 78.63
233 78.59
236 78.55
240 78.47
243 78.42
247 78.37
250 78.32
254 78.25
258 78.20
262 78.14
265 78.11
269 78.04
272 78.00
276 77.95
280 77.90
285 77.83
290 77.77
295 77.72
300 77.67
304 77.61
307 77.57
311 77.54
315 77.48
320 77.44
325 77.38
330 77.35
335 77.31
340 77.25
345 77.21
350 77.19
355 77.14
360 77.11
365 77.07
370 77.05
375 77.01
382 76.97
387 76.94
395 76.90
400 76.88
406 76.85
412 76.81
418 76.79
425 76.76
431 76.74
437 76.72
444 76.70
450 76.68
455 76.66
462 76.63
468 76.62
475 76.59
482 76.58
487 76.57
494 76.59
500 76.54
508 76.53
515 76.52
522 76.51
530 76.50
538 76.48
545 76.48
552 76.47
560 76.46
570 76.47
580 76.46
590 76.47
600 76.49
608 76.48
615 76.50
622 76.50
630 76.51
640 76.52
650 76.55
660 76.57
670 76.59
680 76.62
690 76.67
700 76.72
710 76.78
720 76.78
730 76.64
740 76.56
750 76.61
762 76.70
775 76.78
788 76.86
800 76.94
812 77.00
825 77.05
838 77.06
850 77.12
862 77.23
875 77.34
885 77.43
900 77.56
912 77.66
925 77.77
938 77.89
950 78.00
962 78.11
975 78.23
988 78.36
1000 78.47
1015 78.63
1030 78.78
1044 78.92
1060 79.09
1075 79.25
1090 79.40
1106 79.56
1120 79.71
1138 79.89
1150 80.02
1172 80.24
1180 80.32
1206 80.57
1220 80.71
1241 80.90
1250 80.98
1265 81.12
1280 81.26
1315 81.58
1320 81.62
1340 81.80
1360 81.99
1380 82.18
1400 82.36
1430 82.63
1450 82.82
1475 83.05
1500 83.28
1525 83.51
1550 83.75
1575 83.99
1600 84.23
1625 84.48
1650 84.74
1675 85.00
1700 85.26
1725 85.53
1750 85.82
1775 86.10
1800 86.39
1825 86.69
1850 87.00
1875 87.31
1900 87.62
1925 87.94
1950 88.27
1975 88.59
2000 88.93
2030 89.33
2060 89.73
2090 90.12
2120 90.51
2140 90.76
2180 91.25
2200 91.48
2240 91.90
2270 92.17
2300 92.39
2330 92.56
2360 92.68
2400 92.74
2430 92.74
2470 92.68
2500 92.62
2540 92.53
2580 92.42
2620 92.25
2650 92.10
2690 91.86
2720 91.66
2760 91.38
2800 91.10
2850 90.76
2900 90.44
2950 90.14
3000 89.87
3040 89.68
3070 89.54
3110 89.38
3150 89.23
3200 89.07
3250 88.93
3300 88.82
3350 88.72
3400 88.64
3450 88.58
3500 88.56
3550 88.58
3600 88.65
3650 88.76
3700 88.90
3750 89.08
3820 89.38
3870 89.64
3950 90.12
4000 90.47
4060 90.92
4120 91.42
4180 91.94
4250 92.58
4310 93.12
4370 93.62
4440 94.09
4500 94.32
4550 94.36
4620 94.15
4680 93.73
4750 93.04
4820 92.20
4870 91.56
4940 90.66
5000 89.89
5080 88.93
5150 88.14
5220 87.41
5300 86.65
5380 85.95
5450 85.40
5520 84.90
5600 84.39
5700 83.81
5800 83.31
5900 83.06
6000 82.80
6080 82.61
6150 82.48
6220 82.39
6300 82.33
6400 82.31
6500 82.38
6600 82.53
6700 82.76
6800 83.08
6900 83.48
7000 83.98
7100 84.59
7200 85.31
7300 86.15
7400 87.11
7500 88.15
7620 89.41
7750 90.49
7880 90.88
8000 90.40
8120 89.32
8250 87.88
8380 86.49
8500 85.33
8620 84.33
8750 83.45
8850 82.88
9000 82.22
9120 81.84
9250 81.58
9380 81.46
9500 81.50
9620 81.67
9750 82.00
9880 82.50
10000 83.09
10150 83.92
10300 84.59
10440 84.74
10600 84.00
10750 82.54
10900 80.77
11060 78.90
11200 77.42
11380 75.70
11500 74.67
11720 73.01
11800 72.52
12060 71.05
12200 70.38
12410 69.60
12500 69.36
12650 69.12
12800 69.03
13150 69.32
13200 69.42
13400 69.99
13600 70.83
13800 71.89
14000 73.09
14300 74.29
14500 73.94
14750 72.13
15000 69.37
15250 65.97
15500 62.47
15750 59.63
16000 57.85
16250 57.33
16500 56.62
16750 56.28
17000 56.51
17250 56.23
17500 55.19
17750 53.00
18000 50.37
18250 47.68
18500 45.07
18750 45.38
19000 50.42
19250 53.79
19500 54.87
19750 54.81
