2.2 48.08
2.24 48.11
2.27 48.13
2.3 48.16
2.33 48.18
2.36 48.21
2.4 48.24
2.43 48.26
2.47 48.29
2.5 48.32
2.54 48.35
2.58 48.38
2.62 48.42
2.65 48.44
2.69 48.47
2.72 48.50
2.76 48.53
2.8 48.58
2.85 48.64
2.9 48.73
2.95 48.84
3 48.96
3.04 49.07
3.07 49.16
3.11 49.28
3.15 49.41
3.2 49.60
3.25 49.80
3.3 50.02
3.35 50.26
3.4 50.52
3.45 50.81
3.5 51.10
3.55 51.41
3.6 51.73
3.65 52.06
3.7 52.39
3.75 52.76
3.82 53.29
3.87 53.68
3.95 54.27
4 54.61
4.06 54.99
4.12 55.34
4.18 55.67
4.25 56.02
4.31 56.29
4.37 56.51
4.44 56.72
4.5 56.85
4.55 56.93
4.62 57.00
4.68 57.03
4.75 57.02
4.82 56.93
4.87 56.80
4.94 56.57
5 56.38
5.08 56.22
5.15 56.23
5.22 56.37
5.3 56.62
5.38 56.97
5.45 57.34
5.52 57.76
5.6 58.37
5.7 59.26
5.8 60.14
5.9 60.88
6 61.52
6.08 61.99
6.15 62.37
6.22 62.73
6.3 63.10
6.4 63.52
6.5 63.89
6.6 64.22
6.7 64.51
6.8 64.75
6.9 64.95
7 65.11
7.1 65.23
7.2 65.31
7.3 65.34
7.4 65.34
7.5 65.29
7.62 65.18
7.75 65.00
7.88 64.75
8 64.48
8.12 64.17
8.25 63.79
8.38 63.39
8.5 63.04
8.62 62.69
8.75 62.32
8.85 62.07
9 61.73
9.12 61.46
9.25 61.14
9.38 60.81
9.5 60.47
9.62 60.08
9.75 59.62
9.88 59.11
10 58.61
10.15 57.94
10.3 57.28
10.44 56.65
10.6 56.00
10.75 55.52
10.9 55.13
11.06 54.77
11.2 54.54
11.38 54.16
11.5 53.82
11.72 53.03
11.8 52.65
12.06 51.14
12.2 50.12
12.41 48.50
12.5 48.02
12.65 47.47
12.8 47.16
13.15 47.47
13.2 47.48
13.4 47.31
13.6 47.11
13.8 46.93
14 46.98
14.3 47.49
14.5 48.02
14.75 48.70
15 49.27
15.25 49.58
15.5 49.92
15.75 50.50
16 51.72
16.25 53.15
16.5 54.57
16.75 55.66
17 56.39
17.25 56.76
17.5 56.77
17.75 56.44
18 55.83
18.25 55.00
18.5 54.19
18.75 53.51
19 53.06
19.25 52.66
19.5 52.27
19.75 51.86
20 51.57
20.299999 51.45
20.6 51.56
20.9 51.75
21.200001 51.86
21.4 51.86
21.799999 51.65
22 51.47
22.4 51.06
22.700001 50.87
23 50.91
23.299999 51.19
23.6 51.65
24 52.41
24.299999 52.97
24.700001 53.59
25 53.93
25.4 54.26
25.799999 54.52
26.200001 54.78
26.5 55.01
26.9 55.38
27.200001 55.70
27.6 56.15
28 56.59
28.5 57.06
29 57.40
29.5 57.70
30 58.03
30.4 58.34
30.700001 58.59
31.1 58.91
31.5 59.22
32 59.59
32.5 59.95
33 60.29
33.5 60.58
34 60.82
34.5 61.04
35 61.30
35.5 61.58
36 61.88
36.5 62.15
37 62.40
37.5 62.66
38.200001 63.06
38.700001 63.36
39.5 63.80
40 64.04
40.599998 64.33
41.200001 64.64
41.799999 64.93
42.5 65.20
43.099998 65.41
43.700001 65.66
44.400002 66.04
45 66.35
45.5 66.57
46.200001 66.83
46.799999 67.04
47.5 67.32
48.200001 67.60
48.700001 67.81
49.400002 68.08
50 68.32
50.799999 68.63
51.5 68.90
52.200001 69.16
53 69.41
53.799999 69.64
54.5 69.90
55.200001 70.15
56 70.29
57 70.34
58 70.69
59 71.34
60 71.88
60.799999 72.04
61.5 72.11
62.200001 72.25
63 72.46
64 72.69
65 72.94
66 73.19
67 73.42
68 73.66
69 73.87
70 74.07
71 74.30
72 74.52
73 74.73
74 74.93
75 75.11
76.199997 75.33
77.5 75.57
78.800003 75.80
80 76.01
81.199997 76.21
82.5 76.42
83.800003 76.62
85 76.80
86.199997 76.97
87.5 77.16
88.5 77.30
90 77.52
91.199997 77.68
92.5 77.86
93.800003 78.04
95 78.21
96.199997 78.37
97.5 78.54
98.800003 78.70
100 78.85
101.5 79.04
103 79.22
104.400002 79.39
106 79.57
107.5 79.74
109 79.91
110.599998 80.09
112 80.24
113.800003 80.44
115 80.56
117.199997 80.78
118 80.86
120.599998 81.10
122 81.23
124.099998 81.41
125 81.49
126.5 81.61
128 81.73
131.5 82.00
132 82.03
134 82.18
136 82.32
138 82.45
140 82.58
143 82.75
145 82.86
147.5 82.99
150 83.11
152.5 83.23
155 83.34
157.5 83.44
160 83.53
162.5 83.62
165 83.71
167.5 83.79
170 83.87
172.5 83.95
175 84.03
177.5 84.10
180 84.17
182.5 84.24
185 84.30
187.5 84.37
190 84.43
192.5 84.50
195 84.56
197.5 84.62
200 84.67
203 84.73
206 84.77
209 84.81
212 84.85
214 84.87
218 84.89
220 84.89
224 84.89
227 84.87
230 84.85
233 84.81
236 84.77
240 84.70
243 84.63
247 84.53
250 84.44
254 84.31
258 84.17
262 84.03
265 83.91
269 83.76
272 83.63
276 83.47
280 83.31
285 83.09
290 82.88
295 82.67
300 82.47
304 82.30
307 82.18
311 82.02
315 81.86
320 81.67
325 81.48
330 81.31
335 81.14
340 80.98
345 80.83
350 80.69
355 80.55
360 80.41
365 80.29
370 80.17
375 80.05
382 79.90
387 79.80
395 79.65
400 79.56
406 79.46
412 79.37
418 79.28
425 79.19
431 79.11
437 79.03
444 78.96
450 78.90
455 78.86
462 78.80
468 78.76
475 78.72
482 78.68
487 78.65
494 78.62
500 78.59
508 78.57
515 78.55
522 78.53
530 78.51
538 78.50
545 78.49
552 78.48
560 78.48
570 78.48
580 78.48
590 78.49
600 78.51
608 78.52
615 78.54
622 78.56
630 78.59
640 78.63
650 78.67
660 78.70
670 78.73
680 78.77
690 78.81
700 78.85
710 78.89
720 78.93
730 78.96
740 78.99
750 79.03
762 79.07
775 79.10
788 79.15
800 79.18
812 79.21
825 79.24
838 79.27
850 79.29
862 79.31
875 79.31
885 79.32
900 79.32
912 79.33
925 79.33
938 79.32
950 79.31
962 79.29
975 79.27
988 79.25
1000 79.24
1015 79.23
1030 79.22
1044 79.22
1060 79.20
1075 79.19
1090 79.19
1106 79.22
1120 79.27
1138 79.34
1150 79.41
1172 79.55
1180 79.61
1206 79.93
1220 80.18
1241 80.60
1250 80.78
1265 81.10
1280 81.47
1315 82.60
1320 82.78
1340 83.51
1360 84.24
1380 85.00
1400 85.81
1430 87.12
1450 87.99
1475 89.07
1500 90.21
1525 91.29
1550 92.32
1575 93.35
1600 94.36
1625 95.36
1650 96.36
1675 97.33
1700 98.23
1725 99.04
1750 99.78
1775 100.48
1800 101.09
1825 101.64
1850 102.12
1875 102.52
1900 102.85
1925 103.11
1950 103.35
1975 103.57
2000 103.75
2030 103.91
2060 104.07
2090 104.23
2120 104.37
2140 104.46
2180 104.61
2200 104.68
2240 104.81
2270 104.94
2300 105.09
2330 105.20
2360 105.29
2400 105.37
2430 105.40
2470 105.40
2500 105.39
2540 105.37
2580 105.34
2620 105.29
2650 105.26
2690 105.20
2720 105.15
2760 105.00
2800 104.64
2850 103.89
2900 103.17
2950 102.59
3000 102.14
3040 101.93
3070 101.83
3110 101.72
3150 101.60
3200 101.45
3250 101.31
3300 101.17
3350 101.02
3400 100.88
3450 100.77
3500 100.69
3550 100.63
3600 100.57
3650 100.51
3700 100.49
3750 100.49
3820 100.54
3870 100.59
3950 100.70
4000 100.79
4060 100.91
4120 100.99
4180 101.07
4250 101.18
4310 101.25
4370 101.30
4440 101.34
4500 101.32
4550 101.26
4620 101.12
4680 100.97
4750 100.70
4820 100.31
4870 99.97
4940 99.39
5000 98.81
5080 97.95
5150 97.12
5220 96.25
5300 95.27
5380 94.42
5450 93.98
5520 93.98
5600 94.59
5700 95.93
5800 97.28
5900 98.20
6000 98.56
6080 98.55
6150 98.40
6220 98.21
6300 97.98
6400 97.75
6500 97.64
6600 97.66
6700 97.83
6800 98.09
6900 98.39
7000 98.64
7100 98.75
7200 98.62
7300 98.20
7400 97.50
7500 96.57
7620 95.22
7750 93.70
7880 92.48
8000 91.74
8120 91.20
8250 90.59
8380 89.80
8500 88.86
8620 87.76
8750 86.55
8850 85.71
9000 84.68
9120 83.98
9250 83.29
9380 82.65
9500 82.04
9620 81.38
9750 80.59
9880 79.75
10000 78.94
10150 77.94
10300 77.09
10440 76.84
10600 77.26
10750 77.49
10900 77.58
11060 78.11
11200 79.16
11380 80.68
11500 81.57
11720 82.91
11800 83.26
12060 83.20
12200 82.22
12410 79.93
12500 78.89
12650 77.36
12800 76.24
13150 76.20
13200 76.43
13400 77.38
13600 77.97
13800 78.00
14000 77.25
14300 75.25
14500 74.03
14750 72.32
15000 70.18
15250 69.20
15500 70.13
15750 70.61
16000 68.33
16250 61.76
16500 51.76
16750 40.51
17000 33.83
17250 33.11
17500 33.22
17750 33.35
18000 33.55
18250 33.78
18500 34.07
18750 34.32
19000 34.46
19250 34.56
19500 34.70
19750 34.95
20000 35.15
