1.000000	57.692
1.015000	57.748
1.030000	57.809
1.044000	57.870
1.060000	57.944
1.075000	58.018
1.090000	58.098
1.106000	58.189
1.120000	58.273
1.138000	58.388
1.150000	58.468
1.172000	58.623
1.180000	58.681
1.206000	58.879
1.220000	58.989
1.241000	59.161
1.250000	59.236
1.265000	59.364
1.280000	59.494
1.315000	59.806
1.320000	59.852
1.340000	60.035
1.360000	60.221
1.380000	60.408
1.400000	60.597
1.430000	60.880
1.450000	61.069
1.475000	61.305
1.500000	61.547
1.525000	61.795
1.550000	62.049
1.575000	62.308
1.600000	62.570
1.625000	62.835
1.650000	63.103
1.675000	63.371
1.700000	63.640
1.725000	63.908
1.750000	64.174
1.775000	64.438
1.800000	64.697
1.825000	64.954
1.850000	65.207
1.875000	65.458
1.900000	65.709
1.925000	65.960
1.950000	66.209
1.975000	66.457
2.000000	66.705
2.030000	66.999
2.060000	67.292
2.090000	67.582
2.120000	67.869
2.140000	68.059
2.180000	68.434
2.200000	68.619
2.240000	68.986
2.270000	69.257
2.300000	69.526
2.330000	69.792
2.360000	70.055
2.400000	70.403
2.430000	70.660
2.470000	71.000
2.500000	71.251
2.540000	71.583
2.580000	71.910
2.620000	72.231
2.650000	72.470
2.690000	72.784
2.720000	73.016
2.760000	73.322
2.800000	73.624
2.850000	73.998
2.900000	74.365
2.950000	74.728
3.000000	75.085
3.040000	75.367
3.070000	75.575
3.110000	75.851
3.150000	76.123
3.200000	76.459
3.250000	76.791
3.300000	77.118
3.350000	77.442
3.400000	77.762
3.450000	78.077
3.500000	78.387
3.550000	78.693
3.600000	78.995
3.650000	79.293
3.700000	79.586
3.750000	79.875
3.820000	80.273
3.870000	80.551
3.950000	80.987
4.000000	81.253
4.060000	81.566
4.120000	81.872
4.180000	82.172
4.250000	82.513
4.310000	82.796
4.370000	83.073
4.440000	83.386
4.500000	83.647
4.550000	83.858
4.620000	84.145
4.680000	84.384
4.750000	84.653
4.820000	84.910
4.870000	85.088
4.940000	85.328
5.000000	85.526
5.080000	85.779
5.150000	85.990
5.220000	86.190
5.300000	86.407
5.380000	86.614
5.450000	86.788
5.520000	86.957
5.600000	87.139
5.700000	87.357
5.800000	87.572
5.900000	87.791
6.000000	88.010
6.080000	88.188
6.150000	88.350
6.220000	88.523
6.300000	88.730
6.400000	89.004
6.500000	89.292
6.600000	89.594
6.700000	89.912
6.800000	90.241
6.900000	90.574
7.000000	90.904
7.100000	91.234
7.200000	91.562
7.300000	91.880
7.400000	92.186
7.500000	92.482
7.620000	92.822
7.750000	93.166
7.880000	93.489
8.000000	93.766
8.120000	94.023
8.250000	94.280
8.380000	94.517
8.500000	94.719
8.620000	94.905
8.750000	95.094
8.850000	95.231
9.000000	95.425
9.120000	95.575
9.250000	95.733
9.380000	95.888
9.500000	96.031
9.620000	96.175
9.750000	96.333
9.880000	96.492
10.000000	96.639
10.150000	96.825
10.300000	97.010
10.440000	97.180
10.600000	97.373
10.750000	97.549
10.900000	97.720
11.060000	97.898
11.200000	98.049
11.380000	98.237
11.500000	98.359
11.720000	98.577
11.800000	98.655
12.060000	98.898
12.200000	99.026
12.410000	99.210
12.500000	99.286
12.650000	99.410
12.800000	99.529
13.150000	99.788
13.200000	99.824
13.400000	99.960
13.600000	100.093
13.800000	100.221
14.000000	100.348
14.300000	100.537
14.500000	100.663
14.750000	100.820
15.000000	100.972
15.250000	101.119
15.500000	101.258
15.750000	101.389
16.000000	101.513
16.250000	101.632
16.500000	101.749
16.750000	101.864
17.000000	101.981
17.250000	102.098
17.500000	102.215
17.750000	102.330
18.000000	102.441
18.250000	102.547
18.500000	102.645
18.750000	102.739
19.000000	102.829
19.250000	102.917
19.500000	103.004
19.750000	103.090
20.000000	103.175
20.299999	103.277
20.600000	103.376
20.900000	103.471
21.200001	103.561
21.400000	103.618
21.799999	103.726
22.000000	103.779
22.400000	103.882
22.700001	103.956
23.000000	104.029
23.299999	104.099
23.600000	104.167
24.000000	104.255
24.299999	104.318
24.700001	104.401
25.000000	104.463
25.400000	104.543
25.799999	104.620
26.200001	104.694
26.500000	104.746
26.900000	104.814
27.200001	104.863
27.600000	104.926
28.000000	104.989
28.500000	105.062
29.000000	105.132
29.500000	105.196
30.000000	105.255
30.400000	105.299
30.700001	105.331
31.100000	105.373
31.500000	105.413
32.000000	105.460
32.500000	105.507
33.000000	105.552
33.500000	105.598
34.000000	105.644
34.500000	105.687
35.000000	105.727
35.500000	105.764
36.000000	105.800
36.500000	105.832
37.000000	105.863
37.500000	105.892
38.200001	105.926
38.700001	105.950
39.500000	105.984
40.000000	106.004
40.599998	106.026
41.200001	106.047
41.799999	106.066
42.500000	106.086
43.099998	106.103
43.700001	106.118
44.400002	106.133
45.000000	106.144
45.500000	106.154
46.200001	106.163
46.799999	106.169
47.500000	106.174
48.200001	106.178
48.700001	106.180
49.400002	106.181
50.000000	106.180
50.799999	106.181
51.500000	106.181
52.200001	106.180
53.000000	106.177
53.799999	106.171
54.500000	106.165
55.200001	106.156
56.000000	106.146
57.000000	106.132
58.000000	106.114
59.000000	106.096
60.000000	106.078
60.799999	106.062
61.500000	106.047
62.200001	106.033
63.000000	106.014
64.000000	105.987
65.000000	105.960
66.000000	105.935
67.000000	105.907
68.000000	105.877
69.000000	105.846
70.000000	105.816
71.000000	105.782
72.000000	105.749
73.000000	105.715
74.000000	105.680
75.000000	105.644
76.199997	105.601
77.500000	105.553
78.800003	105.503
80.000000	105.456
81.199997	105.406
82.500000	105.353
83.800003	105.298
85.000000	105.245
86.199997	105.194
87.500000	105.136
88.500000	105.090
90.000000	105.021
91.199997	104.963
92.500000	104.898
93.800003	104.832
95.000000	104.767
96.199997	104.697
97.500000	104.620
98.800003	104.540
100.000000	104.463
101.500000	104.358
103.000000	104.243
104.400002	104.137
106.000000	104.025
107.500000	103.953
109.000000	103.956
110.599998	104.031
112.000000	104.117
113.800003	104.191
115.000000	104.206
117.199997	104.177
118.000000	104.154
120.599998	104.061
122.000000	104.005
124.099998	103.919
125.000000	103.881
126.500000	103.816
128.000000	103.750
131.500000	103.596
132.000000	103.574
134.000000	103.487
136.000000	103.402
138.000000	103.316
140.000000	103.231
143.000000	103.102
145.000000	103.017
147.500000	102.911
150.000000	102.804
152.500000	102.699
155.000000	102.593
157.500000	102.487
160.000000	102.385
162.500000	102.287
165.000000	102.193
167.500000	102.106
170.000000	102.028
172.500000	101.959
175.000000	101.900
177.500000	101.847
180.000000	101.799
182.500000	101.748
185.000000	101.695
187.500000	101.642
190.000000	101.588
192.500000	101.535
195.000000	101.483
197.500000	101.427
200.000000	101.366
203.000000	101.285
206.000000	101.198
209.000000	101.111
212.000000	101.025
214.000000	100.968
218.000000	100.854
220.000000	100.797
224.000000	100.684
227.000000	100.603
230.000000	100.524
233.000000	100.446
236.000000	100.368
240.000000	100.264
243.000000	100.187
247.000000	100.084
250.000000	100.007
254.000000	99.909
258.000000	99.811
262.000000	99.713
265.000000	99.641
269.000000	99.547
272.000000	99.477
276.000000	99.386
280.000000	99.296
285.000000	99.185
290.000000	99.078
295.000000	98.972
300.000000	98.869
304.000000	98.786
307.000000	98.725
311.000000	98.645
315.000000	98.567
320.000000	98.472
325.000000	98.377
330.000000	98.286
335.000000	98.196
340.000000	98.106
345.000000	98.019
350.000000	97.934
355.000000	97.850
360.000000	97.767
365.000000	97.688
370.000000	97.609
375.000000	97.531
382.000000	97.425
387.000000	97.351
395.000000	97.236
400.000000	97.166
406.000000	97.083
412.000000	97.001
418.000000	96.921
425.000000	96.829
431.000000	96.752
437.000000	96.678
444.000000	96.594
450.000000	96.523
455.000000	96.465
462.000000	96.385
468.000000	96.318
475.000000	96.242
482.000000	96.167
487.000000	96.115
494.000000	96.044
500.000000	95.984
508.000000	95.907
515.000000	95.840
522.000000	95.775
530.000000	95.703
538.000000	95.632
545.000000	95.572
552.000000	95.514
560.000000	95.448
570.000000	95.368
580.000000	95.291
590.000000	95.216
600.000000	95.144
608.000000	95.087
615.000000	95.038
622.000000	94.990
630.000000	94.936
640.000000	94.870
650.000000	94.803
660.000000	94.737
670.000000	94.669
680.000000	94.597
690.000000	94.519
700.000000	94.428
710.000000	94.320
720.000000	94.202
730.000000	94.134
740.000000	94.234
750.000000	94.460
762.000000	94.611
775.000000	94.636
788.000000	94.717
800.000000	94.787
812.000000	94.787
825.000000	94.754
838.000000	94.723
850.000000	94.703
862.000000	94.691
875.000000	94.683
885.000000	94.680
900.000000	94.677
912.000000	94.674
925.000000	94.673
938.000000	94.673
950.000000	94.678
962.000000	94.694
975.000000	94.727
988.000000	94.781
1000.000000	94.847
1015.000000	94.952
1030.000000	95.077
1044.000000	95.210
1060.000000	95.385
1075.000000	95.565
1090.000000	95.754
1106.000000	95.954
1120.000000	96.123
1138.000000	96.328
1150.000000	96.457
1172.000000	96.680
1180.000000	96.758
1206.000000	97.005
1220.000000	97.132
1241.000000	97.314
1250.000000	97.388
1265.000000	97.503
1280.000000	97.611
1315.000000	97.828
1320.000000	97.855
1340.000000	97.960
1360.000000	98.056
1380.000000	98.148
1400.000000	98.236
1430.000000	98.362
1450.000000	98.446
1475.000000	98.553
1500.000000	98.662
1525.000000	98.778
1550.000000	98.899
1575.000000	99.025
1600.000000	99.153
1625.000000	99.282
1650.000000	99.412
1675.000000	99.543
1700.000000	99.678
1725.000000	99.815
1750.000000	99.956
1775.000000	100.100
1800.000000	100.245
1825.000000	100.394
1850.000000	100.545
1875.000000	100.698
1900.000000	100.853
1925.000000	101.011
1950.000000	101.169
1975.000000	101.329
2000.000000	101.490
2030.000000	101.685
2060.000000	101.882
2090.000000	102.078
2120.000000	102.273
2140.000000	102.401
2180.000000	102.658
2200.000000	102.784
2240.000000	103.030
2270.000000	103.209
2300.000000	103.383
2330.000000	103.550
2360.000000	103.709
2400.000000	103.908
2430.000000	104.046
2470.000000	104.211
2500.000000	104.322
2540.000000	104.448
2580.000000	104.550
2620.000000	104.626
2650.000000	104.667
2690.000000	104.700
2720.000000	104.709
2760.000000	104.708
2800.000000	104.697
2850.000000	104.681
2900.000000	104.680
2950.000000	104.703
3000.000000	104.741
3040.000000	104.764
3070.000000	104.767
3110.000000	104.746
3150.000000	104.697
3200.000000	104.601
3250.000000	104.471
3300.000000	104.316
3350.000000	104.140
3400.000000	103.953
3450.000000	103.760
3500.000000	103.565
3550.000000	103.368
3600.000000	103.169
3650.000000	102.971
3700.000000	102.770
3750.000000	102.567
3820.000000	102.276
3870.000000	102.062
3950.000000	101.710
4000.000000	101.488
4060.000000	101.218
4120.000000	100.948
4180.000000	100.674
4250.000000	100.350
4310.000000	100.068
4370.000000	99.781
4440.000000	99.439
4500.000000	99.141
4550.000000	98.889
4620.000000	98.535
4680.000000	98.233
4750.000000	97.880
4820.000000	97.527
4870.000000	97.275
4940.000000	96.921
5000.000000	96.620
5080.000000	96.227
5150.000000	95.891
5220.000000	95.567
5300.000000	95.213
5380.000000	94.877
5450.000000	94.599
5520.000000	94.335
5600.000000	94.053
5700.000000	93.728
5800.000000	93.438
5900.000000	93.181
6000.000000	92.959
6080.000000	92.809
6150.000000	92.697
6220.000000	92.605
6300.000000	92.523
6400.000000	92.459
6500.000000	92.440
6600.000000	92.468
6700.000000	92.547
6800.000000	92.680
6900.000000	92.874
7000.000000	93.132
7100.000000	93.463
7200.000000	93.867
7300.000000	94.347
7400.000000	94.905
7500.000000	95.545
7620.000000	96.407
7750.000000	97.400
7880.000000	98.316
8000.000000	98.892
8120.000000	99.011
8250.000000	98.513
8380.000000	97.433
8500.000000	96.108
8620.000000	94.660
8750.000000	93.111
8850.000000	91.987
9000.000000	90.459
9120.000000	89.382
9250.000000	88.348
9380.000000	87.418
9500.000000	86.638
9620.000000	85.930
9750.000000	85.236
9880.000000	84.617
10000.000000	84.105
10150.000000	83.541
10300.000000	83.058
10440.000000	82.673
10600.000000	82.314
10750.000000	82.049
10900.000000	81.853
11060.000000	81.720
11200.000000	81.668
11380.000000	81.691
11500.000000	81.765
11720.000000	82.026
11800.000000	82.165
12060.000000	82.796
12200.000000	83.262
12410.000000	84.160
12500.000000	84.631
12650.000000	85.553
12800.000000	86.681
13150.000000	90.379
13200.000000	91.032
13400.000000	93.766
13600.000000	95.982
13800.000000	96.669
14000.000000	95.543
14300.000000	92.037
14500.000000	89.736
14750.000000	87.543
15000.000000	86.088
15250.000000	85.214
15500.000000	84.832
15750.000000	84.919
16000.000000	85.475
16250.000000	86.450
16500.000000	87.567
16750.000000	88.194
17000.000000	87.668
17250.000000	85.885
17500.000000	83.355
17750.000000	80.703
18000.000000	78.302
18250.000000	76.254
18500.000000	74.538
18750.000000	73.106
19000.000000	71.918
19250.000000	70.931
19500.000000	70.092
19750.000000	69.390
20000.000000	68.965
