20 90.56
20.2909066988 90.59
20.5860447329 90.62
20.8854756485 90.64
21.1892618872 90.66
21.4974667984 90.67
21.8101546533 90.68
22.1273906578 90.68
22.4492409662 90.67
22.7757726951 90.66
23.1070539374 90.64
23.4431537764 90.62
23.7841423001 90.61
24.130090616 90.60
24.4810708661 90.59
24.8371562415 90.59
25.1984209979 90.60
25.5649404712 90.61
25.936791093 90.63
26.3140504067 90.65
26.6967970834 90.68
27.0851109387 90.71
27.4790729492 90.74
27.878765269 90.77
28.2842712475 90.79
28.6956754462 90.81
29.1130636568 90.83
29.5365229188 90.83
29.9661415375 90.83
30.402009103 90.82
30.8442165082 90.81
31.2928559682 90.79
31.7480210394 90.77
32.209806639 90.75
32.6783090648 90.73
33.1536260154 90.73
33.6358566101 90.72
34.1251014105 90.72
34.6214624402 90.71
35.1250432075 90.71
35.6359487256 90.71
36.1542855356 90.72
36.6801617282 90.73
37.2136869661 90.74
37.7549725073 90.73
38.3041312279 90.72
38.8612776461 90.71
39.4265279456 90.70
40 90.69
40.5818133975 90.66
41.1720894657 90.64
41.7709512971 90.63
42.3785237744 90.62
42.9949335968 90.62
43.6203093066 90.62
44.2547813156 90.60
44.8984819324 90.57
45.5515453903 90.57
46.2141078749 90.58
46.8863075528 90.54
47.5682846001 90.52
48.260181232 90.53
48.9621417322 90.50
49.6743124829 90.44
50.3968419958 90.43
51.1298809424 90.43
51.873582186 90.39
52.6281008133 90.40
53.3935941668 90.41
54.1702218775 90.36
54.9581458983 90.32
55.757530538 90.34
56.5685424949 90.27
57.3913508924 90.23
58.2261273137 90.25
59.0730458376 90.24
59.9322830751 90.15
60.804018206 90.14
61.6884330163 90.15
62.5857119363 90.11
63.4960420787 90.09
64.419613278 90.07
65.3566181296 90.02
66.3072520307 89.96
67.2717132203 89.93
68.2502028209 89.92
69.2429248805 89.89
70.2500864149 89.84
71.2718974512 89.82
72.3085710713 89.78
73.3603234564 89.71
74.4273739322 89.70
75.5099450145 89.68
76.6082624559 89.61
77.7225552923 89.57
78.8530558912 89.60
80 89.55
81.163626795 89.49
82.3441789315 89.46
83.5419025942 89.43
84.7570475487 89.38
85.9898671937 89.34
87.2406186132 89.28
88.5095626311 89.25
89.7969638648 89.20
91.1030907805 89.14
92.4282157498 89.09
93.7726151055 89.03
95.1365692002 89.00
96.520362464 88.97
97.9242834644 88.90
99.3486249659 88.84
100.7936839916 88.82
102.2597618848 88.80
103.7471643721 88.77
105.2562016267 88.68
106.7871883336 88.58
108.340443755 88.49
109.9162917966 88.45
111.5150610759 88.45
113.1370849898 88.41
114.7827017849 88.40
116.4522546274 88.32
118.1460916752 88.23
119.8645661501 88.16
121.6080364119 88.08
123.3768660326 88.04
125.1714238726 87.99
126.9920841575 87.92
128.8392265559 87.84
130.7132362593 87.78
132.6145040614 87.72
134.5434264406 87.66
136.5004056418 87.58
138.485849761 87.53
140.5001728299 87.47
142.5437949025 87.42
144.6171421426 87.33
146.7206469127 87.28
148.8547478643 87.21
151.0198900291 87.15
153.2165249118 87.09
155.4451105846 87.01
157.7061117824 86.93
160 86.89
162.32725359 86.83
164.688357863 86.71
167.0838051884 86.70
169.5140950975 86.60
171.9797343873 86.50
174.4812372264 86.47
177.0191252622 86.38
179.5939277295 86.24
182.2061815611 86.16
184.8564314996 86.14
187.5452302111 86.08
190.2731384004 85.96
193.0407249281 85.89
195.8485669287 85.85
198.6972499318 85.80
201.5873679832 85.75
204.5195237697 85.64
207.4943287442 85.54
210.5124032534 85.48
213.5743766672 85.43
216.6808875099 85.33
219.8325835933 85.20
223.0301221518 85.17
226.2741699797 85.09
229.5654035698 85.01
232.9045092548 84.94
236.2921833503 84.84
239.7291323003 84.77
243.2160728239 84.71
246.7537320653 84.63
250.3428477452 84.56
253.9841683149 84.47
257.6784531119 84.38
261.4264725186 84.34
265.2290081229 84.22
269.0868528812 84.26
273.0008112836 84.15
276.971699522 84.04
281.0003456597 83.96
285.0875898049 83.95
289.2342842852 83.88
293.4412938255 83.77
297.7094957287 83.65
302.0397800581 83.59
306.4330498235 83.53
310.8902211692 83.45
315.4122235649 83.45
320 83.35
324.65450718 83.39
329.3767157259 83.14
334.1676103768 83.10
339.028190195 83.01
343.9594687746 83.02
348.9624744529 82.94
354.0382505244 82.80
359.187855459 82.70
364.4123631221 82.65
369.7128629991 82.65
375.0904604222 82.50
380.5462768009 82.45
386.0814498562 82.40
391.6971338575 82.33
397.3944998635 82.27
403.1747359664 82.20
409.0390475393 82.14
414.9886574883 82.07
421.0248065068 82.02
427.1487533344 81.98
433.3617750198 81.86
439.6651671866 81.78
446.0602443037 81.72
452.5483399594 81.69
459.1308071395 81.67
465.8090185095 81.58
472.5843667007 81.56
479.4582646005 81.49
486.4321456477 81.40
493.5074641306 81.36
500.6856954905 81.31
507.9683366298 81.30
515.3569062238 81.16
522.8529450372 81.03
530.4580162458 81.12
538.1737057624 81.06
546.0016225673 81.02
553.9433990439 80.95
562.0006913195 80.89
570.1751796098 80.82
578.4685685703 80.82
586.882587651 80.79
595.4189914574 80.78
604.0795601163 80.70
612.8660996471 80.61
621.7804423383 80.62
630.8244471297 80.53
640 80.47
649.30901436 80.46
658.7534314519 80.43
668.3352207536 80.39
678.05638039 80.39
687.9189375493 80.37
697.9249489058 80.25
708.0765010489 80.29
718.375710918 80.29
728.8247262443 80.16
739.4257259983 80.17
750.1809208443 80.15
761.0925536018 80.13
772.1628997124 80.21
783.394267715 80.15
794.7889997271 80.14
806.3494719327 80.14
818.0780950787 80.12
829.9773149767 80.16
842.0496130136 80.19
854.2975066688 80.22
866.7235500396 80.18
879.3303343732 80.16
892.1204886074 80.21
905.0966799188 80.27
918.2616142791 80.33
931.618037019 80.48
945.1687334013 80.64
958.9165292011 80.76
972.8642912955 80.96
987.0149282611 81.23
1001.371390981 81.42
1015.9366732597 81.73
1030.7138124476 81.96
1045.7058900743 82.21
1060.9160324916 82.43
1076.3474115248 82.56
1092.0032451345 82.74
1107.8867980879 82.86
1124.0013826389 82.99
1140.3503592197 83.11
1156.9371371406 83.23
1173.765175302 83.33
1190.8379829148 83.44
1208.1591202326 83.55
1225.7321992942 83.64
1243.5608846767 83.75
1261.6488942595 83.86
1280 83.98
1298.6180287201 84.09
1317.5068629037 84.20
1336.6704415071 84.32
1356.1127607799 84.43
1375.8378750985 84.56
1395.8498978116 84.69
1416.1530020977 84.82
1436.751421836 84.95
1457.6494524886 85.07
1478.8514519966 85.22
1500.3618416887 85.35
1522.1851072035 85.50
1544.3257994247 85.64
1566.78853543 85.79
1589.5779994541 85.95
1612.6989438655 86.11
1636.1561901574 86.28
1659.9546299533 86.45
1684.0992260271 86.63
1708.5950133377 86.82
1733.4471000793 87.02
1758.6606687464 87.22
1784.2409772148 87.44
1810.1933598376 87.66
1836.5232285581 87.89
1863.2360740381 88.14
1890.3374668026 88.39
1917.8330584022 88.66
1945.7285825909 88.93
1974.0298565222 89.22
2002.742781962 89.50
2031.8733465194 89.79
2061.4276248951 90.07
2091.4117801487 90.39
2121.8320649832 90.70
2152.6948230496 91.01
2184.0064902691 91.33
2215.7735961758 91.65
2248.0027652779 91.97
2280.7007184393 92.29
2313.8742742813 92.59
2347.530350604 92.89
2381.6759658296 93.16
2416.3182404652 93.41
2451.4643985884 93.63
2487.1217693533 93.82
2523.297788519 93.96
2560.0000000001 94.06
2597.2360574402 94.12
2635.0137258074 94.14
2673.3408830143 94.11
2712.2255215599 94.04
2751.6757501971 93.93
2791.6997956232 93.80
2832.3060041955 93.64
2873.5028436721 93.46
2915.2989049772 93.26
2957.7029039931 93.06
3000.7236833774 92.85
3044.3702144071 92.65
3088.6515988494 92.45
3133.57707086 92.29
3179.1559989082 92.15
3225.397887731 92.06
3272.3123803148 91.99
3319.9092599067 91.92
3368.1984520542 91.85
3417.1900266754 91.77
3466.8942001586 91.70
3517.3213374928 91.65
3568.4819544296 91.62
3620.3867196753 91.62
3673.0464571163 91.65
3726.4721480761 91.70
3780.6749336053 91.78
3835.6661168044 91.88
3891.4571651819 92.00
3948.0597130445 92.12
4005.4855639241 92.25
4063.7466930387 92.35
4122.8552497902 92.43
4182.8235602974 92.46
4243.6641299665 92.40
4305.3896460992 92.24
4368.0129805382 91.97
4431.5471923516 91.60
4496.0055305558 91.15
4561.4014368787 90.74
4627.7485485626 90.38
4695.0607012081 90.19
4763.3519316592 90.16
4832.6364809305 90.28
4902.9287971769 90.48
4974.2435387067 90.66
5046.595577038 90.74
5120.0000000002 90.69
5194.4721148803 90.44
5270.0274516149 90.02
5346.6817660286 89.47
5424.4510431198 88.84
5503.3515003942 88.15
5583.3995912463 87.46
5664.6120083911 86.81
5747.0056873442 86.23
5830.5978099545 85.75
5915.4058079863 85.43
6001.4473667548 85.31
6088.7404288142 85.47
6177.3031976989 85.89
6267.1541417201 86.43
6358.3119978165 86.95
6450.795775462 87.37
6544.6247606297 87.63
6639.8185198134 87.76
6736.3969041085 87.83
6834.3800533509 87.88
6933.7884003172 87.96
7034.6426749857 88.09
7136.9639088592 88.33
7240.7734393506 88.68
7346.0929142326 89.14
7452.9442961523 89.73
7561.3498672106 90.49
7671.3322336089 91.39
7782.9143303638 92.41
7896.119426089 93.46
8010.9711278481 94.30
8127.4933860775 94.55
8245.7104995805 93.95
8365.6471205948 92.64
8487.328259933 91.06
8610.7792921984 89.47
8736.0259610765 88.00
8863.0943847033 86.69
8992.0110611117 85.53
9122.8028737575 84.56
9255.4970971253 83.71
9390.1214024162 83.04
9526.7038633184 82.49
9665.272961861 82.05
9805.8575943538 81.75
9948.4870774134 81.61
10093.191154076 81.58
10240.0000000005 81.70
10388.9442297607 81.98
10540.0549032298 82.47
10693.3635320572 83.16
10848.9020862397 84.12
11006.7030007884 85.37
11166.7991824927 86.90
11329.2240167822 88.55
11494.0113746885 89.75
11661.1956199091 89.09
11830.8116159726 87.49
12002.8947335097 85.20
12177.4808576284 83.02
12354.6063953979 81.17
12534.3082834402 79.53
12716.6239956331 78.20
12901.5915509241 77.45
13089.2495212594 77.00
13279.637039627 76.45
13472.7938082171 75.96
13668.7601067018 75.63
13867.5768006344 75.55
14069.2853499715 75.65
14273.9278177184 75.94
14481.5468787012 76.48
14692.1858284653 77.33
14905.8885923047 78.44
15122.6997344212 79.73
15342.6644672179 80.98
15565.8286607277 81.84
15792.2388521781 81.91
16021.9422556964 81.12
16254.9867721551 80.02
16491.4209991611 79.07
16731.2942411897 78.44
16974.656519866 78.07
17221.5585843969 77.68
17472.0519221531 77.02
17726.1887694067 76.08
17984.0221222235 74.83
18245.605747515 73.65
18510.9941942506 72.61
18780.2428048326 71.69
19053.4077266369 70.77
19330.545923722 69.77
19611.7151887077 68.86
19896.9741548268 68.42
20186.382308152 68.42
