20.000000	71.806
20.290907	71.726
20.586045	71.668
20.885476	71.644
21.189262	71.663
21.497467	71.731
21.810155	71.825
22.127391	71.941
22.449241	72.061
22.775773	72.182
23.107054	72.313
23.443154	72.462
23.784142	72.625
24.130091	72.786
24.481071	72.913
24.837156	72.997
25.198421	73.017
25.564940	73.000
25.936791	72.965
26.314050	72.933
26.696797	72.924
27.085111	72.928
27.479073	72.922
27.878765	72.883
28.284271	72.806
28.695675	72.725
29.113064	72.664
29.536523	72.644
29.966142	72.654
30.402009	72.655
30.844217	72.643
31.292856	72.648
31.748021	72.719
32.209807	72.848
32.678309	72.999
33.153626	73.117
33.635857	73.172
34.125101	73.172
34.621462	73.152
35.125043	73.150
35.635949	73.176
36.154286	73.208
36.680162	73.228
37.213687	73.234
37.754973	73.233
38.304131	73.230
38.861278	73.234
39.426528	73.259
40.000000	73.314
40.581813	73.370
41.172089	73.390
41.770951	73.390
42.378524	73.417
42.994934	73.462
43.620309	73.485
44.254781	73.468
44.898482	73.434
45.551545	73.402
46.214108	73.375
46.886308	73.345
47.568285	73.328
48.260181	73.338
48.962142	73.339
49.674312	73.314
50.396842	73.318
51.129881	73.380
51.873582	73.454
52.628101	73.487
53.393594	73.515
54.170222	73.538
54.958146	73.497
55.757531	73.427
56.568542	73.404
57.391351	73.399
58.226127	73.388
59.073046	73.361
59.932283	73.340
60.804018	73.344
61.688433	73.334
62.585712	73.311
63.496042	73.309
64.419613	73.328
65.356618	73.358
66.307252	73.393
67.271713	73.423
68.250203	73.428
69.242925	73.411
70.250086	73.410
71.271897	73.451
72.308571	73.483
73.360323	73.512
74.427374	73.568
75.509945	73.655
76.608262	73.729
77.722555	73.734
78.853056	73.727
80.000000	73.812
81.163627	73.765
82.344179	73.728
83.541903	73.652
84.757048	73.677
85.989867	73.746
87.240619	73.761
88.509563	73.696
89.796964	73.722
91.103091	73.803
92.428216	73.776
93.772615	73.717
95.136569	73.653
96.520362	73.575
97.924283	73.505
99.348625	73.496
100.793684	73.580
102.259762	73.653
103.747164	73.648
105.256202	73.574
106.787188	73.497
108.340444	73.473
109.916292	73.511
111.515061	73.526
113.137085	73.557
114.782702	73.575
116.452255	73.639
118.146092	73.686
119.864566	73.649
121.608036	73.600
123.376866	73.556
125.171424	73.496
126.992084	73.551
128.839227	73.606
130.713236	73.547
132.614504	73.506
134.543426	73.572
136.500406	73.645
138.485850	73.671
140.500173	73.679
142.543795	73.608
144.617142	73.621
146.720647	73.514
148.854748	73.486
151.019890	73.556
153.216525	73.645
155.445111	73.698
157.706112	73.749
160.000000	73.806
162.327254	73.758
164.688358	73.705
167.083805	73.739
169.514095	73.769
171.979734	73.787
174.481237	73.842
177.019125	73.901
179.593928	73.892
182.206182	73.792
184.856431	73.699
187.545230	73.809
190.273138	73.817
193.040725	73.794
195.848567	73.781
198.697250	73.803
201.587368	73.839
204.519524	73.858
207.494329	73.864
210.512403	73.877
213.574377	73.905
216.680888	73.918
219.832584	73.963
223.030122	73.953
226.274170	73.922
229.565404	73.925
232.904509	73.924
236.292183	73.963
239.729132	74.018
243.216073	74.024
246.753732	74.027
250.342848	74.056
253.984168	74.077
257.678453	74.095
261.426473	74.076
265.229008	74.092
269.086853	74.139
273.000811	74.199
276.971700	74.230
281.000346	74.222
285.087590	74.227
289.234284	74.218
293.441294	74.258
297.709496	74.274
302.039780	74.273
306.433050	74.295
310.890221	74.294
315.412224	74.274
320.000000	74.304
324.654507	74.398
329.376716	74.560
334.167610	74.531
339.028190	74.477
343.959469	74.474
348.962474	74.495
354.038251	74.514
359.187855	74.520
364.412363	74.528
369.712863	74.543
375.090460	74.565
380.546277	74.569
386.081450	74.553
391.697134	74.541
397.394500	74.547
403.174736	74.539
409.039048	74.477
414.988657	74.405
421.024807	74.355
427.148753	74.311
433.361775	74.244
439.665167	74.131
446.060244	74.003
452.548340	73.907
459.130807	73.856
465.809019	73.848
472.584367	73.899
479.458265	74.002
486.432146	74.142
493.507464	74.290
500.685695	74.439
507.968337	74.578
515.356906	74.623
522.852945	74.675
530.458016	74.764
538.173706	74.882
546.001623	74.968
553.943399	75.049
562.000691	75.152
570.175180	75.225
578.468569	75.308
586.882588	75.410
595.418991	75.506
604.079560	75.579
612.866100	75.639
621.780442	75.715
630.824447	75.844
640.000000	75.956
649.309014	76.031
658.753431	76.045
668.335221	76.081
678.056380	76.101
687.918938	76.137
697.924949	76.178
708.076501	76.163
718.375711	76.102
728.824726	76.100
739.425726	76.136
750.180921	76.173
761.092554	76.234
772.162900	76.348
783.394268	76.511
794.789000	76.672
806.349472	76.744
818.078095	76.774
829.977315	76.859
842.049613	76.953
854.297507	76.909
866.723550	76.741
879.330334	76.588
892.120489	76.570
905.096680	76.584
918.261614	76.592
931.618037	76.650
945.168733	76.770
958.916529	76.916
972.864291	77.030
987.014928	77.091
1001.371391	77.191
1015.936673	77.290
1030.713812	77.290
1045.705890	77.338
1060.916032	77.506
1076.347412	77.731
1092.003245	77.904
1107.886798	78.122
1124.001383	78.320
1140.350359	78.460
1156.937137	78.531
1173.765175	78.574
1190.837983	78.623
1208.159120	78.609
1225.732199	78.402
1243.560885	78.410
1261.648894	78.707
1280.000000	78.830
1298.618029	79.001
1317.506863	79.166
1336.670442	79.193
1356.112761	79.159
1375.837875	79.250
1395.849898	79.343
1416.153002	79.225
1436.751422	79.023
1457.649452	78.764
1478.851452	78.518
1500.361842	78.277
1522.185107	77.981
1544.325799	77.548
1566.788535	77.248
1589.577999	77.178
1612.698944	77.306
1636.156190	77.326
1659.954630	77.162
1684.099226	76.987
1708.595013	76.746
1733.447100	76.560
1758.660669	76.509
1784.240977	76.627
1810.193360	76.696
1836.523229	76.722
1863.236074	76.988
1890.337467	77.290
1917.833058	77.489
1945.728583	77.460
1974.029857	77.255
2002.742782	77.057
2031.873347	77.089
2061.427625	77.389
2091.411780	77.605
2121.832065	77.985
2152.694823	78.367
2184.006490	78.711
2215.773596	78.822
2248.002765	78.721
2280.700718	78.629
2313.874274	78.877
2347.530351	79.338
2381.675966	79.959
2416.318240	80.456
2451.464399	80.398
2487.121769	80.207
2523.297789	80.260
2560.000000	80.359
2597.236057	80.564
2635.013726	80.948
2673.340883	81.108
2712.225522	81.086
2751.675750	81.230
2791.699796	81.377
2832.306004	81.258
2873.502844	81.138
2915.298905	81.095
2957.702904	81.090
3000.723683	81.040
3044.370214	80.938
3088.651599	80.867
3133.577071	80.812
3179.155999	80.631
3225.397888	80.393
3272.312380	80.207
3319.909260	80.111
3368.198452	80.034
3417.190027	79.895
3466.894200	79.706
3517.321337	79.397
3568.481954	78.934
3620.386720	78.419
3673.046457	77.972
3726.472148	77.524
3780.674934	77.118
3835.666117	76.847
3891.457165	76.743
3948.059713	76.596
4005.485564	76.941
4063.746693	77.335
4122.855250	77.568
4182.823560	77.760
4243.664130	77.900
4305.389646	77.841
4368.012981	77.804
4431.547192	78.159
4496.005531	78.699
4561.401437	79.444
4627.748549	79.999
4695.060701	80.463
4763.351932	81.087
4832.636481	81.439
4902.928797	81.577
4974.243539	82.008
5046.595577	82.552
5120.000000	82.918
5194.472115	83.134
5270.027452	83.088
5346.681766	82.609
5424.451043	82.097
5503.351500	81.599
5583.399591	80.808
5664.612008	79.917
5747.005687	79.098
5830.597810	78.455
5915.405808	77.921
6001.447367	76.986
6088.740429	75.829
6177.303198	75.435
6267.154142	75.314
6358.311998	74.951
6450.795775	74.712
6544.624761	74.538
6639.818520	74.220
6736.396904	73.886
6834.380053	73.555
6933.788400	73.239
7034.642675	73.328
7136.963909	73.537
7240.773439	73.837
7346.092914	74.457
7452.944296	75.252
7561.349867	76.132
7671.332234	77.041
7782.914330	77.889
7896.119426	78.447
8010.971128	78.318
8127.493386	77.701
8245.710500	76.909
8365.647121	76.506
8487.328260	76.817
8610.779292	77.444
8736.025961	77.557
8863.094385	76.569
8992.011061	73.906
9122.802874	70.570
9255.497097	68.201
9390.121402	69.369
9526.703863	70.204
9665.272962	69.741
9805.857594	68.872
9948.487077	67.686
10093.191154	66.796
10240.000000	66.183
10388.944230	66.484
10540.054903	67.864
10693.363532	69.308
10848.902086	71.093
11006.703001	73.196
11166.799182	74.160
11329.224017	73.455
11494.011375	72.021
11661.195620	70.201
11830.811616	68.379
12002.894734	66.544
12177.480858	65.949
12354.606395	68.587
12534.308283	72.484
12716.623996	76.097
12901.591551	76.769
13089.249521	75.899
13279.637040	76.171
13472.793808	76.986
13668.760107	77.106
13867.576801	76.119
14069.285350	73.943
14273.927818	70.369
14481.546879	63.619
14692.185828	61.972
14905.888592	62.079
15122.699734	61.095
15342.664467	60.164
15565.828661	60.541
15792.238852	59.701
16021.942256	58.506
16254.986772	58.986
16491.420999	62.429
16731.294241	65.874
16974.656520	68.707
17221.558584	70.120
17472.051922	71.260
17726.188769	72.653
17984.022122	72.932
18245.605748	70.787
18510.994194	66.634
18780.242805	63.159
19053.407727	65.921
19330.545924	69.839
19611.715189	70.818
19896.974155	70.640
20186.382308	70.640
