20.000000	68.542
20.290907	68.491
20.586045	68.434
20.885476	68.393
21.189262	68.386
21.497467	68.419
21.810155	68.475
22.127391	68.565
22.449241	68.679
22.775773	68.842
23.107054	69.060
23.443154	69.324
23.784142	69.609
24.130091	69.897
24.481071	70.170
24.837156	70.437
25.198421	70.700
25.564940	70.956
25.936791	71.193
26.314050	71.398
26.696797	71.566
27.085111	71.715
27.479073	71.846
27.878765	71.956
28.284271	72.041
28.695675	72.112
29.113064	72.178
29.536523	72.250
29.966142	72.331
30.402009	72.420
30.844217	72.535
31.292856	72.681
31.748021	72.854
32.209807	73.038
32.678309	73.225
33.153626	73.420
33.635857	73.621
34.125101	73.814
34.621462	73.985
35.125043	74.139
35.635949	74.286
36.154286	74.429
36.680162	74.559
37.213687	74.675
37.754973	74.784
38.304131	74.895
38.861278	75.014
39.426528	75.142
40.000000	75.272
40.581813	75.400
41.172089	75.539
41.770951	75.691
42.378524	75.835
42.994934	75.964
43.620309	76.088
44.254781	76.218
44.898482	76.348
45.551545	76.471
46.214108	76.580
46.886308	76.686
47.568285	76.799
48.260181	76.918
48.962142	77.036
49.674312	77.151
50.396842	77.253
51.129881	77.344
51.873582	77.434
52.628101	77.530
53.393594	77.625
54.170222	77.718
54.958146	77.811
55.757531	77.908
56.568542	78.000
57.391351	78.086
58.226127	78.165
59.073046	78.236
59.932283	78.301
60.804018	78.361
61.688433	78.421
62.585712	78.490
63.496042	78.556
64.419613	78.610
65.356618	78.665
66.307252	78.729
67.271713	78.782
68.250203	78.827
69.242925	78.872
70.250086	78.911
71.271897	78.953
72.308571	78.990
73.360323	79.029
74.427374	79.065
75.509945	79.089
76.608262	79.116
77.722555	79.141
78.853056	79.161
80.000000	79.183
81.163627	79.199
82.344179	79.215
83.541903	79.228
84.757048	79.236
85.989867	79.244
87.240619	79.246
88.509563	79.243
89.796964	79.237
91.103091	79.233
92.428216	79.225
93.772615	79.219
95.136569	79.209
96.520362	79.199
97.924283	79.183
99.348625	79.163
100.793684	79.146
102.259762	79.125
103.747164	79.100
105.256202	79.074
106.787188	79.046
108.340444	79.011
109.916292	78.977
111.515061	78.942
113.137085	78.903
114.782702	78.864
116.452255	78.824
118.146092	78.782
119.864566	78.736
121.608036	78.684
123.376866	78.632
125.171424	78.578
126.992084	78.523
128.839227	78.470
130.713236	78.412
132.614504	78.353
134.543426	78.290
136.500406	78.227
138.485850	78.160
140.500173	78.099
142.543795	78.034
144.617142	77.968
146.720647	77.898
148.854748	77.824
151.019890	77.752
153.216525	77.680
155.445111	77.602
157.706112	77.531
160.000000	77.466
162.327254	77.390
164.688358	77.312
167.083805	77.235
169.514095	77.167
171.979734	77.093
174.481237	77.016
177.019125	76.941
179.593928	76.867
182.206182	76.799
184.856431	76.725
187.545230	76.646
190.273138	76.580
193.040725	76.507
195.848567	76.430
198.697250	76.359
201.587368	76.289
204.519524	76.223
207.494329	76.156
210.512403	76.086
213.574377	76.015
216.680888	75.950
219.832584	75.887
223.030122	75.812
226.274170	75.742
229.565404	75.675
232.904509	75.611
236.292183	75.550
239.729132	75.503
243.216073	75.466
246.753732	75.437
250.342848	75.383
253.984168	75.320
257.678453	75.242
261.426473	75.188
265.229008	75.130
269.086853	75.074
273.000811	75.012
276.971700	74.958
281.000346	74.897
285.087590	74.826
289.234284	74.774
293.441294	74.721
297.709496	74.668
302.039780	74.612
306.433050	74.555
310.890221	74.498
315.412224	74.454
320.000000	74.392
324.654507	74.334
329.376716	74.289
334.167610	74.248
339.028190	74.202
343.959469	74.185
348.962474	74.168
354.038251	74.158
359.187855	74.158
364.412363	74.183
369.712863	74.211
375.090460	74.256
380.546277	74.307
386.081450	74.358
391.697134	74.413
397.394500	74.462
403.174736	74.505
409.039048	74.539
414.988657	74.567
421.024807	74.590
427.148753	74.602
433.361775	74.603
439.665167	74.614
446.060244	74.629
452.548340	74.631
459.130807	74.635
465.809019	74.640
472.584367	74.640
479.458265	74.642
486.432146	74.640
493.507464	74.637
500.685695	74.642
507.968337	74.649
515.356906	74.655
522.852945	74.655
530.458016	74.664
538.173706	74.664
546.001623	74.668
553.943399	74.680
562.000691	74.696
570.175180	74.690
578.468569	74.707
586.882588	74.726
595.418991	74.738
604.079560	74.745
612.866100	74.768
621.780442	74.779
630.824447	74.804
640.000000	74.829
649.309014	74.849
658.753431	74.875
668.335221	74.896
678.056380	74.914
687.918938	74.940
697.924949	74.959
708.076501	74.977
718.375711	75.012
728.824726	75.035
739.425726	75.068
750.180921	75.071
761.092554	75.114
772.162900	75.141
783.394268	75.165
794.789000	75.194
806.349472	75.225
818.078095	75.249
829.977315	75.270
842.049613	75.292
854.297507	75.313
866.723550	75.337
879.330334	75.359
892.120489	75.371
905.096680	75.387
918.261614	75.413
931.618037	75.431
945.168733	75.440
958.916529	75.456
972.864291	75.484
987.014928	75.498
1001.371391	75.541
1015.936673	75.549
1030.713812	75.573
1045.705890	75.601
1060.916032	75.628
1076.347412	75.675
1092.003245	75.707
1107.886798	75.744
1124.001383	75.797
1140.350359	75.855
1156.937137	75.925
1173.765175	75.993
1190.837983	76.057
1208.159120	76.137
1225.732199	76.225
1243.560885	76.325
1261.648894	76.419
1280.000000	76.520
1298.618029	76.625
1317.506863	76.743
1336.670442	76.847
1356.112761	76.968
1375.837875	77.107
1395.849898	77.231
1416.153002	77.349
1436.751422	77.479
1457.649452	77.619
1478.851452	77.742
1500.361842	77.868
1522.185107	77.999
1544.325799	78.113
1566.788535	78.214
1589.577999	78.311
1612.698944	78.406
1636.156190	78.489
1659.954630	78.554
1684.099226	78.600
1708.595013	78.628
1733.447100	78.647
1758.660669	78.636
1784.240977	78.602
1810.193360	78.555
1836.523229	78.479
1863.236074	78.388
1890.337467	78.267
1917.833058	78.141
1945.728583	78.011
1974.029857	77.836
2002.742782	77.656
2031.873347	77.467
2061.427625	77.265
2091.411780	77.079
2121.832065	76.886
2152.694823	76.677
2184.006490	76.498
2215.773596	76.339
2248.002765	76.157
2280.700718	75.964
2313.874274	75.772
2347.530351	75.598
2381.675966	75.440
2416.318240	75.283
2451.464399	75.131
2487.121769	75.001
2523.297789	74.887
2560.000000	74.801
2597.236057	74.766
2635.013726	74.762
2673.340883	74.761
2712.225522	74.760
2751.675750	74.795
2791.699796	74.867
2832.306004	74.953
2873.502844	75.064
2915.298905	75.197
2957.702904	75.336
3000.723683	75.470
3044.370214	75.628
3088.651599	75.793
3133.577071	75.937
3179.155999	76.055
3225.397888	76.187
3272.312380	76.315
3319.909260	76.409
3368.198452	76.464
3417.190027	76.496
3466.894200	76.497
3517.321337	76.454
3568.481954	76.418
3620.386720	76.320
3673.046457	76.181
3726.472148	75.950
3780.674934	75.833
3835.666117	75.839
3891.457165	75.732
3948.059713	75.545
4005.485564	75.380
4063.746693	75.197
4122.855250	75.011
4182.823560	74.860
4243.664130	74.725
4305.389646	74.567
4368.012981	74.482
4431.547192	74.392
4496.005531	74.341
4561.401437	74.337
4627.748549	74.348
4695.060701	74.376
4763.351932	74.377
4832.636481	74.418
4902.928797	74.478
4974.243539	74.568
5046.595577	74.683
5120.000000	74.828
5194.472115	75.005
5270.027452	75.217
5346.681766	75.455
5424.451043	75.721
5503.351500	76.010
5583.399591	76.348
5664.612008	76.722
5747.005687	77.150
5830.597810	77.638
5915.405808	78.169
6001.447367	78.717
6088.740429	79.303
6177.303198	79.946
6267.154142	80.681
6358.311998	81.483
6450.795775	82.255
6544.624761	82.838
6639.818520	83.092
6736.396904	82.943
6834.380053	82.394
6933.788400	81.555
7034.642675	80.571
7136.963909	79.560
7240.773439	78.602
7346.092914	77.723
7452.944296	76.942
7561.349867	76.242
7671.332234	75.610
7782.914330	75.055
7896.119426	74.600
8010.971128	74.184
8127.493386	73.846
8245.710500	73.570
8365.647121	73.344
8487.328260	73.199
8610.779292	73.146
8736.025961	73.117
8863.094385	73.109
8992.011061	73.113
9122.802874	73.032
9255.497097	72.850
9390.121402	72.613
9526.703863	72.467
9665.272962	72.455
9805.857594	72.650
9948.487077	72.871
10093.191154	72.955
10240.000000	72.883
10388.944230	72.615
10540.054903	72.149
10693.363532	71.520
10848.902086	70.843
11006.703001	70.215
11166.799182	69.531
11329.224017	68.959
11494.011375	68.465
11661.195620	68.024
11830.811616	67.783
12002.894734	67.601
12177.480858	67.632
12354.606395	67.830
12534.308283	68.155
12716.623996	68.756
12901.591551	69.624
13089.249521	70.563
13279.637040	71.918
13472.793808	73.693
13668.760107	74.983
13867.576801	73.374
14069.285350	68.282
14273.927818	62.254
14481.546879	57.829
14692.185828	59.931
14905.888592	64.922
15122.699734	67.633
15342.664467	66.343
15565.828661	63.106
15792.238852	60.540
16021.942256	58.619
16254.986772	57.354
16491.420999	56.058
16731.294241	54.366
16974.656520	53.514
17221.558584	52.820
17472.051922	52.135
17726.188769	50.372
17984.022122	50.669
18245.605748	50.566
18510.994194	50.327
18780.242805	50.122
19053.407727	50.334
19330.545924	49.700
19611.715189	48.518
19896.974155	44.807
20186.382308	42.036
