20 79.53
20.2909066988 79.53
20.5860447329 79.53
20.8854756485 79.54
21.1892618872 79.56
21.4974667984 79.59
21.8101546533 79.63
22.1273906578 79.68
22.4492409662 79.73
22.7757726951 79.77
23.1070539374 79.80
23.4431537764 79.82
23.7841423001 79.84
24.130090616 79.86
24.4810708661 79.86
24.8371562415 79.85
25.1984209979 79.82
25.5649404712 79.78
25.936791093 79.73
26.3140504067 79.69
26.6967970834 79.64
27.0851109387 79.58
27.4790729492 79.52
27.878765269 79.47
28.2842712475 79.42
28.6956754462 79.38
29.1130636568 79.35
29.5365229188 79.33
29.9661415375 79.33
30.402009103 79.34
30.8442165082 79.36
31.2928559682 79.38
31.7480210394 79.40
32.209806639 79.42
32.6783090648 79.42
33.1536260154 79.41
33.6358566101 79.38
34.1251014105 79.35
34.6214624402 79.32
35.1250432075 79.27
35.6359487256 79.22
36.1542855356 79.18
36.6801617282 79.13
37.2136869661 79.09
37.7549725073 79.05
38.3041312279 79.02
38.8612776461 79.00
39.4265279456 78.97
40 78.95
40.5818133975 78.94
41.1720894657 78.92
41.7709512971 78.89
42.3785237744 78.86
42.9949335968 78.82
43.6203093066 78.78
44.2547813156 78.74
44.8984819324 78.69
45.5515453903 78.66
46.2141078749 78.62
46.8863075528 78.58
47.5682846001 78.55
48.260181232 78.53
48.9621417322 78.48
49.6743124829 78.44
50.3968419958 78.41
51.1298809424 78.36
51.873582186 78.31
52.6281008133 78.27
53.3935941668 78.23
54.1702218775 78.18
54.9581458983 78.14
55.757530538 78.10
56.5685424949 78.05
57.3913508924 78.00
58.2261273137 77.95
59.0730458376 77.90
59.9322830751 77.84
60.804018206 77.79
61.6884330163 77.74
62.5857119363 77.69
63.4960420787 77.64
64.419613278 77.59
65.3566181296 77.54
66.3072520307 77.48
67.2717132203 77.42
68.2502028209 77.36
69.2429248805 77.30
70.2500864149 77.24
71.2718974512 77.18
72.3085710713 77.12
73.3603234564 77.07
74.4273739322 77.00
75.5099450145 76.94
76.6082624559 76.88
77.7225552923 76.81
78.8530558912 76.75
80 76.68
81.163626795 76.62
82.3441789315 76.55
83.5419025942 76.48
84.7570475487 76.42
85.9898671937 76.35
87.2406186132 76.29
88.5095626311 76.23
89.7969638648 76.17
91.1030907805 76.09
92.4282157498 76.02
93.7726151055 75.94
95.1365692002 75.87
96.520362464 75.80
97.9242834644 75.73
99.3486249659 75.69
100.7936839916 75.57
102.2597618848 75.48
103.7471643721 75.44
105.2562016267 75.35
106.7871883336 75.28
108.340443755 75.20
109.9162917966 75.11
111.5150610759 75.03
113.1370849898 74.96
114.7827017849 74.89
116.4522546274 74.81
118.1460916752 74.75
119.8645661501 74.67
121.6080364119 74.58
123.3768660326 74.50
125.1714238726 74.44
126.9920841575 74.35
128.8392265559 74.28
130.7132362593 74.19
132.6145040614 74.12
134.5434264406 74.04
136.5004056418 73.96
138.485849761 73.87
140.5001728299 73.79
142.5437949025 73.71
144.6171421426 73.63
146.7206469127 73.54
148.8547478643 73.46
151.0198900291 73.38
153.2165249118 73.30
155.4451105846 73.21
157.7061117824 73.12
160 73.04
162.32725359 72.96
164.688357863 72.86
167.0838051884 72.78
169.5140950975 72.70
171.9797343873 72.62
174.4812372264 72.53
177.0191252622 72.45
179.5939277295 72.36
182.2061815611 72.27
184.8564314996 72.17
187.5452302111 72.10
190.2731384004 72.01
193.0407249281 71.93
195.8485669287 71.84
198.6972499318 71.75
201.5873679832 71.67
204.5195237697 71.59
207.4943287442 71.51
210.5124032534 71.41
213.5743766672 71.35
216.6808875099 71.27
219.8325835933 71.19
223.0301221518 71.10
226.2741699797 71.01
229.5654035698 70.93
232.9045092548 70.86
236.2921833503 70.80
239.7291323003 70.69
243.2160728239 70.62
246.7537320653 70.55
250.3428477452 70.47
253.9841683149 70.39
257.6784531119 70.32
261.4264725186 70.24
265.2290081229 70.15
269.0868528812 70.08
273.0008112836 70.00
276.971699522 69.92
281.0003456597 69.83
285.0875898049 69.77
289.2342842852 69.69
293.4412938255 69.60
297.7094957287 69.53
302.0397800581 69.45
306.4330498235 69.38
310.8902211692 69.29
315.4122235649 69.21
320 69.12
324.65450718 69.07
329.3767157259 68.99
334.1676103768 68.90
339.028190195 68.86
343.9594687746 68.80
348.9624744529 68.71
354.0382505244 68.65
359.187855459 68.59
364.4123631221 68.53
369.7128629991 68.50
375.0904604222 68.44
380.5462768009 68.40
386.0814498562 68.35
391.6971338575 68.30
397.3944998635 68.26
403.1747359664 68.23
409.0390475393 68.19
414.9886574883 68.15
421.0248065068 68.12
427.1487533344 68.07
433.3617750198 68.02
439.6651671866 67.97
446.0602443037 67.90
452.5483399594 67.83
459.1308071395 67.78
465.8090185095 67.71
472.5843667007 67.65
479.4582646005 67.59
486.4321456477 67.53
493.5074641306 67.48
500.6856954905 67.41
507.9683366298 67.33
515.3569062238 67.31
522.8529450372 67.24
530.4580162458 67.18
538.1737057624 67.13
546.0016225673 67.09
553.9433990439 67.04
562.0006913195 66.99
570.1751796098 66.91
578.4685685703 66.88
586.882587651 66.87
595.4189914574 66.82
604.0795601163 66.77
612.8660996471 66.74
621.7804423383 66.70
630.8244471297 66.65
640 66.62
649.30901436 66.59
658.7534314519 66.56
668.3352207536 66.52
678.05638039 66.47
687.9189375493 66.44
697.9249489058 66.44
708.0765010489 66.41
718.375710918 66.41
728.8247262443 66.38
739.4257259983 66.37
750.1809208443 66.33
761.0925536018 66.35
772.1628997124 66.35
783.394267715 66.34
794.7889997271 66.33
806.3494719327 66.35
818.0780950787 66.40
829.9773149767 66.41
842.0496130136 66.39
854.2975066688 66.42
866.7235500396 66.45
879.3303343732 66.49
892.1204886074 66.53
905.0966799188 66.57
918.2616142791 66.62
931.618037019 66.68
945.1687334013 66.72
958.9165292011 66.81
972.8642912955 66.91
987.0149282611 66.96
1001.371390981 66.91
1015.9366732597 67.14
1030.7138124476 67.24
1045.7058900743 67.32
1060.9160324916 67.42
1076.3474115248 67.51
1092.0032451345 67.62
1107.8867980879 67.74
1124.0013826389 67.83
1140.3503592197 67.94
1156.9371371406 68.06
1173.765175302 68.17
1190.8379829148 68.29
1208.1591202326 68.41
1225.7321992942 68.50
1243.5608846767 68.59
1261.6488942595 68.71
1280 68.85
1298.6180287201 68.96
1317.5068629037 69.05
1336.6704415071 69.15
1356.1127607799 69.27
1375.8378750985 69.37
1395.8498978116 69.48
1416.1530020977 69.57
1436.751421836 69.65
1457.6494524886 69.71
1478.8514519966 69.77
1500.3618416887 69.87
1522.1851072035 69.94
1544.3257994247 70.01
1566.78853543 70.12
1589.5779994541 70.20
1612.6989438655 70.28
1636.1561901574 70.37
1659.9546299533 70.48
1684.0992260271 70.56
1708.5950133377 70.65
1733.4471000793 70.79
1758.6606687464 70.89
1784.2409772148 71.00
1810.1933598376 71.14
1836.5232285581 71.24
1863.2360740381 71.37
1890.3374668026 71.48
1917.8330584022 71.63
1945.7285825909 71.76
1974.0298565222 71.89
2002.742781962 71.99
2031.8733465194 72.19
2061.4276248951 72.33
2091.4117801487 72.49
2121.8320649832 72.64
2152.6948230496 72.79
2184.0064902691 72.93
2215.7735961758 73.08
2248.0027652779 73.23
2280.7007184393 73.35
2313.8742742813 73.50
2347.530350604 73.63
2381.6759658296 73.76
2416.3182404652 73.88
2451.4643985884 73.97
2487.1217693533 74.08
2523.297788519 74.16
2560.0000000001 74.24
2597.2360574402 74.31
2635.0137258074 74.35
2673.3408830143 74.40
2712.2255215599 74.43
2751.6757501971 74.44
2791.6997956232 74.45
2832.3060041955 74.44
2873.5028436721 74.43
2915.2989049772 74.42
2957.7029039931 74.38
3000.7236833774 74.30
3044.3702144071 74.38
3088.6515988494 74.37
3133.57707086 74.38
3179.1559989082 74.37
3225.397887731 74.32
3272.3123803148 74.21
3319.9092599067 74.04
3368.1984520542 73.80
3417.1900266754 73.49
3466.8942001586 73.19
3517.3213374928 72.93
3568.4819544296 72.74
3620.3867196753 72.65
3673.0464571163 72.62
3726.4721480761 72.64
3780.6749336053 72.70
3835.6661168044 72.79
3891.4571651819 72.90
3948.0597130445 73.02
4005.4855639241 73.27
4063.7466930387 73.34
4122.8552497902 73.53
4182.8235602974 73.71
4243.6641299665 73.95
4305.3896460992 74.19
4368.0129805382 74.48
4431.5471923516 74.73
4496.0055305558 74.99
4561.4014368787 75.24
4627.7485485626 75.44
4695.0607012081 75.59
4763.3519316592 75.65
4832.6364809305 75.60
4902.9287971769 75.43
4974.2435387067 75.19
5046.595577038 74.78
5120.0000000002 74.29
5194.4721148803 73.78
5270.0274516149 73.23
5346.6817660286 72.70
5424.4510431198 72.17
5503.3515003942 71.69
5583.3995912463 71.26
5664.6120083911 70.89
5747.0056873442 70.61
5830.5978099545 70.42
5915.4058079863 70.34
6001.4473667548 70.42
6088.7404288142 70.88
6177.3031976989 71.48
6267.1541417201 72.26
6358.3119978165 73.08
6450.795775462 73.60
6544.6247606297 73.64
6639.8185198134 73.25
6736.3969041085 72.63
6834.3800533509 72.08
6933.7884003172 71.72
7034.6426749857 71.52
7136.9639088592 71.44
7240.7734393506 71.62
7346.0929142326 71.93
7452.9442961523 72.38
7561.3498672106 73.00
7671.3322336089 73.69
7782.9143303638 74.33
7896.119426089 74.80
8010.9711278481 74.98
8127.4933860775 74.66
8245.7104995805 73.97
8365.6471205948 72.93
8487.328259933 71.88
8610.7792921984 70.87
8736.0259610765 70.11
8863.0943847033 69.49
8992.0110611117 68.92
9122.8028737575 68.52
9255.4970971253 68.12
9390.1214024162 67.77
9526.7038633184 67.52
9665.272961861 67.37
9805.8575943538 67.37
9948.4870774134 67.37
10093.191154076 67.54
10240.0000000005 67.78
10388.9442297607 68.13
10540.0549032298 68.45
10693.3635320572 68.62
10848.9020862397 68.74
11006.7030007884 68.72
11166.7991824927 68.50
11329.2240167822 68.03
11494.0113746885 67.51
11661.1956199091 67.10
11830.8116159726 66.94
12002.8947335097 66.86
12177.4808576284 66.82
12354.6063953979 66.58
12534.3082834402 66.34
12716.6239956331 66.17
12901.5915509241 66.17
13089.2495212594 66.35
13279.637039627 66.81
13472.7938082171 67.51
13668.7601067018 68.31
13867.5768006344 68.85
14069.2853499715 68.53
14273.9278177184 67.37
14481.5468787012 65.91
14692.1858284653 64.23
14905.8885923047 62.72
15122.6997344212 61.76
15342.6644672179 61.13
15565.8286607277 60.53
15792.2388521781 60.27
16021.9422556964 60.49
16254.9867721551 60.60
16491.4209991611 61.50
16731.2942411897 62.37
16974.656519866 63.77
17221.5585843969 65.21
17472.0519221531 66.10
17726.1887694067 66.29
17984.0221222235 66.01
18245.605747515 66.08
18510.9941942506 65.48
18780.2428048326 64.10
19053.4077266369 61.23
19330.545923722 58.05
19611.7151887077 55.29
19896.9741548268 53.50
20186.382308152 52.25
