20.000000	102.099
20.290907	102.085
20.586045	102.070
20.885476	102.049
21.189262	102.021
21.497467	101.989
21.810155	101.954
22.127391	101.918
22.449241	101.883
22.775773	101.849
23.107054	101.815
23.443154	101.782
23.784142	101.751
24.130091	101.720
24.481071	101.691
24.837156	101.661
25.198421	101.631
25.564940	101.603
25.936791	101.576
26.314050	101.550
26.696797	101.524
27.085111	101.498
27.479073	101.472
27.878765	101.445
28.284271	101.416
28.695675	101.383
29.113064	101.346
29.536523	101.307
29.966142	101.267
30.402009	101.226
30.844217	101.182
31.292856	101.137
31.748021	101.093
32.209807	101.049
32.678309	101.005
33.153626	100.960
33.635857	100.917
34.125101	100.875
34.621462	100.834
35.125043	100.793
35.635949	100.751
36.154286	100.709
36.680162	100.665
37.213687	100.620
37.754973	100.572
38.304131	100.523
38.861278	100.473
39.426528	100.423
40.000000	100.371
40.581813	100.320
41.172089	100.266
41.770951	100.213
42.378524	100.159
42.994934	100.104
43.620309	100.047
44.254781	99.992
44.898482	99.937
45.551545	99.880
46.214108	99.822
46.886308	99.762
47.568285	99.701
48.260181	99.640
48.962142	99.579
49.674312	99.521
50.396842	99.460
51.129881	99.393
51.873582	99.322
52.628101	99.254
53.393594	99.189
54.170222	99.123
54.958146	99.062
55.757531	99.007
56.568542	98.956
57.391351	98.911
58.226127	98.873
59.073046	98.834
59.932283	98.789
60.804018	98.748
61.688433	98.707
62.585712	98.660
63.496042	98.605
64.419613	98.552
65.356618	98.498
66.307252	98.436
67.271713	98.372
68.250203	98.308
69.242925	98.239
70.250086	98.172
71.271897	98.103
72.308571	98.028
73.360323	97.956
74.427374	97.887
75.509945	97.815
76.608262	97.743
77.722555	97.672
78.853056	97.599
80.000000	97.529
81.163627	97.459
82.344179	97.389
83.541903	97.316
84.757048	97.244
85.989867	97.166
87.240619	97.092
88.509563	97.017
89.796964	96.947
91.103091	96.875
92.428216	96.804
93.772615	96.729
95.136569	96.650
96.520362	96.570
97.924283	96.493
99.348625	96.420
100.793684	96.348
102.259762	96.276
103.747164	96.201
105.256202	96.125
106.787188	96.053
108.340444	95.983
109.916292	95.918
111.515061	95.850
113.137085	95.790
114.782702	95.707
116.452255	95.641
118.146092	95.574
119.864566	95.513
121.608036	95.445
123.376866	95.381
125.171424	95.307
126.992084	95.234
128.839227	95.159
130.713236	95.088
132.614504	95.019
134.543426	94.948
136.500406	94.877
138.485850	94.808
140.500173	94.740
142.543795	94.672
144.617142	94.604
146.720647	94.536
148.854748	94.468
151.019890	94.400
153.216525	94.333
155.445111	94.267
157.706112	94.204
160.000000	94.142
162.327254	94.079
164.688358	94.015
167.083805	93.951
169.514095	93.891
171.979734	93.833
174.481237	93.773
177.019125	93.717
179.593928	93.659
182.206182	93.602
184.856431	93.549
187.545230	93.490
190.273138	93.434
193.040725	93.380
195.848567	93.326
198.697250	93.271
201.587368	93.215
204.519524	93.158
207.494329	93.107
210.512403	93.059
213.574377	93.008
216.680888	92.961
219.832584	92.912
223.030122	92.864
226.274170	92.818
229.565404	92.770
232.904509	92.726
236.292183	92.681
239.729132	92.643
243.216073	92.603
246.753732	92.556
250.342848	92.521
253.984168	92.480
257.678453	92.444
261.426473	92.415
265.229008	92.386
269.086853	92.358
273.000811	92.332
276.971700	92.307
281.000346	92.283
285.087590	92.263
289.234284	92.242
293.441294	92.222
297.709496	92.206
302.039780	92.189
306.433050	92.167
310.890221	92.153
315.412224	92.148
320.000000	92.131
324.654507	92.118
329.376716	92.113
334.167610	92.101
339.028190	92.095
343.959469	92.090
348.962474	92.086
354.038251	92.083
359.187855	92.086
364.412363	92.091
369.712863	92.092
375.090460	92.102
380.546277	92.111
386.081450	92.129
391.697134	92.137
397.394500	92.153
403.174736	92.180
409.039048	92.197
414.988657	92.219
421.024807	92.247
427.148753	92.273
433.361775	92.306
439.665167	92.337
446.060244	92.368
452.548340	92.403
459.130807	92.446
465.809019	92.487
472.584367	92.529
479.458265	92.573
486.432146	92.622
493.507464	92.671
500.685695	92.711
507.968337	92.766
515.356906	92.804
522.852945	92.855
530.458016	92.904
538.173706	92.959
546.001623	93.017
553.943399	93.075
562.000691	93.133
570.175180	93.177
578.468569	93.234
586.882588	93.293
595.418991	93.347
604.079560	93.401
612.866100	93.453
621.780442	93.506
630.824447	93.558
640.000000	93.603
649.309014	93.654
658.753431	93.699
668.335221	93.737
678.056380	93.778
687.918938	93.851
697.924949	93.948
708.076501	94.014
718.375711	94.067
728.824726	94.128
739.425726	94.162
750.180921	94.175
761.092554	94.208
772.162900	94.245
783.394268	94.284
794.789000	94.322
806.349472	94.356
818.078095	94.380
829.977315	94.410
842.049613	94.467
854.297507	94.536
866.723550	94.593
879.330334	94.646
892.120489	94.698
905.096680	94.753
918.261614	94.810
931.618037	94.866
945.168733	94.921
958.916529	94.980
972.864291	95.041
987.014928	95.104
1001.371391	95.159
1015.936673	95.225
1030.713812	95.286
1045.705890	95.350
1060.916032	95.416
1076.347412	95.485
1092.003245	95.554
1107.886798	95.616
1124.001383	95.677
1140.350359	95.742
1156.937137	95.799
1173.765175	95.856
1190.837983	95.910
1208.159120	95.961
1225.732199	96.008
1243.560885	96.050
1261.648894	96.089
1280.000000	96.129
1298.618029	96.161
1317.506863	96.190
1336.670442	96.219
1356.112761	96.244
1375.837875	96.265
1395.849898	96.285
1416.153002	96.307
1436.751422	96.330
1457.649452	96.358
1478.851452	96.390
1500.361842	96.422
1522.185107	96.453
1544.325799	96.481
1566.788535	96.508
1589.577999	96.537
1612.698944	96.567
1636.156190	96.596
1659.954630	96.628
1684.099226	96.664
1708.595013	96.703
1733.447100	96.749
1758.660669	96.800
1784.240977	96.852
1810.193360	96.909
1836.523229	96.966
1863.236074	97.023
1890.337467	97.082
1917.833058	97.143
1945.728583	97.204
1974.029857	97.266
2002.742782	97.328
2031.873347	97.380
2061.427625	97.432
2091.411780	97.483
2121.832065	97.525
2152.694823	97.560
2184.006490	97.588
2215.773596	97.612
2248.002765	97.638
2280.700718	97.673
2313.874274	97.723
2347.530351	97.786
2381.675966	97.852
2416.318240	97.911
2451.464399	97.939
2487.121769	97.933
2523.297789	97.885
2560.000000	97.805
2597.236057	97.697
2635.013726	97.569
2673.340883	97.412
2712.225522	97.233
2751.675750	97.026
2791.699796	96.794
2832.306004	96.537
2873.502844	96.264
2915.298905	95.980
2957.702904	95.694
3000.723683	95.414
3044.370214	95.173
3088.651599	94.947
3133.577071	94.751
3179.155999	94.589
3225.397888	94.464
3272.312380	94.377
3319.909260	94.332
3368.198452	94.338
3417.190027	94.381
3466.894200	94.454
3517.321337	94.551
3568.481954	94.677
3620.386720	94.820
3673.046457	94.974
3726.472148	95.135
3780.674934	95.295
3835.666117	95.448
3891.457165	95.577
3948.059713	95.682
4005.485564	95.737
4063.746693	95.767
4122.855250	95.750
4182.823560	95.592
4243.664130	95.222
4305.389646	95.238
4368.012981	95.311
4431.547192	95.426
4496.005531	95.628
4561.401437	95.932
4627.748549	96.327
4695.060701	96.774
4763.351932	97.199
4832.636481	97.535
4902.928797	97.757
4974.243539	97.916
5046.595577	98.072
5120.000000	98.274
5194.472115	98.562
5270.027452	98.940
5346.681766	99.381
5424.451043	99.855
5503.351500	100.328
5583.399591	100.747
5664.612008	101.051
5747.005687	101.228
5830.597810	101.267
5915.405808	101.176
6001.447367	100.983
6088.740429	100.720
6177.303198	100.452
6267.154142	100.204
6358.311998	100.004
6450.795775	99.866
6544.624761	99.789
6639.818520	99.770
6736.396904	99.803
6834.380053	99.888
6933.788400	100.035
7034.642675	100.235
7136.963909	100.457
7240.773439	100.680
7346.092914	100.870
7452.944296	100.983
7561.349867	100.978
7671.332234	100.841
7782.914330	100.572
7896.119426	100.171
8010.971128	99.647
8127.493386	99.059
8245.710500	98.457
8365.647121	97.867
8487.328260	97.324
8610.779292	96.813
8736.025961	96.388
8863.094385	96.029
8992.011061	95.753
9122.802874	95.566
9255.497097	95.450
9390.121402	95.402
9526.703863	95.420
9665.272962	95.430
9805.857594	95.403
9948.487077	95.293
10093.191154	95.059
10240.000000	94.694
10388.944230	94.205
10540.054903	93.641
10693.363532	93.126
10848.902086	92.741
11006.703001	92.544
11166.799182	92.493
11329.224017	92.484
11494.011375	92.479
11661.195620	92.540
11830.811616	92.517
12002.894734	92.368
12177.480858	92.149
12354.606395	91.846
12534.308283	91.553
12716.623996	91.314
12901.591551	91.224
13089.249521	91.209
13279.637040	91.312
13472.793808	91.520
13668.760107	91.688
13867.576801	91.612
14069.285350	91.066
14273.927818	90.102
14481.546879	88.806
14692.185828	87.418
14905.888592	86.149
15122.699734	85.110
15342.664467	84.337
15565.828661	83.830
15792.238852	83.593
16021.942256	83.588
16254.986772	83.721
16491.420999	83.941
16731.294241	84.192
16974.656520	84.343
17221.558584	84.384
17472.051922	84.380
17726.188769	84.306
17984.022122	84.196
18245.605748	83.890
18510.994194	83.463
18780.242805	82.755
19053.407727	81.972
19330.545924	81.247
19611.715189	80.497
19896.974155	80.140
20186.382308	80.140
