20.000000	56.901
20.290907	56.945
20.586045	56.997
20.885476	57.065
21.189262	57.159
21.497467	57.274
21.810155	57.396
22.127391	57.508
22.449241	57.610
22.775773	57.702
23.107054	57.788
23.443154	57.869
23.784142	57.943
24.130091	58.008
24.481071	58.067
24.837156	58.133
25.198421	58.225
25.564940	58.339
25.936791	58.460
26.314050	58.564
26.696797	58.629
27.085111	58.672
27.479073	58.727
27.878765	58.824
28.284271	58.957
28.695675	59.083
29.113064	59.171
29.536523	59.209
29.966142	59.233
30.402009	59.300
30.844217	59.405
31.292856	59.487
31.748021	59.505
32.209807	59.495
32.678309	59.526
33.153626	59.638
33.635857	59.793
34.125101	59.903
34.621462	59.930
35.125043	59.918
35.635949	59.913
36.154286	59.906
36.680162	59.873
37.213687	59.845
37.754973	59.907
38.304131	60.050
38.861278	60.237
39.426528	60.393
40.000000	60.498
40.581813	60.573
41.172089	60.640
41.770951	60.715
42.378524	60.810
42.994934	60.899
43.620309	60.952
44.254781	60.958
44.898482	60.933
45.551545	60.884
46.214108	60.824
46.886308	60.792
47.568285	60.756
48.260181	60.638
48.962142	60.428
49.674312	60.225
50.396842	60.087
51.129881	59.991
51.873582	59.925
52.628101	59.889
53.393594	59.888
54.170222	59.941
54.958146	60.057
55.757531	60.214
56.568542	60.419
57.391351	60.642
58.226127	60.857
59.073046	61.045
59.932283	61.241
60.804018	61.444
61.688433	61.640
62.585712	61.837
63.496042	62.030
64.419613	62.216
65.356618	62.407
66.307252	62.608
67.271713	62.807
68.250203	63.000
69.242925	63.193
70.250086	63.387
71.271897	63.583
72.308571	63.784
73.360323	63.981
74.427374	64.163
75.509945	64.338
76.608262	64.514
77.722555	64.681
78.853056	64.823
80.000000	64.964
81.163627	65.134
82.344179	65.306
83.541903	65.476
84.757048	65.629
85.989867	65.750
87.240619	65.908
88.509563	66.142
89.796964	66.201
91.103091	66.180
92.428216	66.206
93.772615	66.270
95.136569	66.359
96.520362	66.447
97.924283	66.517
99.348625	66.567
100.793684	66.600
102.259762	66.648
103.747164	66.698
105.256202	66.722
106.787188	66.725
108.340444	66.712
109.916292	66.689
111.515061	66.658
113.137085	66.619
114.782702	66.578
116.452255	66.532
118.146092	66.487
119.864566	66.456
121.608036	66.433
123.376866	66.416
125.171424	66.400
126.992084	66.382
128.839227	66.368
130.713236	66.358
132.614504	66.337
134.543426	66.289
136.500406	66.230
138.485850	66.188
140.500173	66.144
142.543795	66.100
144.617142	66.092
146.720647	66.077
148.854748	66.018
151.019890	65.923
153.216525	65.804
155.445111	65.668
157.706112	65.528
160.000000	65.403
162.327254	65.295
164.688358	65.196
167.083805	65.105
169.514095	65.021
171.979734	64.942
174.481237	64.862
177.019125	64.774
179.593928	64.691
182.206182	64.634
184.856431	64.598
187.545230	64.586
190.273138	64.591
193.040725	64.583
195.848567	64.571
198.697250	64.574
201.587368	64.568
204.519524	64.547
207.494329	64.515
210.512403	64.459
213.574377	64.372
216.680888	64.275
219.832584	64.212
223.030122	64.263
226.274170	64.356
229.565404	64.443
232.904509	64.481
236.292183	64.471
239.729132	64.456
243.216073	64.457
246.753732	64.449
250.342848	64.408
253.984168	64.366
257.678453	64.339
261.426473	64.293
265.229008	64.246
269.086853	64.214
273.000811	64.162
276.971700	64.084
281.000346	63.985
285.087590	63.887
289.234284	63.886
293.441294	63.934
297.709496	63.985
302.039780	64.023
306.433050	64.046
310.890221	64.060
315.412224	64.061
320.000000	64.050
324.654507	64.027
329.376716	64.000
334.167610	63.968
339.028190	63.937
343.959469	63.905
348.962474	63.875
354.038251	63.849
359.187855	63.824
364.412363	63.795
369.712863	63.758
375.090460	63.723
380.546277	63.696
386.081450	63.665
391.697134	63.633
397.394500	63.604
403.174736	63.573
409.039048	63.537
414.988657	63.504
421.024807	63.479
427.148753	63.459
433.361775	63.448
439.665167	63.448
446.060244	63.455
452.548340	63.466
459.130807	63.473
465.809019	63.479
472.584367	63.486
479.458265	63.499
486.432146	63.517
493.507464	63.540
500.685695	63.565
507.968337	63.596
515.356906	63.626
522.852945	63.660
530.458016	63.698
538.173706	63.730
546.001623	63.761
553.943399	63.798
562.000691	63.839
570.175180	63.885
578.468569	63.931
586.882588	63.977
595.418991	64.024
604.079560	64.070
612.866100	64.117
621.780442	64.161
630.824447	64.198
640.000000	64.229
649.309014	64.257
658.753431	64.285
668.335221	64.315
678.056380	64.347
687.918938	64.381
697.924949	64.416
708.076501	64.451
718.375711	64.482
728.824726	64.509
739.425726	64.536
750.180921	64.563
761.092554	64.591
772.162900	64.618
783.394268	64.649
794.789000	64.685
806.349472	64.726
818.078095	64.770
829.977315	64.816
842.049613	64.860
854.297507	64.900
866.723550	64.931
879.330334	64.956
892.120489	64.981
905.096680	65.011
918.261614	65.050
931.618037	65.094
945.168733	65.136
958.916529	65.170
972.864291	65.199
987.014928	65.235
1001.371391	65.269
1015.936673	65.296
1030.713812	65.316
1045.705890	65.332
1060.916032	65.347
1076.347412	65.360
1092.003245	65.372
1107.886798	65.381
1124.001383	65.393
1140.350359	65.409
1156.937137	65.433
1173.765175	65.462
1190.837983	65.491
1208.159120	65.518
1225.732199	65.538
1243.560885	65.551
1261.648894	65.555
1280.000000	65.554
1298.618029	65.545
1317.506863	65.534
1336.670442	65.509
1356.112761	65.480
1375.837875	65.455
1395.849898	65.430
1416.153002	65.402
1436.751422	65.376
1457.649452	65.360
1478.851452	65.349
1500.361842	65.339
1522.185107	65.339
1544.325799	65.357
1566.788535	65.397
1589.577999	65.459
1612.698944	65.539
1636.156190	65.637
1659.954630	65.754
1684.099226	65.883
1708.595013	66.013
1733.447100	66.137
1758.660669	66.262
1784.240977	66.402
1810.193360	66.564
1836.523229	66.748
1863.236074	66.950
1890.337467	67.169
1917.833058	67.407
1945.728583	67.673
1974.029857	67.968
2002.742782	68.297
2031.873347	68.660
2061.427625	69.057
2091.411780	69.475
2121.832065	69.894
2152.694823	70.289
2184.006490	70.675
2215.773596	71.046
2248.002765	71.413
2280.700718	71.772
2313.874274	72.112
2347.530351	72.417
2381.675966	72.670
2416.318240	72.882
2451.464399	73.045
2487.121769	73.173
2523.297789	73.260
2560.000000	73.313
2597.236057	73.323
2635.013726	73.287
2673.340883	73.202
2712.225522	73.093
2751.675750	72.965
2791.699796	72.823
2832.306004	72.668
2873.502844	72.507
2915.298905	72.339
2957.702904	72.155
3000.723683	71.943
3044.370214	71.692
3088.651599	71.410
3133.577071	71.098
3179.155999	70.748
3225.397888	70.372
3272.312380	69.987
3319.909260	69.591
3368.198452	69.165
3417.190027	68.706
3466.894200	68.247
3517.321337	67.812
3568.481954	67.391
3620.386720	66.983
3673.046457	66.623
3726.472148	66.322
3780.674934	66.043
3835.666117	65.761
3891.457165	65.458
3948.059713	65.129
4005.485564	64.745
4063.746693	64.317
4122.855250	63.838
4182.823560	63.291
4243.664130	62.693
4305.389646	62.198
4368.012981	61.889
4431.547192	61.720
4496.005531	61.553
4561.401437	61.257
4627.748549	60.785
4695.060701	60.274
4763.351932	60.038
4832.636481	60.283
4902.928797	60.870
4974.243539	61.524
5046.595577	62.134
5120.000000	62.663
5194.472115	63.083
5270.027452	63.401
5346.681766	63.626
5424.451043	63.748
5503.351500	63.770
5583.399591	63.723
5664.612008	63.623
5747.005687	63.447
5830.597810	63.152
5915.405808	62.694
6001.447367	62.053
6088.740429	61.275
6177.303198	60.530
6267.154142	59.962
6358.311998	59.619
6450.795775	59.419
6544.624761	59.273
6639.818520	59.090
6736.396904	58.818
6834.380053	58.464
6933.788400	58.082
7034.642675	57.753
7136.963909	57.553
7240.773439	57.507
7346.092914	57.726
7452.944296	58.547
7561.349867	60.151
7671.332234	62.075
7782.914330	63.881
7896.119426	65.305
8010.971128	66.367
8127.493386	67.274
8245.710500	68.189
8365.647121	69.131
8487.328260	69.934
8610.779292	70.334
8736.025961	70.091
8863.094385	69.265
8992.011061	68.082
9122.802874	66.920
9255.497097	66.026
9390.121402	65.358
9526.703863	64.726
9665.272962	64.055
9805.857594	63.411
9948.487077	62.894
10093.191154	62.585
10240.000000	62.490
10388.944230	62.612
10540.054903	62.908
10693.363532	63.236
10848.902086	63.392
11006.703001	63.170
11166.799182	62.654
11329.224017	62.293
11494.011375	62.373
11661.195620	62.999
11830.811616	63.777
12002.894734	64.700
12177.480858	65.441
12354.606395	65.466
12534.308283	64.779
12716.623996	63.155
12901.591551	60.810
13089.249521	58.189
13279.637040	55.664
13472.793808	53.605
13668.760107	53.160
13867.576801	55.168
14069.285350	57.600
14273.927818	59.225
14481.546879	59.974
14692.185828	60.365
14905.888592	60.785
15122.699734	61.200
15342.664467	61.489
15565.828661	61.497
15792.238852	61.095
16021.942256	60.241
16254.986772	58.910
16491.420999	57.159
16731.294241	55.559
16974.656520	54.648
17221.558584	54.462
17472.051922	53.577
17726.188769	50.267
17984.022122	43.638
18245.605748	34.568
18510.994194	24.698
18780.242805	18.054
19053.407727	16.404
19330.545924	16.461
19611.715189	16.874
19896.974155	17.526
20186.382308	17.780
