20.000000	87.578
20.290907	87.703
20.586045	87.821
20.885476	87.928
21.189262	88.020
21.497467	88.098
21.810155	88.171
22.127391	88.242
22.449241	88.314
22.775773	88.385
23.107054	88.452
23.443154	88.511
23.784142	88.563
24.130091	88.613
24.481071	88.663
24.837156	88.717
25.198421	88.775
25.564940	88.833
25.936791	88.892
26.314050	88.950
26.696797	89.009
27.085111	89.069
27.479073	89.126
27.878765	89.181
28.284271	89.233
28.695675	89.284
29.113064	89.335
29.536523	89.384
29.966142	89.430
30.402009	89.470
30.844217	89.503
31.292856	89.534
31.748021	89.565
32.209807	89.598
32.678309	89.630
33.153626	89.659
33.635857	89.683
34.125101	89.703
34.621462	89.726
35.125043	89.754
35.635949	89.784
36.154286	89.810
36.680162	89.832
37.213687	89.853
37.754973	89.876
38.304131	89.900
38.861278	89.921
39.426528	89.938
40.000000	89.948
40.581813	89.957
41.172089	89.970
41.770951	89.985
42.378524	89.992
42.994934	89.991
43.620309	89.993
44.254781	90.007
44.898482	90.016
45.551545	90.010
46.214108	89.999
46.886308	90.007
47.568285	90.019
48.260181	90.016
48.962142	90.013
49.674312	90.017
50.396842	90.019
51.129881	90.014
51.873582	90.006
52.628101	89.996
53.393594	89.984
54.170222	89.971
54.958146	89.957
55.757531	89.943
56.568542	89.929
57.391351	89.916
58.226127	89.902
59.073046	89.887
59.932283	89.870
60.804018	89.852
61.688433	89.837
62.585712	89.820
63.496042	89.800
64.419613	89.777
65.356618	89.755
66.307252	89.733
67.271713	89.709
68.250203	89.683
69.242925	89.658
70.250086	89.631
71.271897	89.604
72.308571	89.577
73.360323	89.551
74.427374	89.516
75.509945	89.483
76.608262	89.454
77.722555	89.423
78.853056	89.391
80.000000	89.361
81.163627	89.323
82.344179	89.289
83.541903	89.257
84.757048	89.220
85.989867	89.182
87.240619	89.147
88.509563	89.106
89.796964	89.060
91.103091	89.022
92.428216	88.987
93.772615	88.948
95.136569	88.906
96.520362	88.865
97.924283	88.818
99.348625	88.771
100.793684	88.729
102.259762	88.686
103.747164	88.642
105.256202	88.597
106.787188	88.551
108.340444	88.506
109.916292	88.459
111.515061	88.412
113.137085	88.363
114.782702	88.315
116.452255	88.267
118.146092	88.220
119.864566	88.170
121.608036	88.121
123.376866	88.070
125.171424	88.021
126.992084	87.972
128.839227	87.921
130.713236	87.870
132.614504	87.818
134.543426	87.766
136.500406	87.715
138.485850	87.663
140.500173	87.610
142.543795	87.556
144.617142	87.503
146.720647	87.449
148.854748	87.395
151.019890	87.342
153.216525	87.288
155.445111	87.233
157.706112	87.178
160.000000	87.123
162.327254	87.068
164.688358	87.010
167.083805	86.952
169.514095	86.893
171.979734	86.833
174.481237	86.772
177.019125	86.710
179.593928	86.645
182.206182	86.585
184.856431	86.531
187.545230	86.488
190.273138	86.456
193.040725	86.425
195.848567	86.388
198.697250	86.347
201.587368	86.302
204.519524	86.257
207.494329	86.213
210.512403	86.167
213.574377	86.119
216.680888	86.066
219.832584	86.013
223.030122	85.965
226.274170	85.922
229.565404	85.886
232.904509	85.852
236.292183	85.810
239.729132	85.761
243.216073	85.710
246.753732	85.655
250.342848	85.597
253.984168	85.541
257.678453	85.485
261.426473	85.431
265.229008	85.390
269.086853	85.367
273.000811	85.363
276.971700	85.364
281.000346	85.353
285.087590	85.329
289.234284	85.297
293.441294	85.264
297.709496	85.233
302.039780	85.203
306.433050	85.172
310.890221	85.138
315.412224	85.101
320.000000	85.059
324.654507	85.017
329.376716	84.976
334.167610	84.935
339.028190	84.894
343.959469	84.853
348.962474	84.814
354.038251	84.776
359.187855	84.739
364.412363	84.701
369.712863	84.663
375.090460	84.627
380.546277	84.590
386.081450	84.555
391.697134	84.521
397.394500	84.488
403.174736	84.455
409.039048	84.423
414.988657	84.391
421.024807	84.359
427.148753	84.327
433.361775	84.296
439.665167	84.265
446.060244	84.238
452.548340	84.222
459.130807	84.221
465.809019	84.227
472.584367	84.230
479.458265	84.223
486.432146	84.209
493.507464	84.191
500.685695	84.172
507.968337	84.152
515.356906	84.134
522.852945	84.114
530.458016	84.096
538.173706	84.079
546.001623	84.061
553.943399	84.043
562.000691	84.028
570.175180	84.013
578.468569	83.999
586.882588	83.987
595.418991	83.974
604.079560	83.963
612.866100	83.953
621.780442	83.946
630.824447	83.938
640.000000	83.933
649.309014	83.928
658.753431	83.926
668.335221	83.926
678.056380	83.926
687.918938	83.928
697.924949	83.933
708.076501	83.939
718.375711	83.947
728.824726	83.958
739.425726	83.972
750.180921	83.990
761.092554	84.010
772.162900	84.034
783.394268	84.060
794.789000	84.083
806.349472	84.086
818.078095	84.067
829.977315	84.062
842.049613	84.098
854.297507	84.162
866.723550	84.236
879.330334	84.301
892.120489	84.335
905.096680	84.364
918.261614	84.422
931.618037	84.504
945.168733	84.593
958.916529	84.691
972.864291	84.798
987.014928	84.905
1001.371391	85.015
1015.936673	85.128
1030.713812	85.243
1045.705890	85.359
1060.916032	85.477
1076.347412	85.596
1092.003245	85.717
1107.886798	85.838
1124.001383	85.959
1140.350359	86.081
1156.937137	86.202
1173.765175	86.321
1190.837983	86.439
1208.159120	86.556
1225.732199	86.670
1243.560885	86.785
1261.648894	86.896
1280.000000	87.004
1298.618029	87.110
1317.506863	87.217
1336.670442	87.321
1356.112761	87.423
1375.837875	87.523
1395.849898	87.623
1416.153002	87.722
1436.751422	87.822
1457.649452	87.920
1478.851452	88.019
1500.361842	88.118
1522.185107	88.217
1544.325799	88.317
1566.788535	88.419
1589.577999	88.522
1612.698944	88.626
1636.156190	88.734
1659.954630	88.843
1684.099226	88.956
1708.595013	89.072
1733.447100	89.191
1758.660669	89.313
1784.240977	89.438
1810.193360	89.567
1836.523229	89.698
1863.236074	89.834
1890.337467	89.972
1917.833058	90.113
1945.728583	90.259
1974.029857	90.408
2002.742782	90.560
2031.873347	90.717
2061.427625	90.876
2091.411780	91.038
2121.832065	91.203
2152.694823	91.371
2184.006490	91.540
2215.773596	91.710
2248.002765	91.882
2280.700718	92.053
2313.874274	92.222
2347.530351	92.392
2381.675966	92.558
2416.318240	92.720
2451.464399	92.878
2487.121769	93.032
2523.297789	93.176
2560.000000	93.312
2597.236057	93.437
2635.013726	93.550
2673.340883	93.649
2712.225522	93.736
2751.675750	93.802
2791.699796	93.851
2832.306004	93.880
2873.502844	93.888
2915.298905	93.876
2957.702904	93.844
3000.723683	93.787
3044.370214	93.706
3088.651599	93.603
3133.577071	93.479
3179.155999	93.343
3225.397888	93.209
3272.312380	93.090
3319.909260	92.995
3368.198452	92.917
3417.190027	92.831
3466.894200	92.721
3517.321337	92.584
3568.481954	92.427
3620.386720	92.254
3673.046457	92.074
3726.472148	91.888
3780.674934	91.698
3835.666117	91.508
3891.457165	91.317
3948.059713	91.123
4005.485564	90.924
4063.746693	90.713
4122.855250	90.469
4182.823560	90.156
4243.664130	89.677
4305.389646	89.146
4368.012981	89.049
4431.547192	89.435
4496.005531	89.887
4561.401437	89.903
4627.748549	89.722
4695.060701	89.509
4763.351932	89.306
4832.636481	89.123
4902.928797	88.953
4974.243539	88.789
5046.595577	88.635
5120.000000	88.487
5194.472115	88.343
5270.027452	88.204
5346.681766	88.068
5424.451043	87.931
5503.351500	87.794
5583.399591	87.657
5664.612008	87.519
5747.005687	87.380
5830.597810	87.242
5915.405808	87.109
6001.447367	86.980
6088.740429	86.862
6177.303198	86.753
6267.154142	86.659
6358.311998	86.582
6450.795775	86.523
6544.624761	86.481
6639.818520	86.458
6736.396904	86.457
6834.380053	86.476
6933.788400	86.518
7034.642675	86.583
7136.963909	86.672
7240.773439	86.790
7346.092914	86.939
7452.944296	87.114
7561.349867	87.316
7671.332234	87.546
7782.914330	87.799
7896.119426	88.069
8010.971128	88.336
8127.493386	88.570
8245.710500	88.742
8365.647121	88.814
8487.328260	88.757
8610.779292	88.533
8736.025961	88.117
8863.094385	87.518
8992.011061	86.768
9122.802874	85.919
9255.497097	85.024
9390.121402	84.132
9526.703863	83.280
9665.272962	82.481
9805.857594	81.733
9948.487077	81.039
10093.191154	80.392
10240.000000	79.782
10388.944230	79.216
10540.054903	78.710
10693.363532	78.279
10848.902086	77.944
11006.703001	77.708
11166.799182	77.564
11329.224017	77.528
11494.011375	77.567
11661.195620	77.731
11830.811616	78.003
12002.894734	78.424
12177.480858	78.959
12354.606395	79.717
12534.308283	80.679
12716.623996	81.985
12901.591551	83.832
13089.249521	85.981
13279.637040	88.086
13472.793808	89.331
13668.760107	88.838
13867.576801	86.799
14069.285350	84.168
14273.927818	81.586
14481.546879	79.456
14692.185828	77.782
14905.888592	76.419
15122.699734	75.328
15342.664467	74.476
15565.828661	73.840
15792.238852	73.404
16021.942256	73.150
16254.986772	73.071
16491.420999	73.168
16731.294241	73.386
16974.656520	73.620
17221.558584	73.730
17472.051922	73.566
17726.188769	73.021
17984.022122	72.065
18245.605748	70.743
18510.994194	69.142
18780.242805	67.416
19053.407727	65.681
19330.545924	63.977
19611.715189	62.292
19896.974155	60.871
20186.382308	60.450
