20.000000	118.223
20.290907	118.217
20.586045	118.210
20.885476	118.203
21.189262	118.197
21.497467	118.191
21.810155	118.186
22.127391	118.182
22.449241	118.177
22.775773	118.172
23.107054	118.165
23.443154	118.155
23.784142	118.144
24.130091	118.131
24.481071	118.119
24.837156	118.108
25.198421	118.098
25.564940	118.089
25.936791	118.079
26.314050	118.068
26.696797	118.056
27.085111	118.043
27.479073	118.033
27.878765	118.023
28.284271	118.011
28.695675	117.996
29.113064	117.977
29.536523	117.957
29.966142	117.940
30.402009	117.932
30.844217	117.927
31.292856	117.920
31.748021	117.904
32.209807	117.882
32.678309	117.859
33.153626	117.838
33.635857	117.819
34.125101	117.799
34.621462	117.779
35.125043	117.759
35.635949	117.739
36.154286	117.716
36.680162	117.688
37.213687	117.659
37.754973	117.634
38.304131	117.613
38.861278	117.595
39.426528	117.576
40.000000	117.556
40.581813	117.539
41.172089	117.521
41.770951	117.499
42.378524	117.472
42.994934	117.445
43.620309	117.417
44.254781	117.392
44.898482	117.369
45.551545	117.351
46.214108	117.340
46.886308	117.326
47.568285	117.305
48.260181	117.275
48.962142	117.249
49.674312	117.227
50.396842	117.197
51.129881	117.158
51.873582	117.111
52.628101	117.058
53.393594	117.005
54.170222	116.967
54.958146	116.943
55.757531	116.916
56.568542	116.881
57.391351	116.844
58.226127	116.807
59.073046	116.770
59.932283	116.729
60.804018	116.688
61.688433	116.648
62.585712	116.608
63.496042	116.568
64.419613	116.529
65.356618	116.490
66.307252	116.449
67.271713	116.406
68.250203	116.361
69.242925	116.317
70.250086	116.273
71.271897	116.229
72.308571	116.185
73.360323	116.140
74.427374	116.091
75.509945	116.041
76.608262	115.990
77.722555	115.938
78.853056	115.887
80.000000	115.834
81.163627	115.780
82.344179	115.723
83.541903	115.667
84.757048	115.610
85.989867	115.552
87.240619	115.494
88.509563	115.435
89.796964	115.374
91.103091	115.312
92.428216	115.246
93.772615	115.176
95.136569	115.105
96.520362	115.033
97.924283	114.963
99.348625	114.897
100.793684	114.829
102.259762	114.758
103.747164	114.682
105.256202	114.604
106.787188	114.526
108.340444	114.448
109.916292	114.370
111.515061	114.291
113.137085	114.209
114.782702	114.123
116.452255	114.032
118.146092	113.940
119.864566	113.847
121.608036	113.753
123.376866	113.659
125.171424	113.565
126.992084	113.472
128.839227	113.378
130.713236	113.284
132.614504	113.194
134.543426	113.111
136.500406	113.036
138.485850	112.969
140.500173	112.911
142.543795	112.857
144.617142	112.809
146.720647	112.776
148.854748	112.763
151.019890	112.771
153.216525	112.799
155.445111	112.842
157.706112	112.894
160.000000	112.952
162.327254	113.009
164.688358	113.066
167.083805	113.120
169.514095	113.161
171.979734	113.180
174.481237	113.173
177.019125	113.143
179.593928	113.096
182.206182	113.037
184.856431	112.971
187.545230	112.896
190.273138	112.813
193.040725	112.723
195.848567	112.631
198.697250	112.539
201.587368	112.450
204.519524	112.362
207.494329	112.274
210.512403	112.184
213.574377	112.091
216.680888	111.995
219.832584	111.897
223.030122	111.798
226.274170	111.699
229.565404	111.599
232.904509	111.498
236.292183	111.397
239.729132	111.297
243.216073	111.199
246.753732	111.103
250.342848	111.010
253.984168	110.919
257.678453	110.835
261.426473	110.755
265.229008	110.678
269.086853	110.602
273.000811	110.527
276.971700	110.451
281.000346	110.373
285.087590	110.293
289.234284	110.209
293.441294	110.120
297.709496	110.026
302.039780	109.929
306.433050	109.828
310.890221	109.725
315.412224	109.618
320.000000	109.512
324.654507	109.407
329.376716	109.304
334.167610	109.206
339.028190	109.112
343.959469	109.024
348.962474	108.944
354.038251	108.876
359.187855	108.822
364.412363	108.782
369.712863	108.753
375.090460	108.735
380.546277	108.726
386.081450	108.730
391.697134	108.764
397.394500	108.823
403.174736	108.932
409.039048	109.079
414.988657	109.256
421.024807	109.449
427.148753	109.646
433.361775	109.840
439.665167	110.028
446.060244	110.210
452.548340	110.387
459.130807	110.562
465.809019	110.735
472.584367	110.902
479.458265	111.062
486.432146	111.213
493.507464	111.352
500.685695	111.478
507.968337	111.587
515.356906	111.677
522.852945	111.754
530.458016	111.820
538.173706	111.877
546.001623	111.923
553.943399	111.963
562.000691	111.999
570.175180	112.034
578.468569	112.066
586.882588	112.097
595.418991	112.128
604.079560	112.158
612.866100	112.188
621.780442	112.216
630.824447	112.241
640.000000	112.263
649.309014	112.282
658.753431	112.297
668.335221	112.311
678.056380	112.323
687.918938	112.336
697.924949	112.349
708.076501	112.364
718.375711	112.381
728.824726	112.402
739.425726	112.427
750.180921	112.457
761.092554	112.492
772.162900	112.532
783.394268	112.576
794.789000	112.623
806.349472	112.674
818.078095	112.728
829.977315	112.785
842.049613	112.846
854.297507	112.912
866.723550	112.983
879.330334	113.057
892.120489	113.135
905.096680	113.217
918.261614	113.302
931.618037	113.390
945.168733	113.482
958.916529	113.578
972.864291	113.678
987.014928	113.781
1001.371391	113.887
1015.936673	113.998
1030.713812	114.111
1045.705890	114.227
1060.916032	114.346
1076.347412	114.469
1092.003245	114.594
1107.886798	114.722
1124.001383	114.852
1140.350359	114.983
1156.937137	115.113
1173.765175	115.242
1190.837983	115.368
1208.159120	115.493
1225.732199	115.613
1243.560885	115.731
1261.648894	115.845
1280.000000	115.958
1298.618029	116.069
1317.506863	116.182
1336.670442	116.294
1356.112761	116.409
1375.837875	116.529
1395.849898	116.653
1416.153002	116.785
1436.751422	116.921
1457.649452	117.063
1478.851452	117.210
1500.361842	117.360
1522.185107	117.511
1544.325799	117.664
1566.788535	117.819
1589.577999	117.977
1612.698944	118.139
1636.156190	118.305
1659.954630	118.477
1684.099226	118.656
1708.595013	118.843
1733.447100	119.037
1758.660669	119.241
1784.240977	119.455
1810.193360	119.679
1836.523229	119.914
1863.236074	120.159
1890.337467	120.416
1917.833058	120.684
1945.728583	120.961
1974.029857	121.245
2002.742782	121.537
2031.873347	121.833
2061.427625	122.132
2091.411780	122.433
2121.832065	122.736
2152.694823	123.036
2184.006490	123.335
2215.773596	123.625
2248.002765	123.908
2280.700718	124.176
2313.874274	124.426
2347.530351	124.652
2381.675966	124.846
2416.318240	125.013
2451.464399	125.135
2487.121769	125.221
2523.297789	125.257
2560.000000	125.250
2597.236057	125.199
2635.013726	125.107
2673.340883	124.973
2712.225522	124.814
2751.675750	124.630
2791.699796	124.437
2832.306004	124.243
2873.502844	124.053
2915.298905	123.871
2957.702904	123.698
3000.723683	123.533
3044.370214	123.379
3088.651599	123.233
3133.577071	123.093
3179.155999	122.960
3225.397888	122.834
3272.312380	122.714
3319.909260	122.601
3368.198452	122.496
3417.190027	122.397
3466.894200	122.302
3517.321337	122.212
3568.481954	122.124
3620.386720	122.038
3673.046457	121.954
3726.472148	121.875
3780.674934	121.808
3835.666117	121.754
3891.457165	121.726
3948.059713	121.719
4005.485564	121.752
4063.746693	121.820
4122.855250	121.930
4182.823560	122.085
4243.664130	122.288
4305.389646	122.536
4368.012981	122.831
4431.547192	123.169
4496.005531	123.537
4561.401437	123.925
4627.748549	124.315
4695.060701	124.676
4763.351932	124.986
4832.636481	125.220
4902.928797	125.337
4974.243539	125.350
5046.595577	125.235
5120.000000	125.027
5194.472115	124.739
5270.027452	124.404
5346.681766	124.060
5424.451043	123.737
5503.351500	123.468
5583.399591	123.282
5664.612008	123.208
5747.005687	123.242
5830.597810	123.397
5915.405808	123.674
6001.447367	124.071
6088.740429	124.590
6177.303198	125.196
6267.154142	125.847
6358.311998	126.484
6450.795775	127.046
6544.624761	127.474
6639.818520	127.724
6736.396904	127.777
6834.380053	127.642
6933.788400	127.347
7034.642675	126.927
7136.963909	126.411
7240.773439	125.814
7346.092914	125.139
7452.944296	124.389
7561.349867	123.566
7671.332234	122.689
7782.914330	121.780
7896.119426	120.862
8010.971128	119.973
8127.493386	119.144
8245.710500	118.395
8365.647121	117.752
8487.328260	117.211
8610.779292	116.786
8736.025961	116.477
8863.094385	116.261
8992.011061	116.101
9122.802874	115.928
9255.497097	115.656
9390.121402	115.216
9526.703863	114.619
9665.272962	114.009
9805.857594	113.605
9948.487077	113.575
10093.191154	113.891
10240.000000	114.284
10388.944230	114.552
10540.054903	114.585
10693.363532	114.461
10848.902086	114.317
11006.703001	114.329
11166.799182	114.585
11329.224017	115.128
11494.011375	115.816
11661.195620	116.531
11830.811616	117.145
12002.894734	117.569
12177.480858	117.857
12354.606395	117.973
12534.308283	118.030
12716.623996	118.043
12901.591551	117.963
13089.249521	117.822
13279.637040	117.489
13472.793808	116.920
13668.760107	116.153
13867.576801	115.278
14069.285350	114.428
14273.927818	113.654
14481.546879	113.059
14692.185828	112.633
14905.888592	112.206
15122.699734	111.621
15342.664467	110.765
15565.828661	109.636
15792.238852	108.349
16021.942256	107.028
16254.986772	105.626
16491.420999	103.957
16731.294241	102.035
16974.656520	100.217
17221.558584	99.116
17472.051922	99.107
17726.188769	99.860
17984.022122	100.741
18245.605748	101.397
18510.994194	101.773
18780.242805	101.843
19053.407727	101.572
19330.545924	101.019
19611.715189	100.361
19896.974155	99.827
20186.382308	99.672
