2.726269 71.38
2.746025 71.45
2.765924 71.53
2.785967 71.62
2.806155 71.72
2.82649 71.82
2.846972 71.92
2.867602 72.02
2.888382 72.11
2.909312 72.21
2.930394 72.31
2.951629 72.41
2.973018 72.51
2.994561 72.61
3.016261 72.71
3.038118 72.82
3.060134 72.92
3.082309 73.02
3.104645 73.12
3.127142 73.23
3.149803 73.33
3.172627 73.44
3.195618 73.54
3.218774 73.65
3.242099 73.75
3.265593 73.86
3.289256 73.97
3.313092 74.07
3.3371 74.18
3.361282 74.29
3.385639 74.40
3.410173 74.50
3.434884 74.61
3.459775 74.72
3.484846 74.83
3.510098 74.94
3.535534 75.05
3.561154 75.17
3.586959 75.28
3.612952 75.39
3.639133 75.50
3.665504 75.61
3.692065 75.72
3.71882 75.83
3.745768 75.95
3.772911 76.06
3.800251 76.17
3.827789 76.28
3.855527 76.40
3.883466 76.51
3.911607 76.62
3.939952 76.74
3.968503 76.85
3.99726 76.97
4.026226 77.08
4.055401 77.19
4.084789 77.31
4.114388 77.42
4.144203 77.53
4.174234 77.64
4.204482 77.76
4.23495 77.87
4.265638 77.98
4.296548 78.10
4.327683 78.21
4.359043 78.32
4.39063 78.43
4.422447 78.54
4.454494 78.65
4.486773 78.77
4.519286 78.88
4.552034 78.99
4.58502 79.10
4.618245 79.20
4.651711 79.31
4.685419 79.42
4.719372 79.52
4.75357 79.63
4.788016 79.73
4.822712 79.84
4.85766 79.94
4.89286 80.04
4.928316 80.15
4.964029 80.25
5 80.35
5.036232 80.45
5.072727 80.54
5.109486 80.64
5.146511 80.73
5.183805 80.82
5.221369 80.92
5.259205 81.01
5.297316 81.10
5.335702 81.18
5.374367 81.27
5.413311 81.36
5.452538 81.44
5.49205 81.52
5.531847 81.61
5.571934 81.69
5.61231 81.78
5.652979 81.86
5.693943 81.94
5.735204 82.03
5.776763 82.11
5.818624 82.20
5.860788 82.28
5.903258 82.36
5.946035 82.45
5.989123 82.53
6.032523 82.62
6.076237 82.70
6.120268 82.78
6.164618 82.87
6.209289 82.95
6.254284 83.03
6.299605 83.11
6.345255 83.20
6.391235 83.28
6.437549 83.36
6.484198 83.44
6.531185 83.53
6.578513 83.61
6.626183 83.69
6.674199 83.77
6.722563 83.85
6.771278 83.93
6.820345 84.01
6.869768 84.09
6.919549 84.17
6.969691 84.25
7.020196 84.33
7.071068 84.41
7.122308 84.48
7.173919 84.56
7.225904 84.64
7.278266 84.71
7.331007 84.79
7.384131 84.86
7.437639 84.94
7.491535 85.01
7.545822 85.09
7.600502 85.16
7.655579 85.23
7.711054 85.30
7.766932 85.38
7.823214 85.45
7.879904 85.52
7.937005 85.59
7.99452 85.65
8.052452 85.72
8.110803 85.79
8.169578 85.86
8.228777 85.93
8.288406 86.00
8.348468 86.07
8.408964 86.15
8.469899 86.22
8.531276 86.29
8.593097 86.36
8.655366 86.43
8.718086 86.50
8.78126 86.57
8.844893 86.63
8.908987 86.70
8.973545 86.77
9.038571 86.84
9.104069 86.91
9.17004 86.98
9.23649 87.05
9.303422 87.11
9.370838 87.18
9.438744 87.25
9.50714 87.31
9.576033 87.38
9.645425 87.45
9.71532 87.51
9.785721 87.58
9.856632 87.64
9.928058 87.70
10 87.77
10.072464 87.83
10.145453 87.89
10.218971 87.96
10.293022 88.02
10.36761 88.08
10.442738 88.14
10.518411 88.20
10.594631 88.26
10.671404 88.32
10.748734 88.38
10.826623 88.43
10.905077 88.49
10.9841 88.54
11.063695 88.60
11.143867 88.65
11.224621 88.70
11.305959 88.76
11.387886 88.81
11.470407 88.87
11.553527 88.92
11.637249 88.98
11.721577 89.03
11.806517 89.08
11.892071 89.14
11.978246 89.19
12.065045 89.24
12.152473 89.30
12.240536 89.35
12.329235 89.40
12.418578 89.46
12.508568 89.51
12.599211 89.56
12.69051 89.61
12.782471 89.67
12.875097 89.72
12.968395 89.77
13.06237 89.82
13.157025 89.87
13.252366 89.92
13.348398 89.98
13.445127 90.03
13.542556 90.08
13.640691 90.12
13.739536 90.17
13.839099 90.22
13.939383 90.27
14.040393 90.32
14.142136 90.37
14.244616 90.42
14.347837 90.47
14.451808 90.52
14.556532 90.56
14.662014 90.61
14.768262 90.66
14.875278 90.71
14.98307 90.76
15.091644 90.81
15.201005 90.86
15.311157 90.91
15.422109 90.97
15.533863 91.02
15.646428 91.07
15.759809 91.12
15.87401 91.17
15.98904 91.22
16.104904 91.27
16.221605 91.32
16.339155 91.37
16.457554 91.42
16.576813 91.47
16.696936 91.52
16.817928 91.57
16.939798 91.62
17.062551 91.67
17.186193 91.72
17.310732 91.77
17.436172 91.82
17.562521 91.87
17.689787 91.92
17.817974 91.97
17.94709 92.02
18.077143 92.07
18.208138 92.12
18.34008 92.17
18.47298 92.22
18.606844 92.27
18.741676 92.31
18.877487 92.36
19.01428 92.41
19.152065 92.46
19.29085 92.51
19.430639 92.56
19.571442 92.60
19.713264 92.65
19.856115 92.70
20 92.75
20.144928 92.79
20.290907 92.84
20.437943 92.89
20.586044 92.93
20.73522 92.98
20.885475 93.03
21.036821 93.07
21.189262 93.12
21.342808 93.16
21.497467 93.20
21.653246 93.25
21.810154 93.29
21.968201 93.33
22.12739 93.37
22.287735 93.41
22.449242 93.44
22.611917 93.48
22.775772 93.52
22.940815 93.56
23.107054 93.60
23.274498 93.65
23.443153 93.69
23.613033 93.73
23.784142 93.77
23.956491 93.81
24.130091 93.85
24.304947 93.89
24.481071 93.93
24.65847 93.98
24.837156 94.02
25.017136 94.06
25.198421 94.11
25.38102 94.15
25.564941 94.19
25.750195 94.24
25.93679 94.28
26.124741 94.32
26.314051 94.37
26.504732 94.41
26.696796 94.45
26.890253 94.49
27.085112 94.53
27.281382 94.57
27.479073 94.60
27.678198 94.64
27.878765 94.67
28.080786 94.71
28.284271 94.74
28.489231 94.77
28.695675 94.81
28.903616 94.84
29.113064 94.87
29.324028 94.90
29.536524 94.93
29.750557 94.96
29.966141 94.99
30.183289 95.02
30.40201 95.05
30.622314 95.08
30.844217 95.11
31.067726 95.14
31.292856 95.17
31.519617 95.20
31.74802 95.23
31.978081 95.27
32.209808 95.30
32.443211 95.33
32.67831 95.36
32.915108 95.39
33.153625 95.42
33.393871 95.45
33.635857 95.48
33.879597 95.51
34.125103 95.54
34.372387 95.57
34.621464 95.60
34.872345 95.64
35.125042 95.67
35.379574 95.70
35.635948 95.73
35.89418 95.76
36.154285 95.79
36.416275 95.82
36.680161 95.85
36.945961 95.88
37.213688 95.91
37.483353 95.94
37.754974 95.97
38.028561 95.99
38.304131 96.02
38.581699 96.04
38.861279 96.07
39.142883 96.09
39.426529 96.11
39.712231 96.14
40 96.16
40.289856 96.19
40.581814 96.21
40.875885 96.24
41.172089 96.26
41.47044 96.29
41.77095 96.31
42.073643 96.34
42.378525 96.37
42.685616 96.39
42.994934 96.41
43.306492 96.43
43.620308 96.45
43.936401 96.47
44.25478 96.49
44.57547 96.51
44.898483 96.52
45.223835 96.54
45.551544 96.56
45.88163 96.57
46.214108 96.59
46.548996 96.60
46.886307 96.61
47.226067 96.63
47.568283 96.64
47.912983 96.66
48.260181 96.67
48.609894 96.69
48.962143 96.72
49.31694 96.75
49.674313 96.78
50.034271 96.81
50.396843 96.85
50.762039 96.87
51.129883 96.89
51.500389 96.91
51.873581 96.91
52.249481 96.91
52.628101 96.91
53.009464 96.91
53.393593 96.91
53.780506 96.92
54.170223 96.93
54.562763 96.95
54.958145 96.97
55.356396 96.98
55.75753 97.00
56.161572 97.02
56.568542 97.04
56.978462 97.06
57.39135 97.07
57.807232 97.08
58.226128 97.10
58.648056 97.11
59.073048 97.11
59.501114 97.12
59.932281 97.12
60.366577 97.13
60.80402 97.13
61.244629 97.13
61.688435 97.13
62.135452 97.14
62.585712 97.14
63.039234 97.14
63.49604 97.15
63.956161 97.15
64.419617 97.16
64.886421 97.16
65.356621 97.16
65.830215 97.17
66.307251 97.17
66.787743 97.17
67.271713 97.17
67.759193 97.18
68.250206 97.18
68.744774 97.18
69.242928 97.18
69.74469 97.18
70.250084 97.18
70.759148 97.18
71.271896 97.18
71.788361 97.17
72.308571 97.17
72.83255 97.17
73.360321 97.17
73.891922 97.17
74.427376 97.16
74.966705 97.16
75.509949 97.16
76.057121 97.16
76.608261 97.16
77.163399 97.16
77.722557 97.16
78.285767 97.16
78.853058 97.16
79.424461 97.15
80 97.15
80.579712 97.14
81.163628 97.13
81.75177 97.12
82.344177 97.10
82.94088 97.08
83.541901 97.07
84.147285 97.05
84.75705 97.04
85.371231 97.02
85.989868 97.01
86.612984 97.00
87.240616 96.99
87.872803 96.98
88.50956 96.96
89.15094 96.95
89.796967 96.93
90.44767 96.91
91.103088 96.90
91.76326 96.89
92.428215 96.88
93.097992 96.87
93.772614 96.87
94.452133 96.86
95.136566 96.85
95.825966 96.83
96.520363 96.81
97.219788 96.78
97.924286 96.75
98.633881 96.72
99.348625 96.69
100.068542 96.66
100.793686 96.64
101.524078 96.62
102.259766 96.60
103.000778 96.58
103.747162 96.55
104.498962 96.52
105.256203 96.49
106.018929 96.45
106.787186 96.42
107.561012 96.39
108.340446 96.37
109.125526 96.34
109.91629 96.32
110.712791 96.29
111.51506 96.26
112.323143 96.23
113.137085 96.20
113.956924 96.16
114.7827 96.13
115.614464 96.10
116.452255 96.06
117.296112 96.03
118.146095 96.00
119.002228 95.97
119.864563 95.93
120.733154 95.89
121.60804 95.85
122.489258 95.80
123.376869 95.75
124.270905 95.70
125.171425 95.64
126.078468 95.57
126.992081 95.52
127.912323 95.49
128.839233 95.50
129.772842 95.53
130.713242 95.56
131.660431 95.56
132.614502 95.50
133.575485 95.39
134.543427 95.28
135.518387 95.21
136.500412 95.19
137.489548 95.22
138.485855 95.28
139.48938 95.35
140.500168 95.41
141.518295 95.46
142.543793 95.51
143.576721 95.55
144.617142 95.59
145.6651 95.62
146.720642 95.65
147.783844 95.69
148.854752 95.73
149.933411 95.78
151.019897 95.82
152.114243 95.85
153.216522 95.88
154.326797 95.90
155.445114 95.93
156.571533 95.96
157.706116 95.99
158.848923 96.02
160 96.05
161.159424 96.08
162.327255 96.11
163.50354 96.13
164.688354 96.16
165.88176 96.18
167.083801 96.19
168.294571 96.20
169.514099 96.21
170.742462 96.22
171.979736 96.24
173.225967 96.25
174.481232 96.27
175.745605 96.28
177.019119 96.30
178.30188 96.30
179.593933 96.30
180.89534 96.30
182.206177 96.29
183.52652 96.28
184.85643 96.27
186.195984 96.25
187.545227 96.24
188.904266 96.21
190.273132 96.19
191.651932 96.15
193.040726 96.11
194.439575 96.08
195.848572 96.04
197.267761 96.02
198.69725 96.00
200.137085 95.97
201.587372 95.95
203.048157 95.91
204.519531 95.88
206.001556 95.84
207.494324 95.81
208.997925 95.77
210.512405 95.74
212.037857 95.70
213.574371 95.66
215.122025 95.62
216.680893 95.59
218.251053 95.56
219.832581 95.53
221.425583 95.49
223.030121 95.46
224.646286 95.43
226.27417 95.40
227.913849 95.37
229.565399 95.34
231.228928 95.31
232.90451 95.28
234.592224 95.26
236.292191 95.25
238.004456 95.23
239.729126 95.22
241.466309 95.20
243.21608 95.19
244.978516 95.17
246.753738 95.15
248.541809 95.13
250.34285 95.13
252.156937 95.12
253.984161 95.11
255.824646 95.11
257.678467 95.10
259.545685 95.11
261.426483 95.11
263.320862 95.12
265.229004 95.13
267.15097 95.12
269.086853 95.11
271.036774 95.10
273.000824 95.09
274.979095 95.08
276.97171 95.07
278.97876 95.06
281.000336 95.04
283.036591 95.03
285.087585 95.02
287.153442 95.01
289.234283 94.99
291.3302 94.96
293.441284 94.93
295.567688 94.90
297.709503 94.87
299.866821 94.85
302.039795 94.84
304.228485 94.83
306.433044 94.83
308.653595 94.82
310.890228 94.81
313.143066 94.81
315.412231 94.80
317.697845 94.80
320 94.81
322.318848 94.82
324.65451 94.82
327.00708 94.83
329.376709 94.84
331.763519 94.84
334.167603 94.85
336.589142 94.85
339.028198 94.84
341.484924 94.83
343.959473 94.81
346.451935 94.79
348.962463 94.78
351.491211 94.77
354.038239 94.76
356.60376 94.75
359.187866 94.73
361.79068 94.71
364.412354 94.69
367.05304 94.68
369.71286 94.68
372.391968 94.68
375.090454 94.68
377.808533 94.67
380.546265 94.66
383.303864 94.64
386.081451 94.62
388.87915 94.60
391.697144 94.58
394.535522 94.57
397.394501 94.56
400.27417 94.54
403.174744 94.52
406.096313 94.51
409.039062 94.50
412.003113 94.48
414.988647 94.47
417.99585 94.45
421.024811 94.43
424.075714 94.40
427.148743 94.39
430.244049 94.37
433.361786 94.36
436.502106 94.35
439.665161 94.33
442.851166 94.30
446.060242 94.28
449.292572 94.25
452.54834 94.22
455.827698 94.20
459.130798 94.18
462.457855 94.17
465.809021 94.16
469.184448 94.15
472.584381 94.14
476.008911 94.13
479.458252 94.12
482.932617 94.12
486.432159 94.12
489.957031 94.12
493.507477 94.12
497.083618 94.13
500.685699 94.13
504.313873 94.13
507.968323 94.13
511.649292 94.14
515.356934 94.15
519.09137 94.16
522.852966 94.16
526.641724 94.17
530.458008 94.18
534.301941 94.19
538.173706 94.20
542.073547 94.20
546.001648 94.21
549.958191 94.21
553.94342 94.21
557.95752 94.22
562.000671 94.22
566.073181 94.23
570.175171 94.24
574.306885 94.26
578.468567 94.27
582.6604 94.29
586.882568 94.30
591.135376 94.31
595.419006 94.32
599.733643 94.33
604.07959 94.34
608.45697 94.36
612.866089 94.39
617.30719 94.41
621.780457 94.42
626.286133 94.43
630.824463 94.44
635.395691 94.45
640 94.47
644.637695 94.47
649.309021 94.48
654.01416 94.49
658.753418 94.50
663.527039 94.51
668.335205 94.52
673.178284 94.52
678.056396 94.53
682.969849 94.53
687.918945 94.54
692.90387 94.56
697.924927 94.58
702.982422 94.60
708.076477 94.62
713.20752 94.64
718.375732 94.67
723.58136 94.70
728.824707 94.72
734.106079 94.75
739.42572 94.78
744.783936 94.81
750.180908 94.83
755.617065 94.86
761.092529 94.89
766.607727 94.91
772.162903 94.94
777.758301 94.96
783.394287 94.98
789.071045 95.00
794.789001 95.02
800.54834 95.03
806.349487 95.04
812.192627 95.05
818.078125 95.07
824.006226 95.08
829.977295 95.09
835.991699 95.09
842.049622 95.10
848.151428 95.11
854.297485 95.11
860.488098 95.12
866.723572 95.13
873.004211 95.14
879.330322 95.15
885.702332 95.16
892.120483 95.16
898.585144 95.17
905.09668 95.17
911.655396 95.18
918.261597 95.19
924.91571 95.20
931.618042 95.21
938.368896 95.21
945.168762 95.22
952.017822 95.22
958.916504 95.22
965.865234 95.23
972.864319 95.24
979.914062 95.25
987.014954 95.25
994.167236 95.25
1001.371399 95.24
1008.627747 95.24
1015.936646 95.24
1023.298584 95.25
1030.713867 95.26
1038.182739 95.26
1045.705933 95.26
1053.283447 95.26
1060.916016 95.25
1068.603882 95.25
1076.347412 95.26
1084.147095 95.27
1092.003296 95.28
1099.916382 95.29
1107.886841 95.30
1115.915039 95.30
1124.001343 95.31
1132.146362 95.32
1140.350342 95.33
1148.61377 95.35
1156.937134 95.37
1165.320801 95.40
1173.765137 95.42
1182.270752 95.44
1190.838013 95.46
1199.467285 95.48
1208.15918 95.50
1216.91394 95.53
1225.732178 95.57
1234.61438 95.61
1243.560913 95.66
1252.572266 95.70
1261.648926 95.75
1270.791382 95.80
1280 95.86
1289.275391 95.93
1298.618042 96.00
1308.02832 96.08
1317.506836 96.15
1327.054077 96.23
1336.67041 96.31
1346.356567 96.40
1356.112793 96.49
1365.939697 96.59
1375.837891 96.70
1385.807739 96.81
1395.849854 96.92
1405.964844 97.04
1416.152954 97.15
1426.415039 97.27
1436.751465 97.39
1447.16272 97.52
1457.649414 97.65
1468.212158 97.79
1478.85144 97.93
1489.567871 98.06
1500.361816 98.20
1511.234131 98.34
1522.185059 98.48
1533.215454 98.61
1544.325806 98.75
1555.516602 98.88
1566.788574 99.02
1578.14209 99.16
1589.578003 99.29
1601.09668 99.42
1612.698975 99.54
1624.385254 99.66
1636.15625 99.78
1648.012451 99.90
1659.95459 100.01
1671.983398 100.12
1684.099243 100.22
1696.302856 100.32
1708.594971 100.41
1720.976196 100.50
1733.447144 100.58
1746.008423 100.66
1758.660645 100.74
1771.404663 100.81
1784.240967 100.89
1797.170288 100.95
1810.193359 101.02
1823.310791 101.07
1836.523193 101.12
1849.831421 101.17
1863.236084 101.21
1876.737793 101.25
1890.337524 101.30
1904.035645 101.34
1917.833008 101.37
1931.730469 101.41
1945.728638 101.44
1959.828125 101.47
1974.029907 101.50
1988.334473 101.53
2002.742798 101.55
2017.255493 101.58
2031.873291 101.60
2046.597168 101.63
2061.427734 101.65
2076.365479 101.66
2091.411865 101.68
2106.566895 101.70
2121.832031 101.71
2137.207764 101.72
2152.694824 101.74
2168.294189 101.75
2184.006592 101.76
2199.832764 101.78
2215.773682 101.80
2231.830078 101.81
2248.002686 101.83
2264.292725 101.84
2280.700684 101.86
2297.227539 101.88
2313.874268 101.89
2330.641602 101.91
2347.530273 101.92
2364.541504 101.94
2381.676025 101.95
2398.93457 101.97
2416.318359 101.99
2433.827881 102.00
2451.464355 102.02
2469.22876 102.04
2487.121826 102.06
2505.144531 102.08
2523.297852 102.10
2541.582764 102.12
2560 102.14
2578.550781 102.16
2597.236084 102.18
2616.056641 102.20
2635.013672 102.22
2654.108154 102.24
2673.34082 102.25
2692.713135 102.27
2712.225586 102.29
2731.879395 102.30
2751.675781 102.32
2771.615479 102.34
2791.699707 102.35
2811.929688 102.36
2832.305908 102.38
2852.830078 102.39
2873.50293 102.40
2894.325439 102.41
2915.298828 102.42
2936.424316 102.42
2957.702881 102.43
2979.135742 102.44
3000.723633 102.44
3022.468262 102.45
3044.370117 102.45
3066.430908 102.45
3088.651611 102.46
3111.033203 102.46
3133.577148 102.47
3156.28418 102.47
3179.156006 102.47
3202.193359 102.47
3225.397949 102.48
3248.770508 102.48
3272.3125 102.48
3296.024902 102.49
3319.90918 102.49
3343.966797 102.50
3368.198486 102.51
3392.605713 102.52
3417.189941 102.53
3441.952393 102.54
3466.894287 102.55
3492.016846 102.57
3517.321289 102.59
3542.809326 102.61
3568.481934 102.63
3594.340576 102.66
3620.386719 102.69
3646.621582 102.72
3673.046387 102.75
3699.662842 102.78
3726.472168 102.82
3753.475586 102.85
3780.675049 102.88
3808.071289 102.91
3835.666016 102.94
3863.460938 102.97
3891.457275 103.01
3919.65625 103.06
3948.059814 103.13
3976.668945 103.20
4005.485596 103.28
4034.510986 103.37
4063.746582 103.47
4093.194336 103.57
4122.855469 103.68
4152.730957 103.79
4182.82373 103.91
4213.133789 104.03
4243.664062 104.15
4274.415527 104.27
4305.389648 104.38
4336.588379 104.49
4368.013184 104.60
4399.665527 104.69
4431.547363 104.78
4463.660156 104.85
4496.005371 104.90
4528.585449 104.92
4561.401367 104.92
4594.455078 104.90
4627.748535 104.84
4661.283203 104.75
4695.060547 104.62
4729.083008 104.45
4763.352051 104.25
4797.869141 104.00
4832.636719 103.71
4867.655762 103.39
4902.928711 103.04
4938.45752 102.67
4974.243652 102.27
5010.289062 101.86
5046.595703 101.45
5083.165527 101.05
5120 100.67
5157.101562 100.33
5194.472168 100.03
5232.113281 99.79
5270.027344 99.63
5308.216309 99.53
5346.681641 99.51
5385.42627 99.56
5424.451172 99.66
5463.758789 99.81
5503.351562 100.00
5543.230957 100.21
5583.399414 100.43
5623.859375 100.65
5664.611816 100.86
5705.660156 101.04
5747.005859 101.20
5788.650879 101.33
5830.597656 101.43
5872.848633 101.50
5915.405762 101.55
5958.271484 101.58
6001.447266 101.59
6044.936523 101.59
6088.740234 101.59
6132.861816 101.58
6177.303223 101.57
6222.066406 101.57
6267.154297 101.57
6312.568359 101.57
6358.312012 101.58
6404.386719 101.60
6450.795898 101.63
6497.541016 101.67
6544.625 101.72
6592.049805 101.77
6639.818359 101.84
6687.933594 101.90
6736.396973 101.98
6785.211426 102.06
6834.379883 102.14
6883.904785 102.23
6933.788574 102.31
6984.033691 102.39
7034.642578 102.46
7085.618652 102.52
7136.963867 102.57
7188.681152 102.61
7240.773438 102.62
7293.243164 102.61
7346.092773 102.58
7399.325684 102.53
7452.944336 102.46
7506.951172 102.38
7561.350098 102.29
7616.142578 102.18
7671.332031 102.05
7726.921875 101.90
7782.914551 101.72
7839.3125 101.52
7896.119629 101.30
7953.337891 101.06
8010.971191 100.80
8069.021973 100.52
8127.493164 100.22
8186.388672 99.90
8245.710938 99.56
8305.461914 99.19
8365.647461 98.80
8426.267578 98.37
8487.328125 97.91
8548.831055 97.43
8610.779297 96.91
8673.176758 96.36
8736.026367 95.78
8799.331055 95.18
8863.094727 94.55
8927.320312 93.89
8992.010742 93.20
9057.170898 92.49
9122.802734 91.77
9188.910156 91.03
9255.49707 90.30
9322.566406 89.58
9390.121094 88.88
9458.166016 88.22
9526.704102 87.61
9595.738281 87.07
9665.273438 86.61
9735.311523 86.24
9805.857422 85.97
9876.915039 85.80
9948.487305 85.73
10020.578125 85.73
10093.191406 85.80
10166.331055 85.90
10240 86.02
10314.203125 86.12
10388.944336 86.20
10464.226562 86.24
10540.054688 86.23
10616.432617 86.16
10693.363281 86.03
10770.852539 85.85
10848.902344 85.63
10927.517578 85.39
11006.703125 85.15
11086.461914 84.93
11166.798828 84.74
11247.71875 84.59
11329.223633 84.51
11411.320312 84.49
11494.011719 84.53
11577.301758 84.63
11661.195312 84.78
11745.697266 84.99
11830.811523 85.25
11916.542969 85.54
12002.894531 85.87
12089.873047 86.23
12177.480469 86.63
12265.723633 87.07
12354.606445 87.55
12444.132812 88.06
12534.308594 88.61
12625.136719 89.18
12716.624023 89.77
12808.773438 90.37
12901.591797 91.00
12995.082031 91.63
13089.25 92.27
13184.099609 92.93
13279.636719 93.59
13375.867188 94.26
13472.793945 94.94
13570.422852 95.62
13668.759766 96.29
13767.80957 96.92
13867.577148 97.50
13968.067383 98.01
14069.285156 98.43
14171.237305 98.73
14273.927734 98.91
14377.362305 98.95
14481.546875 98.84
14586.486328 98.60
14692.185547 98.23
14798.651367 97.76
14905.888672 97.22
15013.902344 96.63
15122.700195 96.02
15232.285156 95.43
15342.664062 94.86
15453.84375 94.33
15565.829102 93.86
15678.625 93.44
15792.239258 93.09
15906.675781 92.82
16021.942383 92.66
16138.043945 92.65
16254.986328 92.85
16372.777344 93.24
16491.421875 93.78
16610.923828 94.38
16731.294922 95.00
16852.535156 95.61
16974.65625 96.22
17097.662109 96.86
17221.558594 97.50
17346.353516 98.13
17472.052734 98.68
17598.662109 99.10
17726.189453 99.38
17854.640625 99.49
17984.021484 99.42
18114.341797 99.17
18245.605469 98.72
18377.820312 98.01
18510.994141 96.96
18645.132812 95.48
18780.242188 93.46
18916.332031 90.75
19053.408203 87.45
19191.476562 83.77
19330.546875 80.82
19470.623047 79.86
19611.714844 80.47
19753.830078 81.61
19896.974609 82.34
20041.15625 82.42
20186.382812 81.84
20332.662109 80.61
20480 78.83
20628.40625 76.72
20777.888672 74.52
20928.453125 72.42
21080.109375 70.52
21232.865234 68.85
21386.726562 67.41
21541.705078 66.19
21697.804688 65.25
21855.035156 64.63
