2.720000	90.416
2.760000	90.514
2.800000	90.652
2.850000	90.828
2.900000	90.999
2.950000	91.172
3.000000	91.343
3.040000	91.480
3.070000	91.581
3.110000	91.717
3.150000	91.852
3.200000	92.018
3.250000	92.184
3.300000	92.347
3.350000	92.510
3.400000	92.672
3.450000	92.832
3.500000	92.990
3.550000	93.148
3.600000	93.303
3.650000	93.456
3.700000	93.607
3.750000	93.756
3.820000	93.963
3.870000	94.108
3.950000	94.337
4.000000	94.477
4.060000	94.641
4.120000	94.802
4.180000	94.959
4.250000	95.140
4.310000	95.291
4.370000	95.436
4.440000	95.603
4.500000	95.742
4.550000	95.855
4.620000	96.006
4.680000	96.131
4.750000	96.272
4.820000	96.407
4.870000	96.499
4.940000	96.624
5.000000	96.726
5.080000	96.853
5.150000	96.958
5.220000	97.054
5.300000	97.157
5.380000	97.251
5.450000	97.328
5.520000	97.403
5.600000	97.487
5.700000	97.590
5.800000	97.690
5.900000	97.787
6.000000	97.882
6.080000	97.956
6.150000	98.019
6.220000	98.082
6.300000	98.151
6.400000	98.236
6.500000	98.319
6.600000	98.398
6.700000	98.475
6.800000	98.549
6.900000	98.620
7.000000	98.690
7.100000	98.757
7.200000	98.821
7.300000	98.882
7.400000	98.941
7.500000	98.998
7.620000	99.062
7.750000	99.128
7.880000	99.189
8.000000	99.243
8.120000	99.294
8.250000	99.350
8.380000	99.406
8.500000	99.454
8.620000	99.503
8.750000	99.553
8.850000	99.591
9.000000	99.647
9.120000	99.690
9.250000	99.734
9.380000	99.778
9.500000	99.816
9.620000	99.854
9.750000	99.893
9.880000	99.930
10.000000	99.964
10.150000	100.004
10.300000	100.041
10.440000	100.074
10.600000	100.110
10.750000	100.141
10.900000	100.171
11.060000	100.201
11.200000	100.226
11.380000	100.258
11.500000	100.279
11.720000	100.316
11.800000	100.328
12.060000	100.369
12.200000	100.391
12.410000	100.421
12.500000	100.434
12.650000	100.455
12.800000	100.475
13.150000	100.519
13.200000	100.525
13.400000	100.549
13.600000	100.574
13.800000	100.598
14.000000	100.621
14.300000	100.656
14.500000	100.677
14.750000	100.703
15.000000	100.727
15.250000	100.751
15.500000	100.773
15.750000	100.794
16.000000	100.814
16.250000	100.832
16.500000	100.847
16.750000	100.862
17.000000	100.876
17.250000	100.888
17.500000	100.900
17.750000	100.912
18.000000	100.923
18.250000	100.933
18.500000	100.942
18.750000	100.952
19.000000	100.960
19.250000	100.968
19.500000	100.976
19.750000	100.983
20.000000	100.990
20.299999	100.998
20.600000	101.005
20.900000	101.012
21.200001	101.017
21.400000	101.022
21.799999	101.028
22.000000	101.031
22.400000	101.035
22.700001	101.038
23.000000	101.041
23.299999	101.044
23.600000	101.047
24.000000	101.050
24.299999	101.053
24.700001	101.055
25.000000	101.057
25.400000	101.059
25.799999	101.061
26.200001	101.062
26.500000	101.064
26.900000	101.064
27.200001	101.064
27.600000	101.063
28.000000	101.061
28.500000	101.059
29.000000	101.054
29.500000	101.050
30.000000	101.043
30.400000	101.037
30.700001	101.034
31.100000	101.028
31.500000	101.021
32.000000	101.013
32.500000	101.005
33.000000	100.998
33.500000	100.990
34.000000	100.982
34.500000	100.974
35.000000	100.966
35.500000	100.958
36.000000	100.948
36.500000	100.939
37.000000	100.930
37.500000	100.920
38.200001	100.904
38.700001	100.893
39.500000	100.875
40.000000	100.863
40.599998	100.848
41.200001	100.833
41.799999	100.817
42.500000	100.798
43.099998	100.782
43.700001	100.765
44.400002	100.745
45.000000	100.726
45.500000	100.711
46.200001	100.691
46.799999	100.672
47.500000	100.650
48.200001	100.629
48.700001	100.614
49.400002	100.596
50.000000	100.581
50.799999	100.561
51.500000	100.543
52.200001	100.525
53.000000	100.505
53.799999	100.486
54.500000	100.469
55.200001	100.453
56.000000	100.435
57.000000	100.413
58.000000	100.391
59.000000	100.367
60.000000	100.338
60.799999	100.312
61.500000	100.290
62.200001	100.267
63.000000	100.240
64.000000	100.207
65.000000	100.174
66.000000	100.142
67.000000	100.107
68.000000	100.072
69.000000	100.035
70.000000	99.995
71.000000	99.953
72.000000	99.909
73.000000	99.864
74.000000	99.819
75.000000	99.775
76.199997	99.725
77.500000	99.672
78.800003	99.623
80.000000	99.577
81.199997	99.527
82.500000	99.469
83.800003	99.406
85.000000	99.346
86.199997	99.281
87.500000	99.203
88.500000	99.139
90.000000	99.040
91.199997	98.959
92.500000	98.868
93.800003	98.776
95.000000	98.693
96.199997	98.614
97.500000	98.535
98.800003	98.459
100.000000	98.388
101.500000	98.293
103.000000	98.189
104.400002	98.080
106.000000	97.948
107.500000	97.827
109.000000	97.719
110.599998	97.624
112.000000	97.564
113.800003	97.520
115.000000	97.513
117.199997	97.541
118.000000	97.565
120.599998	97.696
122.000000	97.793
124.099998	97.957
125.000000	98.027
126.500000	98.137
128.000000	98.234
131.500000	98.400
132.000000	98.417
134.000000	98.468
136.000000	98.489
138.000000	98.489
140.000000	98.472
143.000000	98.427
145.000000	98.381
147.500000	98.316
150.000000	98.249
152.500000	98.176
155.000000	98.100
157.500000	98.025
160.000000	97.951
162.500000	97.877
165.000000	97.800
167.500000	97.724
170.000000	97.648
172.500000	97.573
175.000000	97.496
177.500000	97.419
180.000000	97.341
182.500000	97.264
185.000000	97.186
187.500000	97.108
190.000000	97.029
192.500000	96.948
195.000000	96.868
197.500000	96.787
200.000000	96.705
203.000000	96.605
206.000000	96.505
209.000000	96.405
212.000000	96.305
214.000000	96.239
218.000000	96.111
220.000000	96.047
224.000000	95.918
227.000000	95.825
230.000000	95.733
233.000000	95.643
236.000000	95.557
240.000000	95.451
243.000000	95.377
247.000000	95.288
250.000000	95.228
254.000000	95.160
258.000000	95.103
262.000000	95.047
265.000000	95.003
269.000000	94.944
272.000000	94.896
276.000000	94.829
280.000000	94.760
285.000000	94.666
290.000000	94.570
295.000000	94.474
300.000000	94.379
304.000000	94.303
307.000000	94.247
311.000000	94.174
315.000000	94.102
320.000000	94.016
325.000000	93.937
330.000000	93.867
335.000000	93.797
340.000000	93.726
345.000000	93.659
350.000000	93.603
355.000000	93.560
360.000000	93.526
365.000000	93.495
370.000000	93.461
375.000000	93.419
382.000000	93.356
387.000000	93.311
395.000000	93.236
400.000000	93.192
406.000000	93.148
412.000000	93.114
418.000000	93.094
425.000000	93.083
431.000000	93.087
437.000000	93.109
444.000000	93.159
450.000000	93.221
455.000000	93.285
462.000000	93.391
468.000000	93.500
475.000000	93.648
482.000000	93.799
487.000000	93.900
494.000000	94.037
500.000000	94.151
508.000000	94.283
515.000000	94.386
522.000000	94.482
530.000000	94.573
538.000000	94.650
545.000000	94.707
552.000000	94.757
560.000000	94.805
570.000000	94.861
580.000000	94.916
590.000000	94.968
600.000000	95.024
608.000000	95.076
615.000000	95.123
622.000000	95.173
630.000000	95.241
640.000000	95.344
650.000000	95.460
660.000000	95.584
670.000000	95.716
680.000000	95.855
690.000000	95.994
700.000000	96.133
710.000000	96.267
720.000000	96.398
730.000000	96.525
740.000000	96.645
750.000000	96.756
762.000000	96.874
775.000000	96.987
788.000000	97.093
800.000000	97.183
812.000000	97.273
825.000000	97.373
838.000000	97.470
850.000000	97.561
862.000000	97.651
875.000000	97.745
885.000000	97.816
900.000000	97.921
912.000000	98.003
925.000000	98.088
938.000000	98.171
950.000000	98.244
962.000000	98.314
975.000000	98.392
988.000000	98.472
1000.000000	98.543
1015.000000	98.632
1030.000000	98.724
1044.000000	98.809
1060.000000	98.903
1075.000000	98.991
1090.000000	99.078
1106.000000	99.170
1120.000000	99.251
1138.000000	99.354
1150.000000	99.420
1172.000000	99.539
1180.000000	99.584
1206.000000	99.729
1220.000000	99.806
1241.000000	99.919
1250.000000	99.968
1265.000000	100.048
1280.000000	100.127
1315.000000	100.304
1320.000000	100.328
1340.000000	100.425
1360.000000	100.523
1380.000000	100.619
1400.000000	100.715
1430.000000	100.857
1450.000000	100.955
1475.000000	101.079
1500.000000	101.196
1525.000000	101.314
1550.000000	101.434
1575.000000	101.553
1600.000000	101.672
1625.000000	101.791
1650.000000	101.909
1675.000000	102.029
1700.000000	102.149
1725.000000	102.269
1750.000000	102.391
1775.000000	102.515
1800.000000	102.639
1825.000000	102.765
1850.000000	102.891
1875.000000	103.020
1900.000000	103.153
1925.000000	103.284
1950.000000	103.413
1975.000000	103.541
2000.000000	103.668
2030.000000	103.819
2060.000000	103.966
2090.000000	104.112
2120.000000	104.255
2140.000000	104.347
2180.000000	104.525
2200.000000	104.612
2240.000000	104.780
2270.000000	104.898
2300.000000	105.008
2330.000000	105.109
2360.000000	105.202
2400.000000	105.308
2430.000000	105.374
2470.000000	105.446
2500.000000	105.486
2540.000000	105.520
2580.000000	105.534
2620.000000	105.528
2650.000000	105.511
2690.000000	105.472
2720.000000	105.431
2760.000000	105.365
2800.000000	105.284
2850.000000	105.166
2900.000000	105.032
2950.000000	104.888
3000.000000	104.737
3040.000000	104.611
3070.000000	104.514
3110.000000	104.385
3150.000000	104.256
3200.000000	104.096
3250.000000	103.938
3300.000000	103.788
3350.000000	103.645
3400.000000	103.510
3450.000000	103.385
3500.000000	103.267
3550.000000	103.161
3600.000000	103.069
3650.000000	102.988
3700.000000	102.921
3750.000000	102.865
3820.000000	102.811
3870.000000	102.791
3950.000000	102.785
4000.000000	102.800
4060.000000	102.839
4120.000000	102.899
4180.000000	102.982
4250.000000	103.107
4310.000000	103.236
4370.000000	103.381
4440.000000	103.572
4500.000000	103.756
4550.000000	103.929
4620.000000	104.200
4680.000000	104.458
4750.000000	104.787
4820.000000	105.151
4870.000000	105.434
4940.000000	105.860
5000.000000	106.250
5080.000000	106.793
5150.000000	107.282
5220.000000	107.775
5300.000000	108.319
5380.000000	108.811
5450.000000	109.177
5520.000000	109.460
5600.000000	109.659
5700.000000	109.700
5800.000000	109.516
5900.000000	109.148
6000.000000	108.657
6080.000000	108.225
6150.000000	107.840
6220.000000	107.463
6300.000000	107.053
6400.000000	106.591
6500.000000	106.198
6600.000000	105.876
6700.000000	105.629
6800.000000	105.456
6900.000000	105.351
7000.000000	105.311
7100.000000	105.328
7200.000000	105.393
7300.000000	105.486
7400.000000	105.585
7500.000000	105.660
7620.000000	105.666
7750.000000	105.507
7880.000000	105.122
8000.000000	104.556
8120.000000	103.812
8250.000000	102.863
8380.000000	101.835
8500.000000	100.869
8620.000000	99.923
8750.000000	98.945
8850.000000	98.236
9000.000000	97.250
9120.000000	96.528
9250.000000	95.808
9380.000000	95.156
9500.000000	94.617
9620.000000	94.135
9750.000000	93.673
9880.000000	93.278
10000.000000	92.969
10150.000000	92.657
10300.000000	92.429
10440.000000	92.294
10600.000000	92.233
10750.000000	92.259
10900.000000	92.364
11060.000000	92.571
11200.000000	92.838
11380.000000	93.304
11500.000000	93.696
11720.000000	94.602
11800.000000	94.998
12060.000000	96.530
12200.000000	97.491
12410.000000	98.985
12500.000000	99.570
12650.000000	100.332
12800.000000	100.697
13150.000000	99.887
13200.000000	99.640
13400.000000	98.609
13600.000000	97.755
13800.000000	97.204
14000.000000	96.922
14300.000000	96.894
14500.000000	97.137
14750.000000	97.721
15000.000000	98.401
15250.000000	98.790
15500.000000	98.610
15750.000000	97.842
16000.000000	96.692
16250.000000	95.562
16500.000000	94.757
16750.000000	94.285
17000.000000	94.213
17250.000000	94.612
17500.000000	95.217
17750.000000	95.469
18000.000000	94.803
18250.000000	93.001
18500.000000	90.372
18750.000000	87.453
19000.000000	84.683
19250.000000	82.217
19500.000000	79.820
19750.000000	78.353
20000.000000	78.250
20300.000000	78.106
20600.000000	76.939
20900.000000	74.356
21200.000000	71.122
21400.000000	68.690
21800.000000	63.788
