2.711 94.95
2.745 95.00
2.78 95.08
2.815 95.17
2.85 95.25
2.886 95.33
2.923 95.42
2.959 95.51
2.997 95.59
3.034 95.68
3.073 95.77
3.111 95.86
3.15 95.95
3.19 96.04
3.23 96.13
3.271 96.22
3.312 96.32
3.354 96.41
3.396 96.50
3.439 96.60
3.482 96.69
3.526 96.79
3.57 96.88
3.615 96.98
3.661 97.07
3.707 97.17
3.754 97.26
3.801 97.36
3.849 97.45
3.897 97.55
3.946 97.64
3.996 97.74
4.046 97.83
4.097 97.92
4.149 98.02
4.201 98.11
4.254 98.20
4.307 98.29
4.362 98.38
4.417 98.46
4.472 98.55
4.528 98.63
4.585 98.72
4.643 98.80
4.702 98.88
4.761 98.95
4.821 99.03
4.882 99.10
4.943 99.17
5.005 99.23
5.068 99.29
5.132 99.35
5.197 99.40
5.262 99.45
5.328 99.50
5.395 99.54
5.463 99.58
5.532 99.62
5.602 99.66
5.672 99.70
5.744 99.74
5.816 99.78
5.889 99.81
5.964 99.85
6.039 99.89
6.115 99.93
6.192 99.96
6.27 100.00
6.349 100.04
6.428 100.07
6.509 100.11
6.591 100.14
6.674 100.18
6.758 100.21
6.843 100.25
6.93 100.28
7.017 100.31
7.105 100.34
7.195 100.37
7.285 100.40
7.377 100.43
7.47 100.46
7.564 100.49
7.659 100.52
7.756 100.54
7.853 100.57
7.952 100.59
8.052 100.62
8.154 100.64
8.256 100.67
8.36 100.70
8.466 100.73
8.572 100.75
8.68 100.78
8.789 100.81
8.9 100.83
9.012 100.86
9.126 100.88
9.241 100.91
9.357 100.93
9.475 100.95
9.594 100.98
9.715 101.00
9.837 101.02
9.961 101.04
10.086 101.06
10.213 101.07
10.342 101.09
10.472 101.11
10.604 101.12
10.738 101.14
10.873 101.15
11.01 101.15
11.148 101.16
11.289 101.16
11.431 101.17
11.575 101.17
11.72 101.17
11.868 101.17
12.017 101.18
12.169 101.18
12.322 101.18
12.477 101.18
12.634 101.18
12.793 101.19
12.954 101.19
13.118 101.20
13.283 101.20
13.45 101.21
13.619 101.22
13.791 101.23
13.964 101.24
14.14 101.25
14.318 101.26
14.499 101.27
14.681 101.29
14.866 101.30
15.053 101.31
15.243 101.33
15.435 101.34
15.629 101.35
15.826 101.36
16.025 101.37
16.227 101.38
16.431 101.37
16.638 101.37
16.847 101.37
17.06 101.37
17.274 101.36
17.492 101.36
17.712 101.36
17.935 101.35
18.161 101.35
18.39 101.35
18.621 101.34
18.856 101.34
19.093 101.34
19.333 101.34
19.577 101.34
19.823 101.34
20.073 101.34
20.326 101.34
20.582 101.33
20.841 101.33
21.103 101.33
21.369 101.33
21.638 101.33
21.91 101.32
22.186 101.31
22.466 101.31
22.748 101.30
23.035 101.29
23.325 101.29
23.619 101.28
23.916 101.27
24.217 101.26
24.522 101.26
24.831 101.25
25.143 101.24
25.46 101.23
25.781 101.22
26.105 101.22
26.434 101.21
26.767 101.20
27.104 101.19
27.445 101.18
27.791 101.17
28.14 101.16
28.495 101.14
28.854 101.13
29.217 101.12
29.585 101.11
29.957 101.09
30.334 101.08
30.716 101.07
31.103 101.05
31.495 101.04
31.891 101.02
32.293 101.01
32.699 100.99
33.111 100.98
33.528 100.96
33.95 100.95
34.378 100.94
34.811 100.92
35.249 100.91
35.693 100.89
36.142 100.87
36.597 100.86
37.058 100.84
37.525 100.82
37.997 100.80
38.475 100.79
38.96 100.77
39.45 100.75
39.947 100.73
40.45 100.71
40.959 100.69
41.475 100.67
41.997 100.65
42.526 100.63
43.062 100.62
43.604 100.60
44.153 100.60
44.709 100.59
45.272 100.58
45.842 100.57
46.419 100.55
47.003 100.53
47.595 100.51
48.195 100.49
48.801 100.47
49.416 100.45
50.038 100.43
50.668 100.41
51.306 100.39
51.952 100.37
52.606 100.35
53.268 100.33
53.939 100.31
54.618 100.30
55.306 100.29
56.002 100.28
56.708 100.27
57.422 100.25
58.145 100.24
58.877 100.22
59.618 100.21
60.369 100.20
61.129 100.20
61.898 100.19
62.678 100.17
63.467 100.14
64.266 100.11
65.075 100.09
65.895 100.08
66.724 100.07
67.564 100.06
68.415 100.06
69.277 100.05
70.149 100.04
71.032 100.04
71.926 100.02
72.832 100.01
73.749 99.99
74.678 99.98
75.618 99.96
76.57 99.95
77.534 99.94
78.51 99.93
79.499 99.92
80.5 99.91
81.514 99.89
82.54 99.88
83.579 99.87
84.632 99.85
85.697 99.84
86.776 99.83
87.869 99.82
88.975 99.80
90.095 99.79
91.23 99.78
92.378 99.76
93.542 99.75
94.719 99.73
95.912 99.72
97.12 99.70
98.343 99.69
99.581 99.67
100.835 99.65
102.104 99.63
103.39 99.60
104.692 99.58
106.01 99.55
107.345 99.53
108.696 99.51
110.065 99.48
111.451 99.45
112.854 99.43
114.275 99.40
115.714 99.37
117.171 99.34
118.646 99.31
120.14 99.28
121.653 99.24
123.184 99.19
124.735 99.14
126.306 99.09
127.896 99.03
129.507 98.97
131.137 98.91
132.788 98.85
134.46 98.79
136.153 98.74
137.868 98.71
139.603 98.71
141.361 98.75
143.141 98.83
144.943 98.95
146.768 99.09
148.616 99.26
150.488 99.42
152.382 99.56
154.301 99.67
156.244 99.77
158.211 99.81
160.203 99.82
162.22 99.82
164.263 99.81
166.331 99.79
168.425 99.75
170.546 99.70
172.693 99.63
174.868 99.57
177.07 99.50
179.299 99.42
181.557 99.34
183.843 99.27
186.157 99.19
188.501 99.11
190.875 99.03
193.278 98.95
195.712 98.87
198.176 98.78
200.671 98.70
203.198 98.62
205.756 98.53
208.347 98.45
210.97 98.36
213.627 98.28
216.317 98.20
219.04 98.13
221.798 98.07
224.591 98.01
227.419 97.97
230.282 97.95
233.182 97.96
236.118 97.99
239.091 98.03
242.101 98.08
245.149 98.13
248.236 98.16
251.362 98.16
254.527 98.15
257.731 98.12
260.976 98.07
264.262 98.01
267.59 97.94
270.959 97.85
274.371 97.76
277.825 97.67
281.323 97.58
284.866 97.49
288.452 97.39
292.084 97.28
295.762 97.18
299.486 97.08
303.257 96.98
307.075 96.88
310.941 96.77
314.857 96.67
318.821 96.58
322.835 96.49
326.9 96.39
331.016 96.29
335.184 96.20
339.404 96.11
343.678 96.01
348.005 95.92
352.387 95.82
356.824 95.72
361.317 95.62
365.866 95.53
370.473 95.44
375.137 95.35
379.861 95.26
384.643 95.16
389.487 95.07
394.391 94.99
399.356 94.91
404.385 94.82
409.476 94.74
414.632 94.66
419.853 94.57
425.139 94.49
430.492 94.41
435.913 94.32
441.401 94.23
446.959 94.15
452.587 94.08
458.285 94.01
464.055 93.94
469.898 93.87
475.815 93.80
481.806 93.73
487.872 93.67
494.015 93.60
500.235 93.52
506.534 93.46
512.912 93.41
519.37 93.37
525.909 93.35
532.531 93.36
539.236 93.40
546.026 93.47
552.901 93.56
559.862 93.66
566.912 93.78
574.05 93.91
581.278 94.03
588.597 94.14
596.008 94.24
603.512 94.33
611.111 94.40
618.806 94.45
626.597 94.50
634.487 94.54
642.475 94.57
650.565 94.60
658.756 94.62
667.051 94.63
675.449 94.64
683.954 94.65
692.566 94.65
701.286 94.65
710.116 94.65
719.057 94.64
728.111 94.64
737.279 94.65
746.562 94.66
755.962 94.67
765.48 94.69
775.118 94.70
784.878 94.73
794.76 94.76
804.767 94.80
814.9 94.84
825.161 94.88
835.55 94.93
846.071 94.99
856.724 95.05
867.511 95.11
878.434 95.18
889.494 95.26
900.694 95.34
912.035 95.43
923.518 95.52
935.146 95.61
946.921 95.71
958.843 95.81
970.916 95.92
983.141 96.04
995.52 96.17
1008.055 96.30
1020.747 96.44
1033.6 96.59
1046.614 96.75
1059.792 96.92
1073.136 97.08
1086.648 97.22
1100.33 97.34
1114.184 97.48
1128.213 97.65
1142.418 97.84
1156.802 98.02
1171.368 98.21
1186.117 98.42
1201.051 98.62
1216.174 98.83
1231.487 99.04
1246.992 99.26
1262.693 99.48
1278.592 99.71
1294.691 99.94
1310.993 100.17
1327.499 100.40
1344.214 100.64
1361.139 100.89
1378.277 101.14
1395.631 101.40
1413.204 101.66
1430.998 101.92
1449.016 102.20
1467.26 102.48
1485.735 102.77
1504.442 103.04
1523.384 103.33
1542.565 103.63
1561.988 103.92
1581.655 104.22
1601.57 104.51
1621.735 104.80
1642.155 105.09
1662.831 105.37
1683.768 105.65
1704.969 105.90
1726.436 106.14
1748.174 106.36
1770.185 106.56
1792.474 106.73
1815.043 106.87
1837.896 106.97
1861.037 107.04
1884.47 107.07
1908.197 107.06
1932.224 107.01
1956.552 106.93
1981.187 106.83
2006.133 106.70
2031.392 106.54
2056.969 106.37
2082.869 106.17
2109.095 105.97
2135.65 105.76
2162.541 105.55
2189.769 105.33
2217.341 105.11
2245.26 104.90
2273.53 104.69
2302.156 104.49
2331.143 104.30
2360.494 104.11
2390.216 103.94
2420.311 103.78
2450.785 103.62
2481.643 103.48
2512.89 103.36
2544.53 103.25
2576.568 103.15
2609.01 103.07
2641.861 103.00
2675.124 102.95
2708.807 102.90
2742.914 102.87
2777.45 102.85
2812.421 102.85
2847.833 102.85
2883.69 102.87
2919.999 102.91
2956.765 102.98
2993.994 103.07
3031.691 103.19
3069.864 103.34
3108.517 103.53
3147.656 103.75
3187.289 104.01
3227.42 104.30
3268.057 104.61
3309.205 104.97
3350.872 105.37
3393.063 105.82
3435.785 106.28
3479.045 106.76
3522.85 107.22
3567.207 107.63
3612.122 107.93
3657.603 108.10
3703.656 108.07
3750.289 107.83
3797.509 107.37
3845.324 106.71
3893.74 105.88
3942.767 104.96
3992.411 103.99
4042.679 103.01
4093.581 102.04
4145.124 101.10
4197.315 100.19
4250.164 99.32
4303.678 98.50
4357.866 97.70
4412.737 96.94
4468.298 96.20
4524.559 95.48
4581.528 94.79
4639.214 94.12
4697.627 93.46
4756.775 92.82
4816.668 92.18
4877.315 91.54
4938.726 90.91
5000.91 90.29
5063.877 89.70
5127.637 89.23
5192.199 89.01
5257.574 89.24
5323.773 90.05
5390.805 91.35
5458.681 92.82
5527.412 94.13
5597.008 95.10
5667.48 95.65
5738.84 95.84
5811.099 95.78
5884.267 95.60
5958.356 95.38
6033.378 95.17
6109.345 95.00
6186.268 94.88
6264.16 94.82
6343.033 94.81
6422.898 94.85
6503.77 94.96
6585.659 95.14
6668.58 95.37
6752.544 95.64
6837.566 95.94
6923.659 96.26
7010.835 96.59
7099.109 96.91
7188.495 97.19
7279.005 97.41
7370.656 97.54
7463.461 97.57
7557.434 97.51
7652.59 97.34
7748.945 97.09
7846.512 96.78
7945.309 96.46
8045.349 96.14
8146.648 95.84
8249.224 95.58
8353.09 95.38
8458.265 95.27
8564.764 95.24
8672.603 95.29
8781.801 95.45
8892.373 95.71
9004.338 96.10
9117.712 96.62
9232.514 97.30
9348.762 98.15
9466.473 99.16
9585.666 100.31
9706.359 101.47
9828.573 102.38
9952.325 102.80
10077.637 102.57
10204.524 101.74
10333.011 100.51
10463.114 99.17
10594.856 97.91
10728.258 96.82
10863.338 95.92
11000.119 95.20
11138.622 94.68
11278.87 94.36
11420.883 94.25
11564.685 94.35
11710.297 94.67
11857.742 95.22
12007.044 96.00
12158.226 96.93
12311.311 97.87
12466.323 98.53
12623.288 98.65
12782.229 98.16
12943.171 97.18
13106.14 96.02
13271.16 94.92
13438.259 94.02
13607.461 93.39
13778.794 93.05
13952.284 93.03
14127.958 93.29
14305.845 93.82
14485.971 94.46
14668.365 94.90
14853.056 94.79
15040.071 93.93
15229.442 92.41
15421.198 90.56
15615.367 88.74
15811.982 87.21
16011.072 86.09
16212.669 85.40
16416.805 85.01
16623.51 84.55
16832.818 83.66
17044.762 82.17
17259.373 80.38
17476.688 79.14
17696.738 79.23
17919.559 79.85
18145.186 79.79
18373.654 78.67
18604.998 76.77
18839.256 74.62
19076.461 73.68
19316.654 75.50
19559.873 77.31
19806.152 77.59
20055.533 76.24
20308.055 73.62
20563.756 70.22
20822.676 66.76
21084.855 63.56
21350.338 60.68
21619.16 58.06
21891.369 56.28
