2.720000	70.688
2.760000	70.758
2.800000	70.856
2.850000	70.980
2.900000	71.103
2.950000	71.226
3.000000	71.348
3.040000	71.446
3.070000	71.519
3.110000	71.618
3.150000	71.715
3.200000	71.836
3.250000	71.957
3.300000	72.077
3.350000	72.197
3.400000	72.316
3.450000	72.436
3.500000	72.554
3.550000	72.672
3.600000	72.790
3.650000	72.905
3.700000	73.022
3.750000	73.137
3.820000	73.298
3.870000	73.412
3.950000	73.594
4.000000	73.706
4.060000	73.839
4.120000	73.972
4.180000	74.103
4.250000	74.255
4.310000	74.385
4.370000	74.511
4.440000	74.659
4.500000	74.785
4.550000	74.887
4.620000	75.030
4.680000	75.150
4.750000	75.288
4.820000	75.425
4.870000	75.522
4.940000	75.655
5.000000	75.769
5.080000	75.916
5.150000	76.042
5.220000	76.166
5.300000	76.306
5.380000	76.443
5.450000	76.561
5.520000	76.678
5.600000	76.813
5.700000	76.983
5.800000	77.152
5.900000	77.322
6.000000	77.490
6.080000	77.625
6.150000	77.744
6.220000	77.862
6.300000	77.995
6.400000	78.163
6.500000	78.329
6.600000	78.493
6.700000	78.656
6.800000	78.818
6.900000	78.977
7.000000	79.135
7.100000	79.290
7.200000	79.442
7.300000	79.594
7.400000	79.741
7.500000	79.885
7.620000	80.054
7.750000	80.233
7.880000	80.404
8.000000	80.555
8.120000	80.689
8.250000	80.814
8.380000	80.924
8.500000	81.017
8.620000	81.102
8.750000	81.187
8.850000	81.247
9.000000	81.332
9.120000	81.394
9.250000	81.459
9.380000	81.523
9.500000	81.580
9.620000	81.638
9.750000	81.703
9.880000	81.769
10.000000	81.834
10.150000	81.921
10.300000	82.016
10.440000	82.115
10.600000	82.240
10.750000	82.374
10.900000	82.525
11.060000	82.707
11.200000	82.882
11.380000	83.126
11.500000	83.297
11.720000	83.627
11.800000	83.750
12.060000	84.155
12.200000	84.375
12.410000	84.701
12.500000	84.838
12.650000	85.059
12.800000	85.270
13.150000	85.712
13.200000	85.767
13.400000	85.960
13.600000	86.090
13.800000	86.166
14.000000	86.210
14.300000	86.233
14.500000	86.229
14.750000	86.212
15.000000	86.192
15.250000	86.182
15.500000	86.192
15.750000	86.235
16.000000	86.321
16.250000	86.457
16.500000	86.633
16.750000	86.841
17.000000	87.072
17.250000	87.317
17.500000	87.569
17.750000	87.820
18.000000	88.063
18.250000	88.291
18.500000	88.494
18.750000	88.664
19.000000	88.797
19.250000	88.906
19.500000	89.008
19.750000	89.108
20.000000	89.207
20.299999	89.322
20.600000	89.434
20.900000	89.543
21.200001	89.650
21.400000	89.718
21.799999	89.844
22.000000	89.904
22.400000	90.020
22.700001	90.106
23.000000	90.192
23.299999	90.278
23.600000	90.364
24.000000	90.481
24.299999	90.571
24.700001	90.691
25.000000	90.781
25.400000	90.903
25.799999	91.025
26.200001	91.147
26.500000	91.237
26.900000	91.354
27.200001	91.439
27.600000	91.549
28.000000	91.656
28.500000	91.786
29.000000	91.913
29.500000	92.037
30.000000	92.157
30.400000	92.251
30.700001	92.319
31.100000	92.409
31.500000	92.496
32.000000	92.602
32.500000	92.703
33.000000	92.801
33.500000	92.895
34.000000	92.988
34.500000	93.078
35.000000	93.168
35.500000	93.256
36.000000	93.344
36.500000	93.430
37.000000	93.514
37.500000	93.599
38.200001	93.715
38.700001	93.798
39.500000	93.931
40.000000	94.010
40.599998	94.094
41.200001	94.163
41.799999	94.227
42.500000	94.299
43.099998	94.362
43.700001	94.422
44.400002	94.489
45.000000	94.543
45.500000	94.586
46.200001	94.640
46.799999	94.681
47.500000	94.727
48.200001	94.769
48.700001	94.799
49.400002	94.840
50.000000	94.874
50.799999	94.916
51.500000	94.950
52.200001	94.979
53.000000	95.011
53.799999	95.028
54.500000	95.025
55.200001	95.010
56.000000	94.989
57.000000	94.959
58.000000	94.923
59.000000	94.886
60.000000	94.852
60.799999	94.827
61.500000	94.803
62.200001	94.778
63.000000	94.744
64.000000	94.703
65.000000	94.677
66.000000	94.666
67.000000	94.672
68.000000	94.690
69.000000	94.722
70.000000	94.774
71.000000	94.851
72.000000	94.945
73.000000	95.052
74.000000	95.166
75.000000	95.290
76.199997	95.445
77.500000	95.617
78.800003	95.785
80.000000	95.935
81.199997	96.085
82.500000	96.247
83.800003	96.394
85.000000	96.511
86.199997	96.619
87.500000	96.727
88.500000	96.798
90.000000	96.880
91.199997	96.935
92.500000	97.004
93.800003	97.077
95.000000	97.142
96.199997	97.197
97.500000	97.247
98.800003	97.285
100.000000	97.313
101.500000	97.343
103.000000	97.369
104.400002	97.394
106.000000	97.422
107.500000	97.441
109.000000	97.447
110.599998	97.443
112.000000	97.436
113.800003	97.422
115.000000	97.411
117.199997	97.389
118.000000	97.380
120.599998	97.334
122.000000	97.298
124.099998	97.250
125.000000	97.234
126.500000	97.207
128.000000	97.167
131.500000	97.064
132.000000	97.049
134.000000	96.987
136.000000	96.920
138.000000	96.834
140.000000	96.737
143.000000	96.619
145.000000	96.544
147.500000	96.443
150.000000	96.315
152.500000	96.165
155.000000	96.006
157.500000	95.841
160.000000	95.684
162.500000	95.543
165.000000	95.420
167.500000	95.305
170.000000	95.197
172.500000	95.095
175.000000	94.990
177.500000	94.871
180.000000	94.740
182.500000	94.607
185.000000	94.463
187.500000	94.282
190.000000	94.106
192.500000	94.013
195.000000	93.965
197.500000	93.870
200.000000	93.736
203.000000	93.573
206.000000	93.371
209.000000	93.148
212.000000	92.965
214.000000	92.865
218.000000	92.666
220.000000	92.563
224.000000	92.380
227.000000	92.253
230.000000	92.124
233.000000	92.010
236.000000	91.918
240.000000	91.837
243.000000	91.804
247.000000	91.762
250.000000	91.740
254.000000	91.751
258.000000	91.773
262.000000	91.811
265.000000	91.855
269.000000	91.913
272.000000	91.955
276.000000	92.026
280.000000	92.106
285.000000	92.196
290.000000	92.267
295.000000	92.347
300.000000	92.438
304.000000	92.505
307.000000	92.549
311.000000	92.599
315.000000	92.642
320.000000	92.720
325.000000	92.812
330.000000	92.881
335.000000	92.959
340.000000	93.036
345.000000	93.072
350.000000	93.091
355.000000	93.115
360.000000	93.141
365.000000	93.174
370.000000	93.220
375.000000	93.283
382.000000	93.406
387.000000	93.494
395.000000	93.594
400.000000	93.647
406.000000	93.707
412.000000	93.748
418.000000	93.785
425.000000	93.843
431.000000	93.892
437.000000	93.945
444.000000	93.998
450.000000	94.035
455.000000	94.062
462.000000	94.094
468.000000	94.109
475.000000	94.126
482.000000	94.163
487.000000	94.199
494.000000	94.243
500.000000	94.279
508.000000	94.347
515.000000	94.415
522.000000	94.488
530.000000	94.578
538.000000	94.660
545.000000	94.716
552.000000	94.765
560.000000	94.822
570.000000	94.892
580.000000	94.951
590.000000	94.992
600.000000	95.029
608.000000	95.062
615.000000	95.091
622.000000	95.123
630.000000	95.159
640.000000	95.196
650.000000	95.219
660.000000	95.249
670.000000	95.297
680.000000	95.340
690.000000	95.381
700.000000	95.422
710.000000	95.455
720.000000	95.488
730.000000	95.524
740.000000	95.558
750.000000	95.583
762.000000	95.597
775.000000	95.576
788.000000	95.475
800.000000	95.282
812.000000	95.010
825.000000	94.702
838.000000	94.447
850.000000	94.359
862.000000	94.528
875.000000	94.892
885.000000	95.166
900.000000	95.479
912.000000	95.659
925.000000	95.805
938.000000	95.918
950.000000	95.999
962.000000	96.063
975.000000	96.124
988.000000	96.183
1000.000000	96.230
1015.000000	96.278
1030.000000	96.319
1044.000000	96.353
1060.000000	96.391
1075.000000	96.428
1090.000000	96.463
1106.000000	96.499
1120.000000	96.531
1138.000000	96.571
1150.000000	96.593
1172.000000	96.630
1180.000000	96.643
1206.000000	96.694
1220.000000	96.730
1241.000000	96.799
1250.000000	96.835
1265.000000	96.898
1280.000000	96.966
1315.000000	97.121
1320.000000	97.143
1340.000000	97.231
1360.000000	97.322
1380.000000	97.413
1400.000000	97.503
1430.000000	97.635
1450.000000	97.720
1475.000000	97.825
1500.000000	97.925
1525.000000	98.030
1550.000000	98.143
1575.000000	98.266
1600.000000	98.402
1625.000000	98.552
1650.000000	98.701
1675.000000	98.840
1700.000000	98.980
1725.000000	99.145
1750.000000	99.339
1775.000000	99.550
1800.000000	99.771
1825.000000	100.005
1850.000000	100.252
1875.000000	100.514
1900.000000	100.769
1925.000000	100.984
1950.000000	101.150
1975.000000	101.287
2000.000000	101.424
2030.000000	101.602
2060.000000	101.794
2090.000000	101.996
2120.000000	102.202
2140.000000	102.328
2180.000000	102.528
2200.000000	102.624
2240.000000	102.853
2270.000000	103.017
2300.000000	103.148
2330.000000	103.254
2360.000000	103.339
2400.000000	103.430
2430.000000	103.492
2470.000000	103.561
2500.000000	103.606
2540.000000	103.672
2580.000000	103.759
2620.000000	103.861
2650.000000	103.939
2690.000000	104.042
2720.000000	104.121
2760.000000	104.232
2800.000000	104.351
2850.000000	104.517
2900.000000	104.704
2950.000000	104.900
3000.000000	105.109
3040.000000	105.287
3070.000000	105.421
3110.000000	105.590
3150.000000	105.740
3200.000000	105.885
3250.000000	105.962
3300.000000	105.955
3350.000000	105.879
3400.000000	105.779
3450.000000	105.668
3500.000000	105.519
3550.000000	105.316
3600.000000	105.049
3650.000000	104.714
3700.000000	104.314
3750.000000	103.860
3820.000000	103.212
3870.000000	102.867
3950.000000	102.980
4000.000000	103.487
4060.000000	104.099
4120.000000	104.361
4180.000000	104.239
4250.000000	103.840
4310.000000	103.484
4370.000000	103.203
4440.000000	102.969
4500.000000	102.803
4550.000000	102.680
4620.000000	102.579
4680.000000	102.630
4750.000000	102.905
4820.000000	103.374
4870.000000	103.763
4940.000000	104.281
5000.000000	104.638
5080.000000	104.946
5150.000000	105.073
5220.000000	105.098
5300.000000	105.035
5380.000000	104.910
5450.000000	104.770
5520.000000	104.597
5600.000000	104.343
5700.000000	103.896
5800.000000	103.398
5900.000000	103.347
6000.000000	104.656
6080.000000	106.512
6150.000000	108.004
6220.000000	108.915
6300.000000	109.062
6400.000000	108.097
6500.000000	106.490
6600.000000	104.969
6700.000000	103.934
6800.000000	103.456
6900.000000	103.358
7000.000000	103.409
7100.000000	103.494
7200.000000	103.606
7300.000000	103.707
7400.000000	103.576
7500.000000	102.921
7620.000000	101.247
7750.000000	98.657
7880.000000	96.326
8000.000000	95.468
8120.000000	95.697
8250.000000	96.225
8380.000000	96.570
8500.000000	96.716
8620.000000	96.782
8750.000000	96.879
8850.000000	97.076
9000.000000	97.787
9120.000000	98.784
9250.000000	100.151
9380.000000	101.552
9500.000000	102.624
9620.000000	103.314
9750.000000	103.593
9880.000000	103.495
10000.000000	103.213
10150.000000	102.765
10300.000000	102.343
10440.000000	102.031
10600.000000	101.725
10750.000000	101.298
10900.000000	100.465
11060.000000	98.904
11200.000000	96.969
11380.000000	93.918
11500.000000	91.675
11720.000000	87.160
11800.000000	85.323
12060.000000	80.388
12200.000000	81.840
12410.000000	86.514
12500.000000	88.188
12650.000000	90.715
12800.000000	93.070
13150.000000	97.056
13200.000000	97.394
13400.000000	98.303
13600.000000	98.897
13800.000000	99.704
14000.000000	100.917
14300.000000	102.799
14500.000000	103.345
14750.000000	102.910
15000.000000	101.703
15250.000000	100.391
15500.000000	99.471
15750.000000	99.065
16000.000000	98.858
16250.000000	98.047
16500.000000	95.983
16750.000000	92.837
17000.000000	90.438
17250.000000	89.647
17500.000000	87.996
17750.000000	84.952
18000.000000	81.923
18250.000000	79.831
18500.000000	78.410
18750.000000	79.290
19000.000000	81.803
19250.000000	83.443
19500.000000	83.672
19750.000000	82.578
20000.000000	80.843
20300.000000	79.601
20600.000000	78.407
20900.000000	77.376
21200.000000	77.186
21400.000000	76.721
21800.000000	74.320
