2.720000	78.772
2.760000	78.925
2.800000	79.138
2.850000	79.409
2.900000	79.675
2.950000	79.942
3.000000	80.205
3.040000	80.417
3.070000	80.573
3.110000	80.784
3.150000	80.993
3.200000	81.249
3.250000	81.506
3.300000	81.760
3.350000	82.011
3.400000	82.263
3.450000	82.511
3.500000	82.757
3.550000	83.002
3.600000	83.245
3.650000	83.482
3.700000	83.719
3.750000	83.953
3.820000	84.278
3.870000	84.506
3.950000	84.867
4.000000	85.087
4.060000	85.349
4.120000	85.606
4.180000	85.858
4.250000	86.147
4.310000	86.391
4.370000	86.626
4.440000	86.898
4.500000	87.126
4.550000	87.311
4.620000	87.564
4.680000	87.773
4.750000	88.013
4.820000	88.243
4.870000	88.404
4.940000	88.622
5.000000	88.803
5.080000	89.032
5.150000	89.225
5.220000	89.407
5.300000	89.607
5.380000	89.794
5.450000	89.953
5.520000	90.107
5.600000	90.280
5.700000	90.494
5.800000	90.703
5.900000	90.908
6.000000	91.107
6.080000	91.264
6.150000	91.400
6.220000	91.533
6.300000	91.682
6.400000	91.866
6.500000	92.045
6.600000	92.219
6.700000	92.389
6.800000	92.555
6.900000	92.715
7.000000	92.871
7.100000	93.024
7.200000	93.172
7.300000	93.316
7.400000	93.455
7.500000	93.590
7.620000	93.746
7.750000	93.907
7.880000	94.062
8.000000	94.200
8.120000	94.334
8.250000	94.478
8.380000	94.621
8.500000	94.749
8.620000	94.876
8.750000	95.010
8.850000	95.111
9.000000	95.258
9.120000	95.374
9.250000	95.495
9.380000	95.615
9.500000	95.722
9.620000	95.826
9.750000	95.936
9.880000	96.044
10.000000	96.140
10.150000	96.257
10.300000	96.370
10.440000	96.471
10.600000	96.583
10.750000	96.683
10.900000	96.778
11.060000	96.879
11.200000	96.965
11.380000	97.072
11.500000	97.142
11.720000	97.270
11.800000	97.315
12.060000	97.459
12.200000	97.535
12.410000	97.645
12.500000	97.692
12.650000	97.768
12.800000	97.843
13.150000	98.011
13.200000	98.034
13.400000	98.126
13.600000	98.219
13.800000	98.311
14.000000	98.403
14.300000	98.535
14.500000	98.620
14.750000	98.725
15.000000	98.826
15.250000	98.923
15.500000	99.019
15.750000	99.110
16.000000	99.198
16.250000	99.280
16.500000	99.357
16.750000	99.431
17.000000	99.503
17.250000	99.573
17.500000	99.642
17.750000	99.708
18.000000	99.772
18.250000	99.835
18.500000	99.895
18.750000	99.954
19.000000	100.011
19.250000	100.067
19.500000	100.121
19.750000	100.175
20.000000	100.227
20.299999	100.288
20.600000	100.347
20.900000	100.406
21.200001	100.462
21.400000	100.498
21.799999	100.567
22.000000	100.601
22.400000	100.665
22.700001	100.713
23.000000	100.758
23.299999	100.803
23.600000	100.847
24.000000	100.904
24.299999	100.945
24.700001	100.998
25.000000	101.037
25.400000	101.088
25.799999	101.137
26.200001	101.186
26.500000	101.222
26.900000	101.267
27.200001	101.298
27.600000	101.335
28.000000	101.370
28.500000	101.413
29.000000	101.457
29.500000	101.502
30.000000	101.549
30.400000	101.588
30.700001	101.618
31.100000	101.659
31.500000	101.698
32.000000	101.744
32.500000	101.779
33.000000	101.807
33.500000	101.828
34.000000	101.850
34.500000	101.872
35.000000	101.898
35.500000	101.925
36.000000	101.955
36.500000	101.987
37.000000	102.017
37.500000	102.043
38.200001	102.072
38.700001	102.088
39.500000	102.114
40.000000	102.130
40.599998	102.148
41.200001	102.163
41.799999	102.179
42.500000	102.196
43.099998	102.209
43.700001	102.222
44.400002	102.234
45.000000	102.243
45.500000	102.249
46.200001	102.252
46.799999	102.249
47.500000	102.243
48.200001	102.242
48.700001	102.248
49.400002	102.267
50.000000	102.288
50.799999	102.312
51.500000	102.326
52.200001	102.334
53.000000	102.338
53.799999	102.337
54.500000	102.331
55.200001	102.321
56.000000	102.311
57.000000	102.305
58.000000	102.308
59.000000	102.311
60.000000	102.313
60.799999	102.312
61.500000	102.309
62.200001	102.302
63.000000	102.288
64.000000	102.268
65.000000	102.251
66.000000	102.235
67.000000	102.217
68.000000	102.191
69.000000	102.160
70.000000	102.142
71.000000	102.144
72.000000	102.157
73.000000	102.160
74.000000	102.150
75.000000	102.133
76.199997	102.113
77.500000	102.093
78.800003	102.069
80.000000	102.048
81.199997	102.033
82.500000	102.024
83.800003	102.007
85.000000	101.980
86.199997	101.947
87.500000	101.910
88.500000	101.885
90.000000	101.861
91.199997	101.847
92.500000	101.823
93.800003	101.795
95.000000	101.770
96.199997	101.746
97.500000	101.717
98.800003	101.680
100.000000	101.636
101.500000	101.577
103.000000	101.537
104.400002	101.514
106.000000	101.475
107.500000	101.430
109.000000	101.395
110.599998	101.356
112.000000	101.308
113.800003	101.232
115.000000	101.180
117.199997	101.082
118.000000	101.048
120.599998	100.945
122.000000	100.894
124.099998	100.816
125.000000	100.778
126.500000	100.701
128.000000	100.608
131.500000	100.393
132.000000	100.364
134.000000	100.245
136.000000	100.112
138.000000	99.989
140.000000	99.869
143.000000	99.638
145.000000	99.487
147.500000	99.320
150.000000	99.158
152.500000	99.016
155.000000	98.892
157.500000	98.801
160.000000	98.763
162.500000	98.760
165.000000	98.802
167.500000	98.944
170.000000	99.201
172.500000	99.545
175.000000	99.912
177.500000	100.239
180.000000	100.526
182.500000	100.775
185.000000	100.962
187.500000	101.082
190.000000	101.149
192.500000	101.173
195.000000	101.173
197.500000	101.166
200.000000	101.149
203.000000	101.109
206.000000	101.047
209.000000	100.952
212.000000	100.826
214.000000	100.739
218.000000	100.574
220.000000	100.493
224.000000	100.345
227.000000	100.246
230.000000	100.138
233.000000	100.021
236.000000	99.912
240.000000	99.769
243.000000	99.657
247.000000	99.524
250.000000	99.433
254.000000	99.305
258.000000	99.175
262.000000	99.047
265.000000	98.962
269.000000	98.856
272.000000	98.779
276.000000	98.686
280.000000	98.596
285.000000	98.473
290.000000	98.352
295.000000	98.244
300.000000	98.127
304.000000	98.034
307.000000	97.971
311.000000	97.886
315.000000	97.793
320.000000	97.676
325.000000	97.565
330.000000	97.448
335.000000	97.336
340.000000	97.233
345.000000	97.125
350.000000	97.017
355.000000	96.909
360.000000	96.802
365.000000	96.694
370.000000	96.579
375.000000	96.469
382.000000	96.316
387.000000	96.201
395.000000	96.022
400.000000	95.912
406.000000	95.775
412.000000	95.646
418.000000	95.527
425.000000	95.394
431.000000	95.284
437.000000	95.162
444.000000	95.022
450.000000	94.925
455.000000	94.858
462.000000	94.782
468.000000	94.734
475.000000	94.694
482.000000	94.686
487.000000	94.702
494.000000	94.747
500.000000	94.800
508.000000	94.876
515.000000	94.938
522.000000	94.988
530.000000	95.027
538.000000	95.047
545.000000	95.049
552.000000	95.040
560.000000	95.023
570.000000	94.995
580.000000	94.966
590.000000	94.950
600.000000	94.941
608.000000	94.938
615.000000	94.941
622.000000	94.948
630.000000	94.960
640.000000	94.978
650.000000	94.998
660.000000	95.017
670.000000	95.036
680.000000	95.057
690.000000	95.076
700.000000	95.094
710.000000	95.114
720.000000	95.139
730.000000	95.162
740.000000	95.181
750.000000	95.198
762.000000	95.217
775.000000	95.235
788.000000	95.253
800.000000	95.273
812.000000	95.296
825.000000	95.317
838.000000	95.338
850.000000	95.359
862.000000	95.382
875.000000	95.406
885.000000	95.428
900.000000	95.468
912.000000	95.504
925.000000	95.543
938.000000	95.584
950.000000	95.622
962.000000	95.662
975.000000	95.706
988.000000	95.750
1000.000000	95.789
1015.000000	95.833
1030.000000	95.878
1044.000000	95.917
1060.000000	95.959
1075.000000	95.996
1090.000000	96.032
1106.000000	96.070
1120.000000	96.102
1138.000000	96.134
1150.000000	96.149
1172.000000	96.168
1180.000000	96.183
1206.000000	96.372
1220.000000	96.573
1241.000000	96.898
1250.000000	97.023
1265.000000	97.211
1280.000000	97.385
1315.000000	97.747
1320.000000	97.799
1340.000000	98.019
1360.000000	98.241
1380.000000	98.450
1400.000000	98.642
1430.000000	98.828
1450.000000	98.852
1475.000000	98.849
1500.000000	98.922
1525.000000	99.077
1550.000000	99.239
1575.000000	99.356
1600.000000	99.410
1625.000000	99.388
1650.000000	99.293
1675.000000	99.144
1700.000000	98.988
1725.000000	98.888
1750.000000	98.916
1775.000000	99.095
1800.000000	99.355
1825.000000	99.617
1850.000000	99.846
1875.000000	100.045
1900.000000	100.222
1925.000000	100.380
1950.000000	100.523
1975.000000	100.659
2000.000000	100.788
2030.000000	100.934
2060.000000	101.075
2090.000000	101.217
2120.000000	101.359
2140.000000	101.453
2180.000000	101.642
2200.000000	101.740
2240.000000	101.943
2270.000000	102.099
2300.000000	102.261
2330.000000	102.427
2360.000000	102.594
2400.000000	102.825
2430.000000	103.002
2470.000000	103.241
2500.000000	103.431
2540.000000	103.708
2580.000000	103.986
2620.000000	104.217
2650.000000	104.344
2690.000000	104.452
2720.000000	104.491
2760.000000	104.491
2800.000000	104.436
2850.000000	104.302
2900.000000	104.114
2950.000000	103.897
3000.000000	103.665
3040.000000	103.480
3070.000000	103.343
3110.000000	103.166
3150.000000	103.001
3200.000000	102.810
3250.000000	102.639
3300.000000	102.489
3350.000000	102.360
3400.000000	102.251
3450.000000	102.161
3500.000000	102.090
3550.000000	102.037
3600.000000	102.004
3650.000000	101.988
3700.000000	101.991
3750.000000	102.010
3820.000000	102.061
3870.000000	102.114
3950.000000	102.222
4000.000000	102.300
4060.000000	102.403
4120.000000	102.511
4180.000000	102.619
4250.000000	102.738
4310.000000	102.824
4370.000000	102.893
4440.000000	102.948
4500.000000	102.962
4550.000000	102.945
4620.000000	102.877
4680.000000	102.780
4750.000000	102.626
4820.000000	102.433
4870.000000	102.274
4940.000000	102.034
5000.000000	101.812
5080.000000	101.498
5150.000000	101.206
5220.000000	100.898
5300.000000	100.535
5380.000000	100.178
5450.000000	99.880
5520.000000	99.606
5600.000000	99.331
5700.000000	99.046
5800.000000	98.828
5900.000000	98.675
6000.000000	98.587
6080.000000	98.561
6150.000000	98.572
6220.000000	98.612
6300.000000	98.690
6400.000000	98.833
6500.000000	99.025
6600.000000	99.261
6700.000000	99.531
6800.000000	99.826
6900.000000	100.141
7000.000000	100.470
7100.000000	100.800
7200.000000	101.119
7300.000000	101.407
7400.000000	101.642
7500.000000	101.788
7620.000000	101.808
7750.000000	101.599
7880.000000	101.155
8000.000000	100.572
8120.000000	99.869
8250.000000	99.040
8380.000000	98.197
8500.000000	97.447
8620.000000	96.749
8750.000000	96.072
8850.000000	95.615
9000.000000	95.041
9120.000000	94.681
9250.000000	94.401
9380.000000	94.237
9500.000000	94.183
9620.000000	94.215
9750.000000	94.344
9880.000000	94.583
10000.000000	94.915
10150.000000	95.490
10300.000000	96.223
10440.000000	96.988
10600.000000	97.820
10750.000000	98.346
10900.000000	98.407
11060.000000	97.857
11200.000000	96.922
11380.000000	95.358
11500.000000	94.254
11720.000000	92.368
11800.000000	91.757
12060.000000	90.029
12200.000000	89.197
12410.000000	87.864
12500.000000	87.229
12650.000000	86.206
12800.000000	85.554
13150.000000	85.426
13200.000000	85.374
13400.000000	84.958
13600.000000	84.552
13800.000000	84.512
14000.000000	84.887
14300.000000	85.811
14500.000000	86.245
14750.000000	86.140
15000.000000	85.207
15250.000000	83.709
15500.000000	82.091
15750.000000	80.684
16000.000000	79.639
16250.000000	79.120
16500.000000	79.255
16750.000000	80.010
17000.000000	81.180
17250.000000	81.930
17500.000000	81.242
17750.000000	78.685
18000.000000	74.494
18250.000000	69.867
18500.000000	67.288
18750.000000	66.686
19000.000000	65.838
19250.000000	64.598
19500.000000	64.918
19750.000000	67.974
20000.000000	70.683
20300.000000	71.468
20600.000000	70.681
20900.000000	69.226
21200.000000	67.472
21400.000000	66.017
21800.000000	62.692
