2.951000	79.238
2.988000	79.321
3.026000	79.454
3.064000	79.592
3.102000	79.731
3.141000	79.871
3.181000	80.013
3.221000	80.155
3.262000	80.299
3.303000	80.444
3.344000	80.590
3.386000	80.737
3.429000	80.886
3.472000	81.035
3.516000	81.186
3.560000	81.337
3.605000	81.489
3.650000	81.643
3.696000	81.797
3.743000	81.952
3.790000	82.108
3.838000	82.264
3.886000	82.421
3.935000	82.579
3.985000	82.738
4.035000	82.896
4.085000	83.055
4.137000	83.215
4.189000	83.375
4.242000	83.535
4.295000	83.695
4.349000	83.855
4.404000	84.015
4.459000	84.174
4.516000	84.334
4.572000	84.493
4.630000	84.651
4.688000	84.809
4.747000	84.965
4.807000	85.121
4.868000	85.276
4.929000	85.429
4.991000	85.581
5.054000	85.731
5.117000	85.880
5.182000	86.026
5.247000	86.170
5.313000	86.312
5.380000	86.451
5.448000	86.587
5.516000	86.720
5.586000	86.849
5.656000	86.975
5.727000	87.096
5.800000	87.214
5.873000	87.328
5.947000	87.439
6.021000	87.550
6.097000	87.661
6.174000	87.772
6.252000	87.882
6.330000	87.992
6.410000	88.101
6.491000	88.210
6.573000	88.319
6.655000	88.427
6.739000	88.534
6.824000	88.640
6.910000	88.746
6.997000	88.851
7.085000	88.955
7.174000	89.058
7.265000	89.160
7.356000	89.261
7.449000	89.361
7.542000	89.460
7.637000	89.557
7.734000	89.653
7.831000	89.747
7.930000	89.840
8.029000	89.931
8.131000	90.020
8.233000	90.108
8.337000	90.193
8.442000	90.277
8.548000	90.358
8.655000	90.437
8.764000	90.514
8.875000	90.590
8.987000	90.666
9.100000	90.742
9.214000	90.817
9.330000	90.892
9.448000	90.966
9.567000	91.040
9.687000	91.113
9.809000	91.186
9.933000	91.258
10.058000	91.329
10.184000	91.400
10.313000	91.469
10.442000	91.538
10.574000	91.606
10.707000	91.674
10.842000	91.740
10.978000	91.805
11.117000	91.869
11.257000	91.932
11.398000	91.993
11.542000	92.053
11.687000	92.114
11.834000	92.175
11.983000	92.237
12.134000	92.299
12.287000	92.360
12.442000	92.421
12.598000	92.481
12.757000	92.539
12.918000	92.597
13.080000	92.655
13.245000	92.711
13.412000	92.766
13.581000	92.820
13.752000	92.872
13.925000	92.924
14.100000	92.974
14.278000	93.023
14.457000	93.071
14.639000	93.115
14.824000	93.156
15.010000	93.194
15.199000	93.231
15.391000	93.268
15.584000	93.304
15.781000	93.340
15.979000	93.375
16.181000	93.409
16.384000	93.443
16.591000	93.476
16.800000	93.508
17.011000	93.539
17.225000	93.569
17.442000	93.599
17.662000	93.628
17.884000	93.657
18.109000	93.686
18.337000	93.715
18.568000	93.743
18.802000	93.771
19.039000	93.798
19.278000	93.825
19.521000	93.851
19.767000	93.877
20.016000	93.902
20.268000	93.926
20.523000	93.949
20.781000	93.969
21.043000	93.987
21.308000	94.005
21.576000	94.022
21.848000	94.039
22.123000	94.056
22.402000	94.072
22.684000	94.089
22.969000	94.105
23.259000	94.122
23.551000	94.138
23.848000	94.153
24.148000	94.168
24.452000	94.182
24.760000	94.196
25.072000	94.210
25.388000	94.223
25.707000	94.235
26.031000	94.246
26.359000	94.255
26.691000	94.264
27.027000	94.270
27.367000	94.275
27.712000	94.279
28.060000	94.283
28.414000	94.286
28.772000	94.289
29.134000	94.293
29.501000	94.297
29.872000	94.300
30.248000	94.304
30.629000	94.307
31.015000	94.310
31.405000	94.313
31.801000	94.316
32.201000	94.318
32.607000	94.321
33.017000	94.322
33.433000	94.323
33.854000	94.326
34.280000	94.330
34.712000	94.337
35.149000	94.349
35.591000	94.369
36.039000	94.399
36.493000	94.436
36.953000	94.474
37.418000	94.509
37.889000	94.529
38.366000	94.523
38.849000	94.490
39.338000	94.440
39.834000	94.384
40.335000	94.334
40.843000	94.300
41.357000	94.286
41.878000	94.292
42.405000	94.307
42.939000	94.325
43.480000	94.332
44.027000	94.319
44.582000	94.285
45.143000	94.241
45.711000	94.194
46.287000	94.145
46.870000	94.094
47.460000	94.041
48.058000	93.985
48.663000	93.928
49.275000	93.874
49.896000	93.843
50.524000	93.845
51.160000	93.871
51.804000	93.901
52.457000	93.921
53.117000	93.923
53.786000	93.908
54.463000	93.886
55.149000	93.872
55.843000	93.888
56.546000	93.942
57.258000	94.018
57.979000	94.090
58.709000	94.144
59.449000	94.178
60.197000	94.200
60.955000	94.215
61.722000	94.222
62.500000	94.223
63.287000	94.219
64.083000	94.222
64.890000	94.241
65.707000	94.273
66.535000	94.313
67.372000	94.359
68.221000	94.412
69.080000	94.470
69.949000	94.524
70.830000	94.564
71.722000	94.592
72.625000	94.615
73.540000	94.637
74.465000	94.659
75.403000	94.679
76.352000	94.695
77.314000	94.706
78.287000	94.714
79.273000	94.723
80.271000	94.732
81.282000	94.740
82.305000	94.743
83.342000	94.740
84.391000	94.735
85.454000	94.736
86.530000	94.744
87.619000	94.754
88.722000	94.765
89.839000	94.775
90.971000	94.782
92.116000	94.782
93.276000	94.776
94.450000	94.764
95.639000	94.745
96.844000	94.718
98.063000	94.681
99.298000	94.635
100.548000	94.582
101.814000	94.522
103.096000	94.456
104.394000	94.384
105.708000	94.307
107.039000	94.226
108.387000	94.140
109.752000	94.051
111.134000	93.958
112.533000	93.864
113.950000	93.769
115.385000	93.672
116.838000	93.574
118.309000	93.475
119.798000	93.375
121.307000	93.276
122.834000	93.178
124.381000	93.081
125.947000	92.979
127.533000	92.869
129.138000	92.752
130.764000	92.631
132.411000	92.510
134.078000	92.388
135.766000	92.263
137.476000	92.133
139.207000	92.000
140.959000	91.868
142.734000	91.747
144.531000	91.644
146.351000	91.559
148.194000	91.481
150.060000	91.398
151.949000	91.304
153.863000	91.196
155.800000	91.073
157.762000	90.941
159.748000	90.803
161.759000	90.668
163.796000	90.563
165.858000	90.511
167.947000	90.508
170.061000	90.512
172.203000	90.495
174.371000	90.453
176.566000	90.400
178.790000	90.341
181.041000	90.279
183.320000	90.215
185.628000	90.147
187.966000	90.079
190.332000	90.017
192.729000	89.961
195.156000	89.909
197.613000	89.856
200.101000	89.809
202.620000	89.767
205.172000	89.726
207.755000	89.686
210.371000	89.649
213.020000	89.618
215.702000	89.592
218.418000	89.571
221.168000	89.552
223.952000	89.534
226.772000	89.517
229.628000	89.504
232.519000	89.500
235.447000	89.502
238.411000	89.505
241.413000	89.508
244.453000	89.510
247.531000	89.512
250.647000	89.521
253.803000	89.539
256.999000	89.563
260.235000	89.592
263.511000	89.623
266.829000	89.653
270.189000	89.684
273.591000	89.716
277.036000	89.748
280.524000	89.782
284.056000	89.818
287.632000	89.851
291.254000	89.883
294.921000	89.911
298.635000	89.938
302.395000	89.971
306.202000	90.010
310.058000	90.053
313.962000	90.096
317.915000	90.138
321.918000	90.180
325.971000	90.226
330.075000	90.280
334.231000	90.339
338.440000	90.400
342.701000	90.458
347.016000	90.525
351.385000	90.602
355.810000	90.692
360.290000	90.793
364.826000	90.909
369.420000	91.031
374.071000	91.157
378.781000	91.285
383.550000	91.418
388.380000	91.558
393.270000	91.704
398.221000	91.849
403.235000	91.984
408.313000	92.115
413.454000	92.248
418.660000	92.383
423.931000	92.519
429.269000	92.653
434.674000	92.788
440.147000	92.925
445.689000	93.066
451.300000	93.207
456.983000	93.346
462.737000	93.472
468.563000	93.587
474.463000	93.698
480.437000	93.805
486.486000	93.898
492.611000	93.973
498.814000	94.036
505.094000	94.087
511.454000	94.133
517.894000	94.172
524.415000	94.202
531.018000	94.219
537.704000	94.229
544.474000	94.229
551.329000	94.220
558.271000	94.201
565.301000	94.179
572.418000	94.156
579.626000	94.133
586.924000	94.108
594.314000	94.085
601.797000	94.072
609.374000	94.066
617.047000	94.056
624.816000	94.042
632.683000	94.027
640.649000	94.009
648.716000	93.986
656.884000	93.953
665.155000	93.912
673.530000	93.867
682.010000	93.819
690.597000	93.764
699.293000	93.707
708.098000	93.662
717.013000	93.640
726.041000	93.636
735.183000	93.642
744.440000	93.656
753.813000	93.682
763.304000	93.719
772.915000	93.763
782.647000	93.822
792.502000	93.894
802.480000	93.973
812.584000	94.051
822.815000	94.130
833.176000	94.202
843.666000	94.262
854.289000	94.303
865.045000	94.325
875.937000	94.328
886.966000	94.329
898.134000	94.331
909.442000	94.337
920.893000	94.354
932.488000	94.390
944.229000	94.438
956.118000	94.486
968.157000	94.532
980.347000	94.571
992.691000	94.611
1005.190000	94.664
1017.846000	94.735
1030.662000	94.808
1043.639000	94.877
1056.780000	94.943
1070.086000	95.009
1083.559000	95.068
1097.202000	95.118
1111.017000	95.157
1125.006000	95.180
1139.171000	95.172
1153.515000	95.126
1168.039000	95.037
1182.746000	94.896
1197.638000	94.703
1212.717000	94.478
1227.987000	94.264
1243.448000	94.091
1259.105000	93.945
1274.958000	93.743
1291.011000	93.539
1307.266000	93.517
1323.726000	93.706
1340.394000	93.924
1357.271000	94.100
1374.360000	94.245
1391.665000	94.369
1409.187000	94.472
1426.931000	94.555
1444.897000	94.616
1463.090000	94.656
1481.512000	94.673
1500.166000	94.666
1519.054000	94.640
1538.181000	94.636
1557.548000	94.726
1577.160000	94.880
1597.018000	94.966
1617.126000	94.900
1637.487000	94.710
1658.105000	94.466
1678.982000	94.268
1700.123000	94.258
1721.529000	94.519
1743.205000	94.963
1765.154000	95.392
1787.379000	95.709
1809.884000	95.898
1832.672000	96.005
1855.748000	96.102
1879.114000	96.280
1902.774000	96.581
1926.732000	96.948
1950.991000	97.279
1975.557000	97.528
2000.431000	97.700
2025.619000	97.823
2051.123000	97.922
2076.949000	97.985
2103.100000	97.979
2129.581000	97.938
2156.394000	97.932
2183.546000	97.989
2211.039000	98.080
2238.878000	98.154
2267.068000	98.205
2295.613000	98.287
2324.517000	98.405
2353.785000	98.532
2383.422000	98.675
2413.432000	98.836
2443.820000	98.991
2474.590000	99.144
2505.748000	99.318
2537.298000	99.502
2569.245000	99.645
2601.595000	99.697
2634.352000	99.693
2667.521000	99.714
2701.108000	99.770
2735.118000	99.788
2769.556000	99.822
2804.428000	99.983
2839.739000	100.218
2875.494000	100.381
2911.700000	100.441
2948.361000	100.450
2985.484000	100.564
3023.075000	100.867
3061.139000	101.157
3099.682000	101.219
3138.710000	101.083
3178.230000	100.936
3218.247000	100.861
3258.769000	100.770
3299.800000	100.649
3341.348000	100.718
3383.419000	101.101
3426.020000	101.559
3469.157000	101.880
3512.838000	102.102
3557.068000	102.272
3601.856000	102.366
3647.207000	102.358
3693.129000	102.267
3739.630000	102.140
3786.716000	102.033
3834.395000	101.939
3882.674000	101.790
3931.561000	101.571
3981.064000	101.387
4031.190000	101.300
4081.947000	101.251
4133.343000	101.160
4185.386000	101.017
4238.084000	100.848
4291.447000	100.665
4345.481000	100.466
4400.195000	100.221
4455.598000	99.892
4511.699000	99.479
4568.506000	99.085
4626.029000	98.788
4684.275000	98.555
4743.256000	98.340
4802.979000	98.104
4863.453000	97.778
4924.689000	97.377
4986.696000	97.120
5049.484000	97.420
5113.063000	98.143
5177.442000	98.733
5242.632000	98.954
5308.642000	98.863
5375.484000	98.649
5443.167000	98.838
5511.702000	99.892
5581.101000	101.157
5651.373000	102.000
5722.530000	102.430
5794.583000	102.628
5867.542000	102.786
5941.421000	103.007
6016.230000	103.195
6091.981000	103.155
6168.686000	102.867
6246.356000	102.474
6325.005000	102.111
6404.644000	101.798
6485.285000	101.477
6566.942000	101.114
6649.626000	100.720
6733.353000	100.319
6818.133000	99.927
6903.980000	99.587
6990.909000	99.302
7078.933000	99.052
7168.064000	98.858
7258.317000	98.837
7349.708000	99.015
7442.249000	99.159
7535.955000	99.118
7630.840000	98.944
7726.921000	98.806
7824.211000	98.733
7922.727000	98.717
8022.482000	98.850
8123.494000	99.057
8225.778000	99.134
8329.350000	98.990
8434.225000	98.740
8540.421000	98.438
8647.954000	98.091
8756.842000	97.700
8867.100000	97.257
8978.746000	96.787
9091.798000	96.357
9206.273000	95.988
9322.190000	95.633
9439.567000	95.296
9558.422000	94.989
9678.772000	94.712
9800.639000	94.478
9924.040000	94.350
10048.994000	94.370
10175.521000	94.453
10303.643000	94.531
10433.377000	94.599
10564.744000	94.639
10697.766000	94.595
10832.463000	94.451
10968.855000	94.160
11106.965000	93.577
11246.813000	92.661
11388.423000	91.467
11531.815000	90.073
11677.014000	88.462
11824.040000	86.999
11972.918000	86.203
12123.670000	86.416
12276.320000	87.660
12430.893000	88.927
12587.411000	89.721
12745.900000	90.064
12906.385000	90.278
13068.891000	90.516
13233.441000	90.693
13400.065000	90.776
13568.786000	90.831
13739.633000	91.006
13912.629000	91.236
14087.805000	91.468
14265.186000	91.806
14444.800000	92.219
14626.675000	92.537
14810.841000	92.656
14997.325000	92.637
15186.158000	92.459
15377.368000	92.121
15570.986000	91.727
15767.042000	91.489
15965.566000	91.487
16166.590000	91.681
16370.145000	91.929
16576.264000	91.892
16784.977000	91.149
16996.316000	89.432
17210.320000	86.746
17427.016000	83.533
17646.441000	80.617
17868.629000	78.680
18093.615000	78.066
18321.434000	78.641
18552.119000	79.763
18785.711000	80.472
19022.244000	80.022
19261.754000	78.090
19504.281000	75.906
19749.861000	77.250
19998.533000	78.994
20250.336000	79.540
20505.311000	78.822
20763.494000	77.168
21024.930000	75.394
21289.656000	74.677
21557.717000	74.767
21829.150000	74.703
22104.004000	74.852
22382.316000	75.033
22664.135000	73.929
22949.502000	71.431
23238.461000	68.451
23531.059000	67.268
23827.340000	66.656
