2.951629	63.236
2.973018	63.266
2.994561	63.303
3.016261	63.353
3.038118	63.406
3.060134	63.459
3.082309	63.511
3.104645	63.566
3.127142	63.619
3.149803	63.672
3.172627	63.725
3.195618	63.779
3.218774	63.834
3.242099	63.888
3.265593	63.943
3.289256	63.998
3.313092	64.054
3.337100	64.111
3.361282	64.167
3.385639	64.224
3.410173	64.281
3.434884	64.338
3.459775	64.395
3.484846	64.453
3.510098	64.511
3.535534	64.570
3.561154	64.629
3.586959	64.688
3.612952	64.747
3.639133	64.806
3.665504	64.867
3.692065	64.927
3.718820	64.988
3.745768	65.047
3.772911	65.108
3.800251	65.170
3.827789	65.232
3.855527	65.293
3.883466	65.357
3.911607	65.418
3.939952	65.481
3.968503	65.543
3.997260	65.606
4.026226	65.671
4.055401	65.736
4.084789	65.800
4.114388	65.864
4.144203	65.928
4.174234	65.993
4.204482	66.058
4.234950	66.123
4.265638	66.189
4.296548	66.255
4.327683	66.322
4.359043	66.388
4.390630	66.454
4.422447	66.520
4.454494	66.588
4.486773	66.654
4.519286	66.721
4.552034	66.790
4.585020	66.857
4.618245	66.924
4.651711	66.993
4.685419	67.061
4.719372	67.130
4.753570	67.198
4.788016	67.266
4.822712	67.335
4.857660	67.403
4.892860	67.471
4.928316	67.541
4.964029	67.610
5.000000	67.679
5.036232	67.749
5.072727	67.818
5.109486	67.888
5.146511	67.957
5.183805	68.025
5.221369	68.095
5.259205	68.165
5.297316	68.234
5.335702	68.303
5.374367	68.373
5.413311	68.442
5.452538	68.511
5.492050	68.580
5.531847	68.650
5.571934	68.718
5.612310	68.786
5.652979	68.856
5.693943	68.924
5.735204	68.993
5.776763	69.059
5.818624	69.127
5.860788	69.195
5.903258	69.263
5.946035	69.331
5.989123	69.400
6.032523	69.469
6.076237	69.537
6.120268	69.606
6.164618	69.675
6.209289	69.744
6.254284	69.814
6.299605	69.885
6.345255	69.955
6.391235	70.025
6.437549	70.095
6.484198	70.166
6.531185	70.237
6.578513	70.309
6.626183	70.381
6.674199	70.453
6.722563	70.525
6.771278	70.596
6.820345	70.669
6.869768	70.742
6.919549	70.814
6.969691	70.888
7.020196	70.962
7.071068	71.035
7.122308	71.109
7.173919	71.183
7.225904	71.257
7.278266	71.331
7.331007	71.406
7.384131	71.481
7.437639	71.555
7.491535	71.630
7.545822	71.707
7.600502	71.782
7.655579	71.858
7.711054	71.933
7.766932	72.008
7.823214	72.084
7.879904	72.161
7.937005	72.237
7.994520	72.314
8.052452	72.391
8.110803	72.466
8.169578	72.543
8.228777	72.621
8.288406	72.697
8.348468	72.775
8.408964	72.852
8.469899	72.929
8.531276	73.007
8.593097	73.085
8.655366	73.163
8.718086	73.239
8.781260	73.315
8.844893	73.387
8.908987	73.458
8.973545	73.528
9.038571	73.596
9.104069	73.662
9.170040	73.728
9.236490	73.793
9.303422	73.857
9.370838	73.919
9.438744	73.981
9.507140	74.041
9.576033	74.101
9.645425	74.160
9.715320	74.218
9.785721	74.275
9.856632	74.332
9.928058	74.387
10.000000	74.442
10.072464	74.498
10.145453	74.552
10.218971	74.606
10.293022	74.659
10.367610	74.713
10.442738	74.767
10.518411	74.820
10.594631	74.872
10.671404	74.925
10.748734	74.979
10.826623	75.032
10.905077	75.087
10.984100	75.142
11.063695	75.197
11.143867	75.252
11.224621	75.309
11.305959	75.367
11.387886	75.427
11.470407	75.486
11.553527	75.548
11.637249	75.611
11.721577	75.675
11.806517	75.741
11.892071	75.808
11.978246	75.876
12.065045	75.946
12.152473	76.016
12.240536	76.087
12.329235	76.159
12.418578	76.232
12.508568	76.306
12.599211	76.381
12.690510	76.457
12.782471	76.533
12.875097	76.611
12.968395	76.689
13.062370	76.768
13.157025	76.847
13.252366	76.927
13.348398	77.007
13.445127	77.088
13.542556	77.169
13.640691	77.251
13.739536	77.334
13.839099	77.416
13.939383	77.498
14.040393	77.581
14.142136	77.663
14.244616	77.746
14.347837	77.828
14.451808	77.910
14.556532	77.989
14.662014	78.066
14.768262	78.139
14.875278	78.211
14.983070	78.284
15.091644	78.358
15.201005	78.435
15.311157	78.514
15.422109	78.594
15.533863	78.677
15.646428	78.761
15.759809	78.846
15.874010	78.932
15.989040	79.019
16.104904	79.106
16.221605	79.192
16.339155	79.280
16.457554	79.367
16.576813	79.453
16.696936	79.537
16.817928	79.621
16.939798	79.704
17.062551	79.784
17.186193	79.862
17.310732	79.936
17.436172	80.007
17.562521	80.073
17.689787	80.135
17.817974	80.191
17.947090	80.245
18.077143	80.296
18.208138	80.344
18.340080	80.390
18.472980	80.434
18.606844	80.477
18.741676	80.519
18.877487	80.560
19.014280	80.602
19.152065	80.642
19.290850	80.684
19.430639	80.726
19.571442	80.769
19.713264	80.813
19.856115	80.859
20.000000	80.908
20.144928	80.959
20.290907	81.014
20.437943	81.072
20.586044	81.135
20.735220	81.198
20.885475	81.265
21.036821	81.334
21.189262	81.403
21.342808	81.474
21.497467	81.545
21.653246	81.618
21.810154	81.691
21.968201	81.765
22.127390	81.840
22.287735	81.914
22.449242	81.989
22.611917	82.065
22.775772	82.139
22.940815	82.215
23.107054	82.289
23.274498	82.363
23.443153	82.438
23.613033	82.514
23.784142	82.591
23.956491	82.669
24.130091	82.749
24.304947	82.832
24.481071	82.915
24.658470	82.999
24.837156	83.084
25.017136	83.169
25.198421	83.256
25.381020	83.343
25.564941	83.429
25.750195	83.515
25.936790	83.601
26.124741	83.683
26.314051	83.761
26.504732	83.834
26.696796	83.904
26.890253	83.971
27.085112	84.040
27.281382	84.109
27.479073	84.180
27.678198	84.253
27.878765	84.326
28.080786	84.399
28.284271	84.472
28.489231	84.546
28.695675	84.618
28.903616	84.689
29.113064	84.757
29.324028	84.820
29.536524	84.877
29.750557	84.931
29.966141	84.982
30.183289	85.032
30.402010	85.081
30.622314	85.130
30.844217	85.180
31.067726	85.230
31.292856	85.281
31.519617	85.334
31.748020	85.388
31.978081	85.445
32.209808	85.504
32.443211	85.566
32.678310	85.629
32.915108	85.693
33.153625	85.758
33.393871	85.824
33.635857	85.891
33.879597	85.958
34.125103	86.025
34.372387	86.094
34.621464	86.162
34.872345	86.230
35.125042	86.297
35.379574	86.364
35.635948	86.431
35.894180	86.498
36.154285	86.564
36.416275	86.631
36.680161	86.697
36.945961	86.763
37.213688	86.829
37.483353	86.896
37.754974	86.963
38.028561	87.029
38.304131	87.099
38.581699	87.168
38.861279	87.241
39.142883	87.316
39.426529	87.391
39.712231	87.466
40.000000	87.542
40.289856	87.618
40.581814	87.689
40.875885	87.755
41.172089	87.815
41.470440	87.868
41.770950	87.916
42.073643	87.962
42.378525	88.005
42.685616	88.047
42.994934	88.091
43.306492	88.136
43.620308	88.181
43.936401	88.227
44.254780	88.272
44.575470	88.316
44.898483	88.357
45.223835	88.400
45.551544	88.442
45.881630	88.486
46.214108	88.529
46.548996	88.573
46.886307	88.616
47.226067	88.660
47.568283	88.703
47.912983	88.744
48.260181	88.785
48.609894	88.828
48.962143	88.873
49.316940	88.919
49.674313	88.970
50.034271	89.025
50.396843	89.083
50.762039	89.144
51.129883	89.209
51.500389	89.275
51.873581	89.341
52.249481	89.407
52.628101	89.475
53.009464	89.543
53.393593	89.615
53.780506	89.689
54.170223	89.766
54.562763	89.842
54.958145	89.915
55.356396	89.980
55.757530	90.031
56.161572	90.066
56.568542	90.088
56.978462	90.100
57.391350	90.109
57.807232	90.123
58.226128	90.144
58.648056	90.173
59.073048	90.210
59.501114	90.251
59.932281	90.294
60.366577	90.338
60.804020	90.383
61.244629	90.431
61.688435	90.483
62.135452	90.540
62.585712	90.601
63.039234	90.665
63.496040	90.728
63.956161	90.785
64.419617	90.836
64.886421	90.879
65.356621	90.913
65.830215	90.945
66.307251	90.974
66.787743	91.004
67.271713	91.034
67.759193	91.064
68.250206	91.092
68.744774	91.120
69.242928	91.149
69.744690	91.180
70.250084	91.215
70.759148	91.256
71.271896	91.300
71.788361	91.348
72.308571	91.395
72.832550	91.440
73.360321	91.478
73.891922	91.511
74.427376	91.539
74.966705	91.565
75.509949	91.594
76.057121	91.629
76.608261	91.672
77.163399	91.722
77.722557	91.777
78.285767	91.831
78.853058	91.876
79.424461	91.909
80.000000	91.932
80.579712	91.947
81.163628	91.959
81.751770	91.976
82.344177	91.995
82.940880	92.019
83.541901	92.044
84.147285	92.072
84.757050	92.105
85.371231	92.142
85.989868	92.185
86.612984	92.232
87.240616	92.279
87.872803	92.323
88.509560	92.363
89.150940	92.399
89.796967	92.431
90.447670	92.459
91.103088	92.482
91.763260	92.499
92.428215	92.517
93.097992	92.538
93.772614	92.568
94.452133	92.607
95.136566	92.653
95.825966	92.701
96.520363	92.743
97.219788	92.779
97.924286	92.807
98.633881	92.831
99.348625	92.852
100.068542	92.871
100.793686	92.891
101.524078	92.913
102.259766	92.939
103.000778	92.971
103.747162	93.008
104.498962	93.045
105.256203	93.075
106.018929	93.093
106.787186	93.102
107.561012	93.110
108.340446	93.121
109.125526	93.144
109.916290	93.175
110.712791	93.210
111.515060	93.245
112.323143	93.273
113.137085	93.295
113.956924	93.308
114.782700	93.308
115.614464	93.301
116.452255	93.292
117.296112	93.286
118.146095	93.289
119.002228	93.300
119.864563	93.320
120.733154	93.344
121.608040	93.368
122.489258	93.386
123.376869	93.395
124.270905	93.395
125.171425	93.394
126.078468	93.395
126.992081	93.409
127.912323	93.433
128.839233	93.463
129.772842	93.494
130.713242	93.517
131.660431	93.523
132.614502	93.515
133.575485	93.496
134.543427	93.480
135.518387	93.471
136.500412	93.474
137.489548	93.481
138.485855	93.483
139.489380	93.483
140.500168	93.484
141.518295	93.482
142.543793	93.472
143.576721	93.438
144.617142	93.388
145.665100	93.337
146.720642	93.300
147.783844	93.291
148.854752	93.303
149.933411	93.320
151.019897	93.320
152.114243	93.304
153.216522	93.276
154.326797	93.252
155.445114	93.243
156.571533	93.248
157.706116	93.261
158.848923	93.270
160.000000	93.282
161.159424	93.294
162.327255	93.304
163.503540	93.305
164.688354	93.288
165.881760	93.260
167.083801	93.232
168.294571	93.219
169.514099	93.233
170.742462	93.261
171.979736	93.300
173.225967	93.341
174.481232	93.379
175.745605	93.412
177.019119	93.434
178.301880	93.444
179.593933	93.447
180.895340	93.448
182.206177	93.452
183.526520	93.464
184.856430	93.484
186.195984	93.514
187.545227	93.550
188.904266	93.578
190.273132	93.596
191.651932	93.602
193.040726	93.606
194.439575	93.612
195.848572	93.624
197.267761	93.644
198.697250	93.667
200.137085	93.689
201.587372	93.701
203.048157	93.707
204.519531	93.709
206.001556	93.710
207.494324	93.718
208.997925	93.737
210.512405	93.758
212.037857	93.770
213.574371	93.778
215.122025	93.781
216.680893	93.781
218.251053	93.780
219.832581	93.779
221.425583	93.781
223.030121	93.782
224.646286	93.787
226.274170	93.793
227.913849	93.808
229.565399	93.829
231.228928	93.852
232.904510	93.874
234.592224	93.888
236.292191	93.901
238.004456	93.916
239.729126	93.933
241.466309	93.950
243.216080	93.959
244.978516	93.965
246.753738	93.966
248.541809	93.973
250.342850	93.984
252.156937	93.993
253.984161	93.999
255.824646	94.008
257.678467	94.017
259.545685	94.023
261.426483	94.027
263.320862	94.029
265.229004	94.029
267.150970	94.029
269.086853	94.035
271.036774	94.044
273.000824	94.057
274.979095	94.073
276.971710	94.088
278.978760	94.100
281.000336	94.112
283.036591	94.126
285.087585	94.139
287.153442	94.149
289.234283	94.149
291.330200	94.142
293.441284	94.126
295.567688	94.118
297.709503	94.127
299.866821	94.147
302.039795	94.172
304.228485	94.191
306.433044	94.202
308.653595	94.208
310.890228	94.222
313.143066	94.248
315.412231	94.278
317.697845	94.305
320.000000	94.319
322.318848	94.322
324.654510	94.316
327.007080	94.308
329.376709	94.303
331.763519	94.303
334.167603	94.310
336.589142	94.328
339.028198	94.354
341.484924	94.381
343.959473	94.395
346.451935	94.393
348.962463	94.382
351.491211	94.370
354.038239	94.362
356.603760	94.367
359.187866	94.385
361.790680	94.413
364.412354	94.442
367.053040	94.464
369.712860	94.475
372.391968	94.471
375.090454	94.466
377.808533	94.463
380.546265	94.465
383.303864	94.471
386.081451	94.481
388.879150	94.494
391.697144	94.508
394.535522	94.521
397.394501	94.529
400.274170	94.529
403.174744	94.525
406.096313	94.521
409.039062	94.517
412.003113	94.512
414.988647	94.509
417.995850	94.505
421.024811	94.498
424.075714	94.487
427.148743	94.474
430.244049	94.462
433.361786	94.452
436.502106	94.443
439.665161	94.438
442.851166	94.434
446.060242	94.430
449.292572	94.421
452.548340	94.411
455.827698	94.400
459.130798	94.386
462.457855	94.370
465.809021	94.355
469.184448	94.341
472.584381	94.334
476.008911	94.334
479.458252	94.340
482.932617	94.353
486.432159	94.371
489.957031	94.393
493.507477	94.413
497.083618	94.429
500.685699	94.437
504.313873	94.439
507.968323	94.446
511.649292	94.459
515.356934	94.478
519.091370	94.499
522.852966	94.517
526.641724	94.531
530.458008	94.543
534.301941	94.558
538.173706	94.574
542.073547	94.594
546.001648	94.614
549.958191	94.633
553.943420	94.654
557.957520	94.678
562.000671	94.710
566.073181	94.745
570.175171	94.776
574.306885	94.802
578.468567	94.818
582.660400	94.834
586.882568	94.851
591.135376	94.871
595.419006	94.894
599.733643	94.921
604.079590	94.951
608.456970	94.981
612.866089	95.007
617.307190	95.030
621.780457	95.048
626.286133	95.065
630.824463	95.083
635.395691	95.097
640.000000	95.111
644.637695	95.124
649.309021	95.141
654.014160	95.166
658.753418	95.194
663.527039	95.219
668.335205	95.237
673.178284	95.250
678.056396	95.258
682.969849	95.266
687.918945	95.279
692.903870	95.294
697.924927	95.311
702.982422	95.332
708.076477	95.354
713.207520	95.380
718.375732	95.407
723.581360	95.438
728.824707	95.462
734.106079	95.481
739.425720	95.498
744.783936	95.512
750.180908	95.529
755.617065	95.547
761.092529	95.566
766.607727	95.584
772.162903	95.599
777.758301	95.613
783.394287	95.626
789.071045	95.643
794.789001	95.661
800.548340	95.679
806.349487	95.701
812.192627	95.722
818.078125	95.743
824.006226	95.763
829.977295	95.784
835.991699	95.803
842.049622	95.821
848.151428	95.838
854.297485	95.853
860.488098	95.867
866.723572	95.881
873.004211	95.894
879.330322	95.906
885.702332	95.918
892.120483	95.934
898.585144	95.954
905.096680	95.972
911.655396	95.994
918.261597	96.019
924.915710	96.050
931.618042	96.084
938.368896	96.112
945.168762	96.133
952.017822	96.147
958.916504	96.160
965.865234	96.177
972.864319	96.201
979.914062	96.227
987.014954	96.251
994.167236	96.275
1001.371399	96.299
1008.627747	96.323
1015.936646	96.349
1023.298584	96.376
1030.713867	96.400
1038.182739	96.424
1045.705933	96.447
1053.283447	96.474
1060.916016	96.503
1068.603882	96.534
1076.347412	96.566
1084.147095	96.599
1092.003296	96.629
1099.916382	96.657
1107.886841	96.687
1115.915039	96.718
1124.001343	96.751
1132.146362	96.789
1140.350342	96.829
1148.613770	96.871
1156.937134	96.911
1165.320801	96.951
1173.765137	96.993
1182.270752	97.039
1190.838013	97.088
1199.467285	97.137
1208.159180	97.185
1216.913940	97.236
1225.732178	97.288
1234.614380	97.341
1243.560913	97.389
1252.572266	97.429
1261.648926	97.465
1270.791382	97.499
1280.000000	97.544
1289.275391	97.601
1298.618042	97.659
1308.028320	97.718
1317.506836	97.775
1327.054077	97.833
1336.670410	97.889
1346.356567	97.946
1356.112793	98.001
1365.939697	98.055
1375.837891	98.115
1385.807739	98.190
1395.849854	98.266
1405.964844	98.339
1416.152954	98.400
1426.415039	98.452
1436.751465	98.496
1447.162720	98.542
1457.649414	98.599
1468.212158	98.662
1478.851440	98.728
1489.567871	98.795
1500.361816	98.861
1511.234131	98.922
1522.185059	98.984
1533.215454	99.043
1544.325806	99.102
1555.516602	99.162
1566.788574	99.217
1578.142090	99.272
1589.578003	99.329
1601.096680	99.388
1612.698975	99.448
1624.385254	99.511
1636.156250	99.575
1648.012451	99.634
1659.954590	99.690
1671.983398	99.743
1684.099243	99.793
1696.302856	99.844
1708.594971	99.898
1720.976196	99.951
1733.447144	99.999
1746.008423	100.042
1758.660645	100.082
1771.404663	100.121
1784.240967	100.161
1797.170288	100.202
1810.193359	100.241
1823.310791	100.273
1836.523193	100.302
1849.831421	100.328
1863.236084	100.355
1876.737793	100.383
1890.337524	100.415
1904.035645	100.446
1917.833008	100.469
1931.730469	100.489
1945.728638	100.506
1959.828125	100.526
1974.029907	100.549
1988.334473	100.572
2002.742798	100.593
2017.255493	100.608
2031.873291	100.622
2046.597168	100.635
2061.427734	100.648
2076.365479	100.665
2091.411865	100.681
2106.566895	100.702
2121.832031	100.730
2137.207764	100.760
2152.694824	100.790
2168.294189	100.818
2184.006592	100.846
2199.832764	100.876
2215.773682	100.906
2231.830078	100.938
2248.002686	100.969
2264.292725	101.001
2280.700684	101.032
2297.227539	101.069
2313.874268	101.112
2330.641602	101.163
2347.530273	101.222
2364.541504	101.285
2381.676025	101.350
2398.934570	101.409
2416.318359	101.467
2433.827881	101.524
2451.464355	101.587
2469.228760	101.657
2487.121826	101.734
2505.144531	101.815
2523.297852	101.898
2541.582764	101.982
2560.000000	102.068
2578.550781	102.159
2597.236084	102.255
2616.056641	102.350
2635.013672	102.444
2654.108154	102.534
2673.340820	102.624
2692.713135	102.717
2712.225586	102.812
2731.879395	102.910
2751.675781	103.011
2771.615479	103.113
2791.699707	103.212
2811.929688	103.313
2832.305908	103.417
2852.830078	103.526
2873.502930	103.638
2894.325439	103.749
2915.298828	103.854
2936.424316	103.951
2957.702881	104.040
2979.135742	104.120
3000.723633	104.198
3022.468262	104.273
3044.370117	104.347
3066.430908	104.416
3088.651611	104.481
3111.033203	104.538
3133.577148	104.589
3156.284180	104.641
3179.156006	104.690
3202.193359	104.732
3225.397949	104.762
3248.770508	104.778
3272.312500	104.795
3296.024902	104.819
3319.909180	104.856
3343.966797	104.900
3368.198486	104.942
3392.605713	104.975
3417.189941	104.993
3441.952393	105.001
3466.894287	105.004
3492.016846	105.000
3517.321289	104.988
3542.809326	104.963
3568.481934	104.924
3594.340576	104.870
3620.386719	104.815
3646.621582	104.763
3673.046387	104.717
3699.662842	104.672
3726.472168	104.624
3753.475586	104.577
3780.675049	104.529
3808.071289	104.488
3835.666016	104.450
3863.460938	104.412
3891.457275	104.376
3919.656250	104.338
3948.059814	104.300
3976.668945	104.265
4005.485596	104.233
4034.510986	104.205
4063.746582	104.179
4093.194336	104.157
4122.855469	104.136
4152.730957	104.122
4182.823730	104.114
4213.133789	104.118
4243.664062	104.128
4274.415527	104.139
4305.389648	104.154
4336.588379	104.174
4368.013184	104.198
4399.665527	104.225
4431.547363	104.258
4463.660156	104.296
4496.005371	104.336
4528.585449	104.382
4561.401367	104.435
4594.455078	104.499
4627.748535	104.572
4661.283203	104.650
4695.060547	104.728
4729.083008	104.803
4763.352051	104.874
4797.869141	104.942
4832.636719	105.015
4867.655762	105.091
4902.928711	105.169
4938.457520	105.251
4974.243652	105.334
5010.289062	105.418
5046.595703	105.493
5083.165527	105.549
5120.000000	105.585
5157.101562	105.603
5194.472168	105.605
5232.113281	105.591
5270.027344	105.559
5308.216309	105.504
5346.681641	105.418
5385.426270	105.308
5424.451172	105.175
5463.758789	105.018
5503.351562	104.838
5543.230957	104.636
5583.399414	104.412
5623.859375	104.174
5664.611816	103.919
5705.660156	103.649
5747.005859	103.360
5788.650879	103.056
5830.597656	102.755
5872.848633	102.453
5915.405762	102.153
5958.271484	101.857
6001.447266	101.565
6044.936523	101.269
6088.740234	100.981
6132.861816	100.719
6177.303223	100.490
6222.066406	100.306
6267.154297	100.170
6312.568359	100.081
6358.312012	100.026
6404.386719	100.001
6450.795898	99.999
6497.541016	100.023
6544.625000	100.075
6592.049805	100.150
6639.818359	100.245
6687.933594	100.356
6736.396973	100.471
6785.211426	100.576
6834.379883	100.676
6883.904785	100.772
6933.788574	100.855
6984.033691	100.929
7034.642578	101.005
7085.618652	101.081
7136.963867	101.159
7188.681152	101.237
7240.773438	101.317
7293.243164	101.394
7346.092773	101.472
7399.325684	101.552
7452.944336	101.635
7506.951172	101.719
7561.350098	101.803
7616.142578	101.888
7671.332031	101.979
7726.921875	102.071
7782.914551	102.155
7839.312500	102.232
7896.119629	102.299
7953.337891	102.359
8010.971191	102.410
8069.021973	102.456
8127.493164	102.489
8186.388672	102.497
8245.710938	102.489
8305.461914	102.469
8365.647461	102.447
8426.267578	102.426
8487.328125	102.405
8548.831055	102.368
8610.779297	102.303
8673.176758	102.159
8736.026367	101.891
8799.331055	101.400
8863.094727	100.753
8927.320312	100.050
8992.010742	99.550
9057.170898	99.482
9122.802734	99.734
9188.910156	100.191
9255.497070	100.554
9322.566406	100.791
9390.121094	100.910
9458.166016	100.960
9526.704102	100.977
9595.738281	100.977
9665.273438	100.967
9735.311523	100.949
9805.857422	100.923
9876.915039	100.892
9948.487305	100.854
10020.578125	100.809
10093.191406	100.760
10166.331055	100.706
10240.000000	100.648
10314.203125	100.588
10388.944336	100.520
10464.226562	100.457
10540.054688	100.399
10616.432617	100.352
10693.363281	100.319
10770.852539	100.296
10848.902344	100.275
10927.517578	100.251
11006.703125	100.224
11086.461914	100.197
11166.798828	100.184
11247.718750	100.175
11329.223633	100.160
11411.320312	100.108
11494.011719	99.997
11577.301758	99.812
11661.195312	99.554
11745.697266	99.239
11830.811523	98.873
11916.542969	98.463
12002.894531	98.010
12089.873047	97.519
12177.480469	97.001
12265.723633	96.470
12354.606445	95.941
12444.132812	95.429
12534.308594	94.946
12625.136719	94.493
12716.624023	94.072
12808.773438	93.686
12901.591797	93.331
12995.082031	92.999
13089.250000	92.695
13184.099609	92.415
13279.636719	92.176
13375.867188	91.987
13472.793945	91.872
13570.422852	91.793
13668.759766	91.704
13767.809570	91.558
13867.577148	91.315
13968.067383	90.977
14069.285156	90.547
14171.237305	90.045
14273.927734	89.464
14377.362305	88.787
14481.546875	88.018
14586.486328	87.173
14692.185547	86.302
14798.651367	85.474
14905.888672	84.755
15013.902344	84.295
15122.700195	84.244
15232.285156	84.660
15342.664062	85.504
15453.843750	86.487
15565.829102	87.448
15678.625000	88.218
15792.239258	88.772
15906.675781	89.074
16021.942383	89.146
16138.043945	89.028
16254.986328	88.824
16372.777344	88.572
16491.421875	88.323
16610.923828	88.004
16731.294922	87.564
16852.535156	86.941
16974.656250	86.147
17097.662109	85.267
17221.558594	84.331
17346.353516	83.370
17472.052734	82.394
17598.662109	81.406
17726.189453	80.378
17854.640625	79.311
17984.021484	78.219
18114.341797	77.121
18245.605469	76.033
18377.820312	74.969
18510.994141	73.941
18645.132812	72.955
18780.242188	72.022
18916.332031	71.153
19053.408203	70.354
19191.476562	69.633
19330.546875	68.988
19470.623047	68.416
19611.714844	67.901
19753.830078	67.432
19896.974609	66.990
20041.156250	66.598
20186.382812	66.266
20332.662109	65.995
20480.000000	65.737
20628.406250	65.395
20777.888672	64.904
20928.453125	64.184
21080.109375	63.287
21232.865234	62.255
21386.726562	61.214
21541.705078	60.234
21697.804688	59.392
21855.035156	58.661
22013.406250	58.026
22172.923828	57.439
22333.597656	56.854
22495.437500	56.209
22658.447266	55.440
22822.640625	54.479
22988.023438	53.280
23154.603516	51.796
23322.390625	49.968
23491.394531	47.864
23661.623047	45.746
