2.951000	98.756
2.988000	98.827
3.026000	98.940
3.064000	99.058
3.102000	99.176
3.141000	99.295
3.181000	99.416
3.221000	99.537
3.262000	99.660
3.303000	99.783
3.344000	99.908
3.386000	100.033
3.429000	100.160
3.472000	100.287
3.516000	100.415
3.560000	100.543
3.605000	100.673
3.650000	100.803
3.696000	100.934
3.743000	101.065
3.790000	101.197
3.838000	101.329
3.886000	101.462
3.935000	101.596
3.985000	101.729
4.035000	101.863
4.085000	101.997
4.137000	102.130
4.189000	102.264
4.242000	102.398
4.295000	102.531
4.349000	102.665
4.404000	102.797
4.459000	102.929
4.516000	103.061
4.572000	103.191
4.630000	103.321
4.688000	103.449
4.747000	103.576
4.807000	103.702
4.868000	103.826
4.929000	103.949
4.991000	104.069
5.054000	104.187
5.117000	104.303
5.182000	104.416
5.247000	104.527
5.313000	104.634
5.380000	104.738
5.448000	104.838
5.516000	104.935
5.586000	105.027
5.656000	105.115
5.727000	105.198
5.800000	105.276
5.873000	105.350
5.947000	105.421
6.021000	105.492
6.097000	105.562
6.174000	105.631
6.252000	105.700
6.330000	105.769
6.410000	105.837
6.491000	105.904
6.573000	105.971
6.655000	106.038
6.739000	106.103
6.824000	106.168
6.910000	106.232
6.997000	106.295
7.085000	106.357
7.174000	106.419
7.265000	106.479
7.356000	106.538
7.449000	106.596
7.542000	106.653
7.637000	106.709
7.734000	106.763
7.831000	106.816
7.930000	106.867
8.029000	106.917
8.131000	106.965
8.233000	107.012
8.337000	107.057
8.442000	107.100
8.548000	107.141
8.655000	107.180
8.764000	107.218
8.875000	107.256
8.987000	107.294
9.100000	107.332
9.214000	107.369
9.330000	107.406
9.448000	107.442
9.567000	107.478
9.687000	107.513
9.809000	107.547
9.933000	107.581
10.058000	107.614
10.184000	107.646
10.313000	107.677
10.442000	107.707
10.574000	107.737
10.707000	107.765
10.842000	107.792
10.978000	107.819
11.117000	107.844
11.257000	107.868
11.398000	107.891
11.542000	107.913
11.687000	107.934
11.834000	107.954
11.983000	107.974
12.134000	107.993
12.287000	108.012
12.442000	108.030
12.598000	108.048
12.757000	108.065
12.918000	108.082
13.080000	108.097
13.245000	108.112
13.412000	108.126
13.581000	108.140
13.752000	108.152
13.925000	108.164
14.100000	108.175
14.278000	108.184
14.457000	108.193
14.639000	108.201
14.824000	108.208
15.010000	108.214
15.199000	108.220
15.391000	108.225
15.584000	108.230
15.781000	108.234
15.979000	108.238
16.181000	108.240
16.384000	108.243
16.591000	108.244
16.800000	108.245
17.011000	108.245
17.225000	108.244
17.442000	108.242
17.662000	108.240
17.884000	108.236
18.109000	108.232
18.337000	108.227
18.568000	108.222
18.802000	108.217
19.039000	108.212
19.278000	108.206
19.521000	108.200
19.767000	108.193
20.016000	108.186
20.268000	108.179
20.523000	108.171
20.781000	108.164
21.043000	108.155
21.308000	108.147
21.576000	108.138
21.848000	108.129
22.123000	108.119
22.402000	108.110
22.684000	108.101
22.969000	108.092
23.259000	108.083
23.551000	108.073
23.848000	108.065
24.148000	108.056
24.452000	108.048
24.760000	108.040
25.072000	108.031
25.388000	108.023
25.707000	108.014
26.031000	108.005
26.359000	107.993
26.691000	107.976
27.027000	107.956
27.367000	107.934
27.712000	107.912
28.060000	107.889
28.414000	107.866
28.772000	107.842
29.134000	107.819
29.501000	107.795
29.872000	107.771
30.248000	107.747
30.629000	107.723
31.015000	107.698
31.405000	107.673
31.801000	107.647
32.201000	107.622
32.607000	107.598
33.017000	107.575
33.433000	107.551
33.854000	107.528
34.280000	107.503
34.712000	107.476
35.149000	107.447
35.591000	107.416
36.039000	107.382
36.493000	107.346
36.953000	107.310
37.418000	107.274
37.889000	107.240
38.366000	107.206
38.849000	107.174
39.338000	107.142
39.834000	107.111
40.335000	107.080
40.843000	107.050
41.357000	107.019
41.878000	106.990
42.405000	106.961
42.939000	106.931
43.480000	106.900
44.027000	106.865
44.582000	106.824
45.143000	106.779
45.711000	106.733
46.287000	106.687
46.870000	106.643
47.460000	106.600
48.058000	106.557
48.663000	106.514
49.275000	106.471
49.896000	106.428
50.524000	106.385
51.160000	106.341
51.804000	106.298
52.457000	106.253
53.117000	106.208
53.786000	106.163
54.463000	106.117
55.149000	106.070
55.843000	106.024
56.546000	105.978
57.258000	105.933
57.979000	105.886
58.709000	105.838
59.449000	105.788
60.197000	105.736
60.955000	105.683
61.722000	105.633
62.500000	105.587
63.287000	105.542
64.083000	105.494
64.890000	105.440
65.707000	105.379
66.535000	105.315
67.372000	105.255
68.221000	105.202
69.080000	105.153
69.949000	105.103
70.830000	105.052
71.722000	104.998
72.625000	104.942
73.540000	104.885
74.465000	104.826
75.403000	104.767
76.352000	104.707
77.314000	104.649
78.287000	104.591
79.273000	104.536
80.271000	104.484
81.282000	104.432
82.305000	104.376
83.342000	104.314
84.391000	104.250
85.454000	104.186
86.530000	104.124
87.619000	104.062
88.722000	104.002
89.839000	103.942
90.971000	103.878
92.116000	103.810
93.276000	103.738
94.450000	103.667
95.639000	103.596
96.844000	103.525
98.063000	103.453
99.298000	103.380
100.548000	103.306
101.814000	103.231
103.096000	103.157
104.394000	103.085
105.708000	103.009
107.039000	102.926
108.387000	102.844
109.752000	102.766
111.134000	102.688
112.533000	102.606
113.950000	102.525
115.385000	102.453
116.838000	102.385
118.309000	102.309
119.798000	102.228
121.307000	102.150
122.834000	102.073
124.381000	101.991
125.947000	101.906
127.533000	101.821
129.138000	101.738
130.764000	101.656
132.411000	101.576
134.078000	101.496
135.766000	101.420
137.476000	101.346
139.207000	101.271
140.959000	101.192
142.734000	101.110
144.531000	101.029
146.351000	100.948
148.194000	100.864
150.060000	100.781
151.949000	100.702
153.863000	100.625
155.800000	100.553
157.762000	100.486
159.748000	100.422
161.759000	100.353
163.796000	100.284
165.858000	100.217
167.947000	100.149
170.061000	100.080
172.203000	100.018
174.371000	99.959
176.566000	99.903
178.790000	99.850
181.041000	99.798
183.320000	99.746
185.628000	99.691
187.966000	99.630
190.332000	99.568
192.729000	99.510
195.156000	99.454
197.613000	99.397
200.101000	99.343
202.620000	99.291
205.172000	99.241
207.755000	99.194
210.371000	99.148
213.020000	99.094
215.702000	99.034
218.418000	98.973
221.168000	98.912
223.952000	98.846
226.772000	98.773
229.628000	98.700
232.519000	98.627
235.447000	98.550
238.411000	98.470
241.413000	98.387
244.453000	98.299
247.531000	98.208
250.647000	98.121
253.803000	98.035
256.999000	97.951
260.235000	97.866
263.511000	97.783
266.829000	97.700
270.189000	97.622
273.591000	97.541
277.036000	97.459
280.524000	97.375
284.056000	97.289
287.632000	97.203
291.254000	97.117
294.921000	97.028
298.635000	96.936
302.395000	96.843
306.202000	96.752
310.058000	96.660
313.962000	96.569
317.915000	96.476
321.918000	96.382
325.971000	96.287
330.075000	96.198
334.231000	96.108
338.440000	96.018
342.701000	95.930
347.016000	95.843
351.385000	95.756
355.810000	95.672
360.290000	95.595
364.826000	95.523
369.420000	95.454
374.071000	95.384
378.781000	95.305
383.550000	95.214
388.380000	95.119
393.270000	95.023
398.221000	94.928
403.235000	94.842
408.313000	94.760
413.454000	94.673
418.660000	94.591
423.931000	94.518
429.269000	94.448
434.674000	94.375
440.147000	94.304
445.689000	94.237
451.300000	94.173
456.983000	94.120
462.737000	94.081
468.563000	94.055
474.463000	94.040
480.437000	94.034
486.486000	94.035
492.611000	94.043
498.814000	94.059
505.094000	94.082
511.454000	94.109
517.894000	94.132
524.415000	94.141
531.018000	94.130
537.704000	94.130
544.474000	94.163
551.329000	94.213
558.271000	94.263
565.301000	94.319
572.418000	94.399
579.626000	94.489
586.924000	94.565
594.314000	94.611
601.797000	94.638
609.374000	94.653
617.047000	94.659
624.816000	94.657
632.683000	94.653
640.649000	94.652
648.716000	94.654
656.884000	94.659
665.155000	94.670
673.530000	94.685
682.010000	94.703
690.597000	94.724
699.293000	94.742
708.098000	94.757
717.013000	94.770
726.041000	94.782
735.183000	94.795
744.440000	94.811
753.813000	94.827
763.304000	94.843
772.915000	94.857
782.647000	94.871
792.502000	94.889
802.480000	94.908
812.584000	94.928
822.815000	94.952
833.176000	94.977
843.666000	95.005
854.289000	95.034
865.045000	95.062
875.937000	95.092
886.966000	95.128
898.134000	95.164
909.442000	95.202
920.893000	95.243
932.488000	95.293
944.229000	95.347
956.118000	95.407
968.157000	95.476
980.347000	95.555
992.691000	95.645
1005.190000	95.746
1017.846000	95.867
1030.662000	96.006
1043.639000	96.154
1056.780000	96.327
1070.086000	96.536
1083.559000	96.762
1097.202000	97.000
1111.017000	97.263
1125.006000	97.542
1139.171000	97.824
1153.515000	98.113
1168.039000	98.410
1182.746000	98.707
1197.638000	98.999
1212.717000	99.291
1227.987000	99.585
1243.448000	99.862
1259.105000	100.110
1274.958000	100.344
1291.011000	100.569
1307.266000	100.772
1323.726000	100.951
1340.394000	101.115
1357.271000	101.266
1374.360000	101.407
1391.665000	101.538
1409.187000	101.661
1426.931000	101.781
1444.897000	101.900
1463.090000	102.022
1481.512000	102.147
1500.166000	102.271
1519.054000	102.398
1538.181000	102.527
1557.548000	102.656
1577.160000	102.788
1597.018000	102.928
1617.126000	103.066
1637.487000	103.203
1658.105000	103.346
1678.982000	103.498
1700.123000	103.656
1721.529000	103.819
1743.205000	103.987
1765.154000	104.156
1787.379000	104.328
1809.884000	104.499
1832.672000	104.669
1855.748000	104.832
1879.114000	104.989
1902.774000	105.139
1926.732000	105.277
1950.991000	105.401
1975.557000	105.515
2000.431000	105.614
2025.619000	105.696
2051.123000	105.761
2076.949000	105.812
2103.100000	105.848
2129.581000	105.871
2156.394000	105.881
2183.546000	105.879
2211.039000	105.865
2238.878000	105.841
2267.068000	105.805
2295.613000	105.762
2324.517000	105.712
2353.785000	105.656
2383.422000	105.598
2413.432000	105.541
2443.820000	105.486
2474.590000	105.436
2505.748000	105.390
2537.298000	105.351
2569.245000	105.322
2601.595000	105.301
2634.352000	105.290
2667.521000	105.288
2701.108000	105.297
2735.118000	105.317
2769.556000	105.350
2804.428000	105.396
2839.739000	105.456
2875.494000	105.532
2911.700000	105.621
2948.361000	105.721
2985.484000	105.829
3023.075000	105.946
3061.139000	106.067
3099.682000	106.189
3138.710000	106.304
3178.230000	106.407
3218.247000	106.490
3258.769000	106.543
3299.800000	106.554
3341.348000	106.514
3383.419000	106.416
3426.020000	106.256
3469.157000	106.034
3512.838000	105.756
3557.068000	105.431
3601.856000	105.064
3647.207000	104.663
3693.129000	104.244
3739.630000	103.817
3786.716000	103.382
3834.395000	102.950
3882.674000	102.541
3931.561000	102.172
3981.064000	101.841
4031.190000	101.544
4081.947000	101.287
4133.343000	101.080
4185.386000	100.925
4238.084000	100.829
4291.447000	100.788
4345.481000	100.801
4400.195000	100.863
4455.598000	100.983
4511.699000	101.163
4568.506000	101.398
4626.029000	101.678
4684.275000	102.003
4743.256000	102.375
4802.979000	102.794
4863.453000	103.245
4924.689000	103.723
4986.696000	104.218
5049.484000	104.721
5113.063000	105.215
5177.442000	105.691
5242.632000	106.129
5308.642000	106.496
5375.484000	106.773
5443.167000	106.945
5511.702000	107.013
5581.101000	106.970
5651.373000	106.824
5722.530000	106.598
5794.583000	106.322
5867.542000	106.019
5941.421000	105.703
6016.230000	105.395
6091.981000	105.108
6168.686000	104.854
6246.356000	104.635
6325.005000	104.461
6404.644000	104.336
6485.285000	104.258
6566.942000	104.228
6649.626000	104.251
6733.353000	104.322
6818.133000	104.428
6903.980000	104.571
6990.909000	104.748
7078.933000	104.946
7168.064000	105.157
7258.317000	105.365
7349.708000	105.558
7442.249000	105.714
7535.955000	105.812
7630.840000	105.822
7726.921000	105.732
7824.211000	105.539
7922.727000	105.252
8022.482000	104.881
8123.494000	104.446
8225.778000	103.976
8329.350000	103.493
8434.225000	103.000
8540.421000	102.509
8647.954000	102.032
8756.842000	101.560
8867.100000	101.077
8978.746000	100.578
9091.798000	100.052
9206.273000	99.490
9322.190000	98.896
9439.567000	98.301
9558.422000	97.737
9678.772000	97.221
9800.639000	96.769
9924.040000	96.415
10048.994000	96.191
10175.521000	96.112
10303.643000	96.182
10433.377000	96.399
10564.744000	96.759
10697.766000	97.244
10832.463000	97.829
10968.855000	98.474
11106.965000	99.126
11246.813000	99.707
11388.423000	100.141
11531.815000	100.377
11677.014000	100.398
11824.040000	100.202
11972.918000	99.817
12123.670000	99.312
12276.320000	98.811
12430.893000	98.465
12587.411000	98.386
12745.900000	98.598
12906.385000	99.048
13068.891000	99.630
13233.441000	100.199
13400.065000	100.563
13568.786000	100.522
13739.633000	99.954
13912.629000	98.857
14087.805000	97.334
14265.186000	95.547
14444.800000	93.670
14626.675000	91.835
14810.841000	90.127
14997.325000	88.606
15186.158000	87.342
15377.368000	86.374
15570.986000	85.723
15767.042000	85.376
15965.566000	85.272
16166.590000	85.279
16370.145000	85.232
16576.264000	84.997
16784.977000	84.580
16996.316000	84.103
17210.320000	83.702
17427.016000	83.441
17646.441000	83.330
17868.629000	83.312
18093.615000	83.255
18321.434000	82.977
18552.119000	82.361
18785.711000	81.410
19022.244000	80.229
19261.754000	79.156
19504.281000	78.752
19749.861000	79.255
19998.533000	80.501
20250.336000	81.978
20505.311000	82.846
20763.494000	82.837
21024.930000	82.346
21289.656000	82.169
21557.717000	82.145
21829.150000	81.904
22104.004000	81.309
22382.316000	80.145
22664.135000	78.261
22949.502000	75.497
23238.461000	71.716
23531.059000	66.864
23827.340000	62.069
