10.845000	69.256
10.923588	69.280
11.002744	69.318
11.082475	69.367
11.162783	69.419
11.243673	69.472
11.325149	69.525
11.407216	69.578
11.489878	69.632
11.573138	69.686
11.657002	69.740
11.741473	69.795
11.826557	69.850
11.912257	69.905
11.998578	69.961
12.085525	70.017
12.173101	70.072
12.261313	70.129
12.350163	70.185
12.439657	70.242
12.529800	70.299
12.620596	70.356
12.712050	70.415
12.804167	70.472
12.896951	70.531
12.990408	70.590
13.084542	70.648
13.179358	70.708
13.274861	70.768
13.371056	70.828
13.467948	70.888
13.565543	70.948
13.663844	71.009
13.762858	71.071
13.862589	71.131
13.963043	71.193
14.064225	71.255
14.166140	71.317
14.268794	71.380
14.372192	71.442
14.476339	71.505
14.581240	71.569
14.686902	71.632
14.793329	71.696
14.900528	71.760
15.008503	71.824
15.117261	71.889
15.226807	71.954
15.337146	72.019
15.448286	72.084
15.560230	72.150
15.672986	72.216
15.786559	72.282
15.900955	72.348
16.016180	72.415
16.132240	72.481
16.249141	72.548
16.366889	72.615
16.485490	72.683
16.604950	72.751
16.725277	72.819
16.846475	72.886
16.968552	72.955
17.091513	73.023
17.215365	73.091
17.340114	73.160
17.465768	73.229
17.592332	73.298
17.719814	73.368
17.848219	73.437
17.977554	73.507
18.107827	73.577
18.239044	73.646
18.371211	73.716
18.504337	73.786
18.638427	73.856
18.773488	73.926
18.909529	73.996
19.046555	74.067
19.184574	74.137
19.323594	74.208
19.463620	74.279
19.604662	74.349
19.746725	74.419
19.889818	74.490
20.033948	74.561
20.179122	74.632
20.325348	74.702
20.472634	74.773
20.620987	74.843
20.770416	74.913
20.920927	74.984
21.072528	75.054
21.225229	75.125
21.379035	75.195
21.533957	75.264
21.690001	75.335
21.847175	75.405
22.005489	75.476
22.164950	75.546
22.325566	75.618
22.487346	75.688
22.650299	75.760
22.814432	75.832
22.979755	75.903
23.146276	75.975
23.314003	76.047
23.482946	76.119
23.653113	76.192
23.824514	76.264
23.997156	76.337
24.171049	76.410
24.346202	76.483
24.522625	76.556
24.700326	76.630
24.879315	76.703
25.059601	76.778
25.241193	76.852
25.424101	76.926
25.608334	77.000
25.793903	77.075
25.980816	77.149
26.169084	77.224
26.358716	77.299
26.549722	77.374
26.742112	77.448
26.935897	77.523
27.131085	77.599
27.327688	77.674
27.525716	77.750
27.725179	77.825
27.926087	77.900
28.128451	77.976
28.332281	78.052
28.537588	78.128
28.744383	78.204
28.952677	78.279
29.162480	78.356
29.373804	78.431
29.586658	78.507
29.801055	78.583
30.017006	78.660
30.234522	78.736
30.453613	78.811
30.674293	78.887
30.896571	78.963
31.120461	79.039
31.345972	79.115
31.573118	79.191
31.801910	79.267
32.032360	79.343
32.264480	79.419
32.498281	79.495
32.733777	79.573
32.970980	79.650
33.209901	79.727
33.450554	79.805
33.692950	79.882
33.937103	79.960
34.183025	80.038
34.430730	80.117
34.680229	80.195
34.931536	80.273
35.184664	80.352
35.439627	80.430
35.696437	80.509
35.955108	80.588
36.215654	80.667
36.478087	80.745
36.742423	80.823
37.008673	80.903
37.276853	80.981
37.546977	81.060
37.819058	81.139
38.093110	81.219
38.369149	81.298
38.647187	81.377
38.927241	81.456
39.209324	81.535
39.493451	81.614
39.779636	81.693
40.067896	81.772
40.358245	81.851
40.650697	81.929
40.945269	82.008
41.241975	82.087
41.540831	82.166
41.841853	82.244
42.145057	82.322
42.450457	82.400
42.758071	82.478
43.067913	82.556
43.380001	82.634
43.694350	82.712
44.010978	82.790
44.329899	82.867
44.651132	82.945
44.974693	83.022
45.300598	83.101
45.628865	83.178
45.959510	83.256
46.292552	83.334
46.628007	83.411
46.965892	83.489
47.306227	83.567
47.649027	83.644
47.994312	83.722
48.342098	83.799
48.692405	83.877
49.045250	83.954
49.400652	84.031
49.758630	84.108
50.119201	84.186
50.482386	84.263
50.848202	84.340
51.216669	84.416
51.587806	84.493
51.961632	84.569
52.338168	84.645
52.717432	84.721
53.099444	84.797
53.484224	84.873
53.871793	84.948
54.262170	85.024
54.655376	85.100
55.051432	85.177
55.450357	85.252
55.852173	85.329
56.256901	85.404
56.664562	85.480
57.075177	85.555
57.488767	85.631
57.905354	85.707
58.324960	85.781
58.747607	85.856
59.173316	85.931
59.602111	86.006
60.034012	86.080
60.469043	86.154
60.907227	86.228
61.348586	86.302
61.793143	86.375
62.240922	86.448
62.691945	86.522
63.146237	86.595
63.603820	86.666
64.064720	86.739
64.528959	86.810
64.996563	86.881
65.467554	86.952
65.941959	87.023
66.419802	87.093
66.901107	87.163
67.385900	87.233
67.874206	87.303
68.366051	87.371
68.861459	87.441
69.360458	87.510
69.863072	87.578
70.369329	87.646
70.879254	87.713
71.392874	87.781
71.910217	87.848
72.431308	87.915
72.956175	87.981
73.484845	88.046
74.017347	88.112
74.553707	88.177
75.093954	88.241
75.638116	88.305
76.186221	88.369
76.738297	88.432
77.294375	88.495
77.854482	88.558
78.418647	88.620
78.986901	88.682
79.559273	88.744
80.135792	88.804
80.716489	88.865
81.301394	88.926
81.890537	88.986
82.483950	89.046
83.081663	89.105
83.683707	89.163
84.290113	89.221
84.900914	89.279
85.516141	89.336
86.135826	89.393
86.760002	89.449
87.388701	89.505
88.021955	89.560
88.659799	89.615
89.302264	89.669
89.949385	89.724
90.601196	89.778
91.257729	89.831
91.919020	89.884
92.585103	89.937
93.256013	89.989
93.931785	90.041
94.612453	90.091
95.298054	90.142
95.988623	90.193
96.684196	90.243
97.384810	90.292
98.090500	90.342
98.801304	90.391
99.517259	90.439
100.238402	90.487
100.964771	90.535
101.696404	90.582
102.433338	90.629
103.175612	90.675
103.923265	90.721
104.676336	90.766
105.434864	90.811
106.198888	90.855
106.968449	90.898
107.743586	90.941
108.524341	90.982
109.310753	91.023
110.102864	91.063
110.900714	91.103
111.704347	91.142
112.513803	91.181
113.329124	91.219
114.150353	91.258
114.977534	91.295
115.810709	91.332
116.649921	91.368
117.495214	91.404
118.346633	91.439
119.204221	91.472
120.068024	91.506
120.938087	91.538
121.814454	91.571
122.697172	91.603
123.586286	91.636
124.481843	91.667
125.383890	91.698
126.292473	91.730
127.207641	91.761
128.129440	91.791
129.057918	91.822
129.993125	91.853
130.935109	91.883
131.883919	91.915
132.839604	91.945
133.802215	91.976
134.771801	92.005
135.748413	92.035
136.732101	92.065
137.722919	92.094
138.720916	92.123
139.726145	92.150
140.738658	92.178
141.758508	92.203
142.785749	92.228
143.820433	92.254
144.862615	92.278
145.912350	92.301
146.969691	92.324
148.034694	92.346
149.107414	92.369
150.187908	92.391
151.276231	92.412
152.372441	92.434
153.476595	92.454
154.588749	92.475
155.708963	92.494
156.837295	92.513
157.973802	92.531
159.118545	92.548
160.271584	92.566
161.432978	92.581
162.602788	92.596
163.781075	92.610
164.967900	92.622
166.163325	92.632
167.367413	92.641
168.580227	92.647
169.801828	92.650
171.032282	92.650
172.271653	92.643
173.520004	92.629
174.777402	92.608
176.043911	92.580
177.319598	92.547
178.604529	92.511
179.898771	92.474
181.202391	92.436
182.515458	92.396
183.838041	92.352
185.170207	92.305
186.512027	92.256
187.863570	92.207
189.224906	92.159
190.596108	92.114
191.977246	92.075
193.368392	92.042
194.769619	92.015
196.181000	91.994
197.602609	91.977
199.034519	91.964
200.476805	91.954
201.929542	91.948
203.392807	91.948
204.866675	91.955
206.351224	91.969
207.846530	91.989
209.352671	92.015
210.869727	92.043
212.397776	92.074
213.936898	92.106
215.487173	92.138
217.048682	92.171
218.621506	92.204
220.205728	92.237
221.801429	92.272
223.408694	92.304
225.027605	92.336
226.658248	92.367
228.300707	92.397
229.955068	92.425
231.621417	92.453
233.299841	92.481
234.990428	92.507
236.693266	92.533
238.408443	92.559
240.136049	92.583
241.876173	92.607
243.628908	92.631
245.394343	92.654
247.172572	92.677
248.963686	92.698
250.767780	92.720
252.584947	92.741
254.415281	92.761
256.258879	92.783
258.115837	92.803
259.986250	92.824
261.870218	92.844
263.767837	92.864
265.679208	92.884
267.604429	92.903
269.543601	92.921
271.496825	92.937
273.464203	92.952
275.445837	92.966
277.441831	92.978
279.452289	92.992
281.477316	93.004
283.517016	93.016
285.571498	93.027
287.640866	93.038
289.725231	93.050
291.824699	93.061
293.939381	93.072
296.069387	93.084
298.214828	93.094
300.375816	93.102
302.552463	93.111
304.744882	93.118
306.953189	93.126
309.177499	93.133
311.417926	93.141
313.674589	93.151
315.947604	93.165
318.237091	93.181
320.543168	93.203
322.865956	93.233
325.205576	93.270
327.562150	93.316
329.935800	93.368
332.326651	93.427
334.734827	93.493
337.160453	93.562
339.603657	93.633
342.064565	93.701
344.543306	93.757
347.040009	93.802
349.554804	93.831
352.087822	93.846
354.639195	93.849
357.209057	93.843
359.797541	93.829
362.404782	93.813
365.030917	93.798
367.676081	93.789
370.340414	93.786
373.024053	93.790
375.727139	93.799
378.449813	93.815
381.192216	93.834
383.954492	93.857
386.736785	93.878
389.539239	93.898
392.362001	93.916
395.205218	93.929
398.069037	93.938
400.953610	93.942
403.859085	93.941
406.785614	93.936
409.733351	93.930
412.702447	93.921
415.693059	93.909
418.705343	93.899
421.739454	93.888
424.795552	93.877
427.873796	93.868
430.974346	93.860
434.097363	93.855
437.243012	93.853
440.411455	93.853
443.602858	93.856
446.817387	93.863
450.055210	93.871
453.316496	93.882
456.601414	93.894
459.910136	93.908
463.242834	93.923
466.599683	93.939
469.980857	93.955
473.386532	93.972
476.816886	93.990
480.272097	94.008
483.752347	94.028
487.257816	94.047
490.788687	94.067
494.345144	94.088
497.927373	94.109
501.535560	94.131
505.169893	94.154
508.830562	94.178
512.517758	94.203
516.231673	94.228
519.972501	94.254
523.740436	94.278
527.535675	94.302
531.358416	94.323
535.208858	94.346
539.087202	94.369
542.993650	94.391
546.928406	94.415
550.891675	94.437
554.883663	94.459
558.904579	94.481
562.954632	94.502
567.034033	94.523
571.142995	94.543
575.281733	94.561
579.450461	94.581
583.649398	94.602
587.878762	94.624
592.138774	94.645
596.429656	94.665
600.751631	94.684
605.104925	94.703
609.489765	94.722
613.906379	94.741
618.354998	94.759
622.835853	94.779
627.349178	94.799
631.895209	94.820
636.474182	94.838
641.086336	94.854
645.731912	94.868
650.411152	94.883
655.124299	94.901
659.871600	94.920
664.653301	94.939
669.469653	94.961
674.320906	94.982
679.207314	95.003
684.129130	95.022
689.086611	95.040
694.080017	95.056
699.109607	95.073
704.175643	95.093
709.278390	95.113
714.418114	95.133
719.595082	95.154
724.809565	95.172
730.061834	95.189
735.352163	95.206
740.680828	95.223
746.048106	95.242
751.454278	95.259
756.899626	95.276
762.384432	95.291
767.908984	95.306
773.473569	95.322
779.078478	95.338
784.724001	95.355
790.410435	95.370
796.138075	95.386
801.907220	95.403
807.718170	95.419
813.571229	95.436
819.466701	95.453
825.404895	95.470
831.386119	95.487
837.410685	95.502
843.478908	95.517
849.591104	95.532
855.747592	95.547
861.948691	95.564
868.194727	95.582
874.486024	95.599
880.822910	95.616
887.205716	95.633
893.634774	95.649
900.110420	95.665
906.632991	95.682
913.202828	95.700
919.820272	95.716
926.485669	95.733
933.199366	95.751
939.961713	95.768
946.773063	95.785
953.633771	95.803
960.544195	95.822
967.504694	95.840
974.515632	95.858
981.577374	95.876
988.690288	95.894
995.854745	95.912
1003.071119	95.932
1010.339786	95.952
1017.661125	95.972
1025.035517	95.995
1032.463347	96.016
1039.945002	96.040
1047.480872	96.064
1055.071350	96.088
1062.716832	96.112
1070.417716	96.136
1078.174404	96.162
1085.987300	96.190
1093.856812	96.220
1101.783349	96.250
1109.767326	96.281
1117.809157	96.311
1125.909263	96.341
1134.068066	96.371
1142.285990	96.403
1150.563466	96.435
1158.900923	96.471
1167.298797	96.507
1175.757525	96.543
1184.277549	96.582
1192.859312	96.620
1201.503262	96.659
1210.209850	96.697
1218.979529	96.737
1227.812758	96.776
1236.709995	96.816
1245.671705	96.858
1254.698356	96.902
1263.790418	96.948
1272.948364	96.994
1282.172673	97.041
1291.463824	97.088
1300.822304	97.135
1310.248598	97.184
1319.743200	97.234
1329.306603	97.285
1338.939306	97.336
1348.641813	97.386
1358.414627	97.438
1368.258260	97.490
1378.173223	97.543
1388.160034	97.596
1398.219214	97.650
1408.351287	97.705
1418.556781	97.761
1428.836228	97.818
1439.190164	97.875
1449.619130	97.934
1460.123667	97.993
1470.704325	98.054
1481.361655	98.115
1492.096212	98.174
1502.908557	98.234
1513.799251	98.294
1524.768865	98.352
1535.817969	98.412
1546.947139	98.473
1558.156955	98.534
1569.448003	98.593
1580.820870	98.651
1592.276150	98.708
1603.814439	98.764
1615.436340	98.820
1627.142457	98.874
1638.933402	98.927
1650.809789	98.981
1662.772238	99.031
1674.821371	99.082
1686.957817	99.130
1699.182209	99.176
1711.495183	99.221
1723.897383	99.264
1736.389454	99.304
1748.972048	99.341
1761.645820	99.374
1774.411432	99.403
1787.269549	99.429
1800.220841	99.452
1813.265983	99.473
1826.405656	99.491
1839.640544	99.507
1852.971338	99.520
1866.398732	99.531
1879.923426	99.538
1893.546126	99.541
1907.267542	99.543
1921.088389	99.540
1935.009387	99.536
1949.031263	99.530
1963.154747	99.522
1977.380576	99.509
1991.709490	99.494
2006.142238	99.477
2020.679572	99.460
2035.322249	99.444
2050.071033	99.427
2064.926693	99.408
2079.890003	99.387
2094.961743	99.365
2110.142700	99.341
2125.433664	99.317
2140.835432	99.293
2156.348808	99.271
2171.974601	99.250
2187.713624	99.227
2203.566699	99.203
2219.534651	99.176
2235.618314	99.148
2251.818526	99.120
2268.136131	99.095
2284.571981	99.068
2301.126931	99.037
2317.801845	99.001
2334.597593	98.960
2351.515050	98.916
2368.555097	98.880
2385.718624	98.861
2403.006524	98.860
2420.419700	98.875
2437.959059	98.902
2455.625515	98.931
2473.419990	98.960
2491.343411	98.987
2509.396712	99.013
2527.580835	99.037
2545.896728	99.058
2564.345345	99.079
2582.927649	99.100
2601.644607	99.121
2620.497196	99.143
2639.486399	99.166
2658.613206	99.190
2677.878613	99.213
2697.283625	99.239
2716.829254	99.263
2736.516519	99.287
2756.346446	99.312
2776.320068	99.335
2796.438428	99.358
2816.702574	99.379
2837.113562	99.396
2857.672456	99.412
2878.380329	99.427
2899.238259	99.441
2920.247335	99.453
2941.408651	99.464
2962.723310	99.473
2984.192425	99.480
3005.817113	99.485
3027.598503	99.487
3049.537730	99.486
3071.635937	99.480
3093.894277	99.470
3116.313911	99.455
3138.896006	99.435
3161.641740	99.411
3184.552300	99.383
3207.628878	99.351
3230.872679	99.317
3254.284915	99.280
3277.866805	99.242
3301.619579	99.203
3325.544475	99.162
3349.642741	99.118
3373.915634	99.072
3398.364417	99.025
3422.990366	98.973
3447.794766	98.921
3472.778908	98.867
3497.944095	98.812
3523.291640	98.760
3548.822864	98.708
3574.539097	98.656
3600.441681	98.606
3626.531966	98.558
3652.811311	98.511
3679.281088	98.465
3705.942675	98.422
3732.797463	98.382
3759.846853	98.348
3787.092253	98.317
3814.535084	98.290
3842.176778	98.262
3870.018775	98.236
3898.062526	98.210
3926.309494	98.186
3954.761151	98.163
3983.418981	98.144
4012.284477	98.130
4041.359144	98.119
4070.644498	98.115
4100.142066	98.115
4129.853386	98.123
4159.780006	98.136
4189.923487	98.154
4220.285400	98.179
4250.867327	98.209
4281.670864	98.245
4312.697616	98.288
4343.949201	98.339
4375.427248	98.394
4407.133397	98.454
4439.069302	98.517
4471.236628	98.585
4503.637052	98.663
4536.272263	98.749
4569.143962	98.841
4602.253862	98.934
4635.603691	99.029
4669.195186	99.131
4703.030099	99.236
4737.110194	99.346
4771.437247	99.460
4806.013048	99.578
4840.839400	99.703
4875.918118	99.836
4911.251031	99.977
4946.839980	100.120
4982.686822	100.266
5018.793424	100.416
5055.161671	100.570
5091.793456	100.727
5128.690690	100.882
5165.855297	101.029
5203.289214	101.165
5240.994393	101.287
5278.972798	101.404
5317.226411	101.511
5355.757226	101.602
5394.567251	101.674
5433.658509	101.724
5473.033038	101.749
5512.692892	101.749
5552.640137	101.723
5592.876856	101.669
5633.405147	101.590
5674.227123	101.488
5715.344912	101.367
5756.760657	101.228
5798.476518	101.075
5840.494669	100.906
5882.817301	100.724
5925.446620	100.530
5968.384849	100.327
6011.634226	100.114
6055.197006	99.892
6099.075459	99.658
6143.271874	99.417
6187.788555	99.173
6232.627821	98.936
6277.792012	98.710
6323.283481	98.499
6369.104599	98.298
6415.257757	98.112
6461.745359	97.939
6508.569830	97.778
6555.733609	97.631
6603.239158	97.501
6651.088951	97.383
6699.285483	97.278
6747.831267	97.186
6796.728834	97.102
6845.980733	97.025
6895.589531	96.956
6945.557816	96.892
6995.888191	96.834
7046.583280	96.783
7097.645728	96.741
7149.078194	96.708
7200.883362	96.689
7253.063931	96.686
7305.622622	96.697
7358.562175	96.722
7411.885350	96.760
7465.594927	96.810
7519.693705	96.873
7574.184506	96.942
7629.070169	97.014
7684.353556	97.082
7740.037550	97.135
7796.125052	97.171
7852.618988	97.192
7909.522303	97.202
7966.837962	97.203
8024.568954	97.197
8082.718288	97.183
8141.288997	97.155
8200.284133	97.109
8259.706772	97.046
8319.560012	96.965
8379.846974	96.868
8440.570799	96.756
8501.734655	96.627
8563.341728	96.484
8625.395233	96.327
8687.898402	96.156
8750.854495	95.980
8814.266794	95.801
8878.138605	95.620
8942.473257	95.446
9007.274104	95.291
9072.544526	95.164
9138.287923	95.082
9204.507725	95.056
9271.207382	95.093
9338.390372	95.190
9406.060198	95.337
9474.220388	95.517
9542.874494	95.709
9612.026097	95.903
9681.678800	96.087
9751.836236	96.249
9822.502061	96.381
9893.679960	96.465
9965.373644	96.483
10037.586849	96.413
10110.323341	96.244
10183.586912	95.984
10257.381380	95.668
10331.710594	95.326
10406.578428	94.977
10481.988785	94.603
10557.945597	94.203
10634.452823	93.808
10711.514452	93.516
10789.134501	93.354
10867.317017	93.284
10946.066076	93.205
11025.385783	93.069
11105.280273	92.861
11185.753712	92.589
11266.810295	92.260
11348.454246	91.879
11430.689824	91.451
11513.521314	90.986
11596.953036	90.489
11680.989338	89.971
11765.634602	89.454
11850.893241	88.952
11936.769698	88.472
12023.268452	88.015
12110.394012	87.581
12198.150919	87.172
12286.543749	86.793
12375.577110	86.456
12465.255643	86.173
12555.584024	85.948
12646.566961	85.773
12738.209199	85.637
12830.515513	85.526
12923.490718	85.419
13017.139659	85.296
13111.467219	85.137
13206.478315	84.931
13302.177901	84.672
13398.570966	84.360
13495.662534	84.002
13593.457668	83.608
13691.961466	83.191
13791.179063	82.763
13891.115631	82.340
13991.776381	81.938
14093.166561	81.561
14195.291455	81.216
14298.156389	80.909
14401.766724	80.646
14506.127863	80.424
14611.245245	80.241
14717.124351	80.089
14823.770701	79.980
14931.189854	79.943
15039.387411	80.035
15148.369011	80.309
15258.140338	80.806
15368.707112	81.529
15480.075099	82.446
15592.250105	83.494
15705.237977	84.577
15819.044605	85.609
15933.675923	86.501
16049.137907	87.160
16165.436576	87.596
16282.577994	87.814
16400.568266	87.814
16519.413544	87.597
16639.120024	87.159
16759.693947	86.487
16881.141598	85.600
17003.469309	84.552
17126.683457	83.412
17250.790465	82.242
17375.796804	81.084
17501.708990	79.969
17628.533588	78.916
17756.277210	77.936
17884.946514	77.025
18014.548209	76.154
18145.089051	75.274
18276.575846	74.348
18409.015449	73.362
18542.414764	72.322
18676.780745	71.242
18812.120397	70.142
18948.440776	69.047
19085.748989	67.969
19224.052194	66.910
19363.357601	65.892
19503.672472	64.930
19645.004122	64.040
19787.359920	63.221
19930.747287	62.463
20075.173698	61.758
20220.646682	61.150
20367.173823	60.690
20514.762761	60.394
20663.421188	60.180
20813.156856	59.912
20963.977570	59.463
21115.891194	58.758
21268.905646	57.745
21423.028904	56.383
21578.269002	54.647
21734.634034	52.779
21892.132152	51.209
