2.726269	67.328
2.746025	67.350
2.765924	67.378
2.785967	67.410
2.806155	67.442
2.826490	67.476
2.846972	67.510
2.867602	67.544
2.888382	67.578
2.909312	67.612
2.930394	67.648
2.951629	67.684
2.973018	67.720
2.994561	67.756
3.016261	67.794
3.038118	67.832
3.060134	67.870
3.082309	67.909
3.104645	67.948
3.127142	67.989
3.149803	68.029
3.172627	68.071
3.195618	68.112
3.218774	68.154
3.242099	68.197
3.265593	68.240
3.289256	68.285
3.313092	68.329
3.337100	68.374
3.361282	68.419
3.385639	68.466
3.410173	68.513
3.434884	68.561
3.459775	68.609
3.484846	68.659
3.510098	68.709
3.535534	68.759
3.561154	68.811
3.586959	68.862
3.612952	68.915
3.639133	68.968
3.665504	69.022
3.692065	69.077
3.718820	69.132
3.745768	69.188
3.772911	69.245
3.800251	69.303
3.827789	69.362
3.855527	69.422
3.883466	69.483
3.911607	69.544
3.939952	69.606
3.968503	69.668
3.997260	69.733
4.026226	69.797
4.055401	69.863
4.084789	69.930
4.114388	69.996
4.144203	70.064
4.174234	70.133
4.204482	70.204
4.234950	70.275
4.265638	70.347
4.296548	70.422
4.327683	70.495
4.359043	70.570
4.390630	70.645
4.422447	70.723
4.454494	70.802
4.486773	70.882
4.519286	70.964
4.552034	71.046
4.585020	71.128
4.618245	71.212
4.651711	71.297
4.685419	71.382
4.719372	71.470
4.753570	71.558
4.788016	71.648
4.822712	71.739
4.857660	71.832
4.892860	71.925
4.928316	72.021
4.964029	72.118
5.000000	72.215
5.036232	72.315
5.072727	72.415
5.109486	72.517
5.146511	72.619
5.183805	72.724
5.221369	72.830
5.259205	72.938
5.297316	73.048
5.335702	73.159
5.374367	73.272
5.413311	73.386
5.452538	73.504
5.492050	73.624
5.531847	73.747
5.571934	73.873
5.612310	74.003
5.652979	74.136
5.693943	74.273
5.735204	74.410
5.776763	74.552
5.818624	74.697
5.860788	74.846
5.903258	74.996
5.946035	75.148
5.989123	75.303
6.032523	75.463
6.076237	75.624
6.120268	75.788
6.164618	75.955
6.209289	76.124
6.254284	76.296
6.299605	76.470
6.345255	76.646
6.391235	76.827
6.437549	77.008
6.484198	77.191
6.531185	77.376
6.578513	77.562
6.626183	77.750
6.674199	77.940
6.722563	78.131
6.771278	78.324
6.820345	78.518
6.869768	78.713
6.919549	78.906
6.969691	79.103
7.020196	79.302
7.071068	79.501
7.122308	79.699
7.173919	79.897
7.225904	80.096
7.278266	80.296
7.331007	80.494
7.384131	80.691
7.437639	80.888
7.491535	81.084
7.545822	81.279
7.600502	81.472
7.655579	81.664
7.711054	81.853
7.766932	82.041
7.823214	82.227
7.879904	82.410
7.937005	82.589
7.994520	82.760
8.052452	82.920
8.110803	83.065
8.169578	83.198
8.228777	83.322
8.288406	83.438
8.348468	83.549
8.408964	83.656
8.469899	83.760
8.531276	83.861
8.593097	83.958
8.655366	84.052
8.718086	84.142
8.781260	84.231
8.844893	84.316
8.908987	84.398
8.973545	84.480
9.038571	84.558
9.104069	84.636
9.170040	84.712
9.236490	84.787
9.303422	84.862
9.370838	84.936
9.438744	85.010
9.507140	85.085
9.576033	85.160
9.645425	85.237
9.715320	85.315
9.785721	85.395
9.856632	85.477
9.928058	85.563
10.000000	85.651
10.072464	85.744
10.145453	85.841
10.218971	85.944
10.293022	86.050
10.367610	86.163
10.442738	86.284
10.518411	86.411
10.594631	86.547
10.671404	86.692
10.748734	86.849
10.826623	87.016
10.905077	87.192
10.984100	87.373
11.063695	87.561
11.143867	87.751
11.224621	87.943
11.305959	88.138
11.387886	88.338
11.470407	88.540
11.553527	88.744
11.637249	88.951
11.721577	89.161
11.806517	89.372
11.892071	89.584
11.978246	89.799
12.065045	90.015
12.152473	90.231
12.240536	90.448
12.329235	90.667
12.418578	90.887
12.508568	91.106
12.599211	91.325
12.690510	91.543
12.782471	91.761
12.875097	91.978
12.968395	92.192
13.062370	92.404
13.157025	92.614
13.252366	92.822
13.348398	93.029
13.445127	93.231
13.542556	93.433
13.640691	93.633
13.739536	93.832
13.839099	94.031
13.939383	94.231
14.040393	94.429
14.142136	94.628
14.244616	94.827
14.347837	95.024
14.451808	95.222
14.556532	95.420
14.662014	95.618
14.768262	95.815
14.875278	96.011
14.983070	96.209
15.091644	96.404
15.201005	96.600
15.311157	96.794
15.422109	96.989
15.533863	97.184
15.646428	97.377
15.759809	97.571
15.874010	97.763
15.989040	97.955
16.104904	98.145
16.221605	98.335
16.339155	98.523
16.457554	98.711
16.576813	98.897
16.696936	99.084
16.817928	99.269
16.939798	99.454
17.062551	99.637
17.186193	99.822
17.310732	100.004
17.436172	100.186
17.562521	100.367
17.689787	100.547
17.817974	100.727
17.947090	100.906
18.077143	101.082
18.208138	101.259
18.340080	101.435
18.472980	101.608
18.606844	101.781
18.741676	101.949
18.877487	102.112
19.014280	102.269
19.152065	102.423
19.290850	102.575
19.430639	102.725
19.571442	102.874
19.713264	103.022
19.856115	103.169
20.000000	103.316
20.144928	103.460
20.290907	103.604
20.437943	103.748
20.586044	103.889
20.735220	104.030
20.885475	104.170
21.036821	104.309
21.189262	104.446
21.342808	104.583
21.497467	104.719
21.653246	104.856
21.810154	104.993
21.968201	105.130
22.127390	105.267
22.287735	105.402
22.449242	105.537
22.611917	105.672
22.775772	105.805
22.940815	105.936
23.107054	106.067
23.274498	106.197
23.443153	106.326
23.613033	106.454
23.784142	106.581
23.956491	106.707
24.130091	106.831
24.304947	106.953
24.481071	107.075
24.658470	107.194
24.837156	107.311
25.017136	107.428
25.198421	107.542
25.381020	107.656
25.564941	107.767
25.750195	107.877
25.936790	107.986
26.124741	108.093
26.314051	108.198
26.504732	108.300
26.696796	108.401
26.890253	108.499
27.085112	108.596
27.281382	108.689
27.479073	108.780
27.678198	108.869
27.878765	108.957
28.080786	109.043
28.284271	109.126
28.489231	109.208
28.695675	109.288
28.903616	109.366
29.113064	109.442
29.324028	109.515
29.536524	109.584
29.750557	109.650
29.966141	109.713
30.183289	109.773
30.402010	109.830
30.622314	109.885
30.844217	109.938
31.067726	109.988
31.292856	110.037
31.519617	110.084
31.748020	110.128
31.978081	110.168
32.209808	110.206
32.443211	110.237
32.678310	110.266
32.915108	110.291
33.153625	110.314
33.393871	110.338
33.635857	110.359
33.879597	110.382
34.125103	110.403
34.372387	110.426
34.621464	110.449
34.872345	110.473
35.125042	110.497
35.379574	110.523
35.635948	110.549
35.894180	110.576
36.154285	110.603
36.416275	110.630
36.680161	110.657
36.945961	110.683
37.213688	110.706
37.483353	110.722
37.754974	110.731
38.028561	110.730
38.304131	110.721
38.581699	110.707
38.861279	110.689
39.142883	110.668
39.426529	110.647
39.712231	110.626
40.000000	110.603
40.289856	110.581
40.581814	110.556
40.875885	110.532
41.172089	110.507
41.470440	110.482
41.770950	110.456
42.073643	110.430
42.378525	110.403
42.685616	110.374
42.994934	110.343
43.306492	110.309
43.620308	110.274
43.936401	110.238
44.254780	110.200
44.575470	110.160
44.898483	110.118
45.223835	110.074
45.551544	110.028
45.881630	109.980
46.214108	109.929
46.548996	109.876
46.886307	109.820
47.226067	109.763
47.568283	109.706
47.912983	109.647
48.260181	109.585
48.609894	109.523
48.962143	109.457
49.316940	109.390
49.674313	109.322
50.034271	109.252
50.396843	109.183
50.762039	109.111
51.129883	109.037
51.500389	108.960
51.873581	108.881
52.249481	108.800
52.628101	108.719
53.009464	108.635
53.393593	108.550
53.780506	108.463
54.170223	108.375
54.562763	108.285
54.958145	108.192
55.356396	108.096
55.757530	107.999
56.161572	107.898
56.568542	107.792
56.978462	107.681
57.391350	107.566
57.807232	107.447
58.226128	107.327
58.648056	107.209
59.073048	107.096
59.501114	106.989
59.932281	106.891
60.366577	106.797
60.804020	106.707
61.244629	106.617
61.688435	106.527
62.135452	106.437
62.585712	106.346
63.039234	106.256
63.496040	106.166
63.956161	106.079
64.419617	105.996
64.886421	105.919
65.356621	105.848
65.830215	105.781
66.307251	105.718
66.787743	105.657
67.271713	105.600
67.759193	105.549
68.250206	105.502
68.744774	105.457
69.242928	105.413
69.744690	105.368
70.250084	105.320
70.759148	105.270
71.271896	105.221
71.788361	105.171
72.308571	105.125
72.832550	105.081
73.360321	105.042
73.891922	105.007
74.427376	104.977
74.966705	104.951
75.509949	104.932
76.057121	104.919
76.608261	104.911
77.163399	104.905
77.722557	104.898
78.285767	104.888
78.853058	104.875
79.424461	104.861
80.000000	104.852
80.579712	104.853
81.163628	104.870
81.751770	104.898
82.344177	104.931
82.940880	104.958
83.541901	104.970
84.147285	104.967
84.757050	104.953
85.371231	104.934
85.989868	104.924
86.612984	104.922
87.240616	104.928
87.872803	104.941
88.509560	104.956
89.150940	104.971
89.796967	104.988
90.447670	105.002
91.103088	105.014
91.763260	105.024
92.428215	105.030
93.097992	105.032
93.772614	105.029
94.452133	105.020
95.136566	105.006
95.825966	104.983
96.520363	104.953
97.219788	104.912
97.924286	104.864
98.633881	104.810
99.348625	104.754
100.068542	104.700
100.793686	104.650
101.524078	104.603
102.259766	104.560
103.000778	104.521
103.747162	104.482
104.498962	104.441
105.256203	104.398
106.018929	104.350
106.787186	104.297
107.561012	104.238
108.340446	104.168
109.125526	104.085
109.916290	103.984
110.712791	103.861
111.515060	103.718
112.323143	103.561
113.137085	103.397
113.956924	103.229
114.782700	103.055
115.614464	102.871
116.452255	102.671
117.296112	102.454
118.146095	102.221
119.002228	101.973
119.864563	101.712
120.733154	101.435
121.608040	101.148
122.489258	100.856
123.376869	100.575
124.270905	100.319
125.171425	100.107
126.078468	99.946
126.992081	99.837
127.912323	99.769
128.839233	99.733
129.772842	99.715
130.713242	99.707
131.660431	99.708
132.614502	99.715
133.575485	99.728
134.543427	99.742
135.518387	99.749
136.500412	99.745
137.489548	99.726
138.485855	99.692
139.489380	99.652
140.500168	99.613
141.518295	99.582
142.543793	99.561
143.576721	99.544
144.617142	99.523
145.665100	99.490
146.720642	99.444
147.783844	99.382
148.854752	99.302
149.933411	99.207
151.019897	99.096
152.114243	98.977
153.216522	98.855
154.326797	98.740
155.445114	98.641
156.571533	98.548
157.706116	98.459
158.848923	98.362
160.000000	98.259
161.159424	98.154
162.327255	98.062
163.503540	97.994
164.688354	97.953
165.881760	97.933
167.083801	97.916
168.294571	97.886
169.514099	97.823
170.742462	97.737
171.979736	97.636
173.225967	97.548
174.481232	97.483
175.745605	97.442
177.019119	97.412
178.301880	97.379
179.593933	97.346
180.895340	97.314
182.206177	97.288
183.526520	97.266
184.856430	97.237
186.195984	97.204
187.545227	97.167
188.904266	97.132
190.273132	97.100
191.651932	97.061
193.040726	97.018
194.439575	96.973
195.848572	96.933
197.267761	96.896
198.697250	96.855
200.137085	96.805
201.587372	96.742
203.048157	96.677
204.519531	96.626
206.001556	96.592
207.494324	96.570
208.997925	96.542
210.512405	96.504
212.037857	96.451
213.574371	96.395
215.122025	96.351
216.680893	96.320
218.251053	96.303
219.832581	96.294
221.425583	96.290
223.030121	96.280
224.646286	96.267
226.274170	96.251
227.913849	96.232
229.565399	96.210
231.228928	96.188
232.904510	96.163
234.592224	96.137
236.292191	96.099
238.004456	96.043
239.729126	95.977
241.466309	95.906
243.216080	95.823
244.978516	95.731
246.753738	95.638
248.541809	95.553
250.342850	95.484
252.156937	95.428
253.984161	95.376
255.824646	95.311
257.678467	95.251
259.545685	95.211
261.426483	95.201
263.320862	95.212
265.229004	95.200
267.150970	95.154
269.086853	95.066
271.036774	94.958
273.000824	94.849
274.979095	94.763
276.971710	94.707
278.978760	94.673
281.000336	94.647
283.036591	94.621
285.087585	94.593
287.153442	94.561
289.234283	94.505
291.330200	94.418
293.441284	94.302
295.567688	94.181
297.709503	94.090
299.866821	94.044
302.039795	94.041
304.228485	94.035
306.433044	94.013
308.653595	93.989
310.890228	93.968
313.143066	93.946
315.412231	93.916
317.697845	93.875
320.000000	93.816
322.318848	93.757
324.654510	93.733
327.007080	93.731
329.376709	93.732
331.763519	93.726
334.167603	93.709
336.589142	93.681
339.028198	93.636
341.484924	93.564
343.959473	93.487
346.451935	93.425
348.962463	93.399
351.491211	93.412
354.038239	93.464
356.603760	93.537
359.187866	93.624
361.790680	93.721
364.412354	93.827
367.053040	93.913
369.712860	93.976
372.391968	94.020
375.090454	94.059
377.808533	94.107
380.546265	94.180
383.303864	94.282
386.081451	94.406
388.879150	94.540
391.697144	94.671
394.535522	94.785
397.394501	94.873
400.274170	94.937
403.174744	94.993
406.096313	95.070
409.039062	95.172
412.003113	95.293
414.988647	95.421
417.995850	95.548
421.024811	95.672
424.075714	95.797
427.148743	95.931
430.244049	96.073
433.361786	96.215
436.502106	96.352
439.665161	96.481
442.851166	96.602
446.060242	96.721
449.292572	96.850
452.548340	96.987
455.827698	97.126
459.130798	97.257
462.457855	97.371
465.809021	97.484
469.184448	97.596
472.584381	97.693
476.008911	97.772
479.458252	97.832
482.932617	97.895
486.432159	97.979
489.957031	98.097
493.507477	98.233
497.083618	98.355
500.685699	98.454
504.313873	98.523
507.968323	98.566
511.649292	98.588
515.356934	98.597
519.091370	98.608
522.852966	98.635
526.641724	98.671
530.458008	98.712
534.301941	98.764
538.173706	98.821
542.073547	98.863
546.001648	98.891
549.958191	98.908
553.943420	98.918
557.957520	98.925
562.000671	98.935
566.073181	98.936
570.175171	98.900
574.306885	98.841
578.468567	98.782
582.660400	98.746
586.882568	98.745
591.135376	98.776
595.419006	98.822
599.733643	98.862
604.079590	98.880
608.456970	98.867
612.866089	98.829
617.307190	98.775
621.780457	98.721
626.286133	98.663
630.824463	98.600
635.395691	98.536
640.000000	98.481
644.637695	98.440
649.309021	98.410
654.014160	98.374
658.753418	98.337
663.527039	98.304
668.335205	98.274
673.178284	98.244
678.056396	98.215
682.969849	98.190
687.918945	98.184
692.903870	98.201
697.924927	98.242
702.982422	98.294
708.076477	98.352
713.207520	98.411
718.375732	98.466
723.581360	98.516
728.824707	98.550
734.106079	98.567
739.425720	98.594
744.783936	98.632
750.180908	98.660
755.617065	98.672
761.092529	98.661
766.607727	98.640
772.162903	98.624
777.758301	98.642
783.394287	98.695
789.071045	98.751
794.789001	98.798
800.548340	98.824
806.349487	98.838
812.192627	98.850
818.078125	98.873
824.006226	98.918
829.977295	98.996
835.991699	99.100
842.049622	99.221
848.151428	99.347
854.297485	99.469
860.488098	99.583
866.723572	99.709
873.004211	99.874
879.330322	100.071
885.702332	100.282
892.120483	100.492
898.585144	100.693
905.096680	100.877
911.655396	101.065
918.261597	101.278
924.915710	101.488
931.618042	101.675
938.368896	101.825
945.168762	101.954
952.017822	102.118
958.916504	102.302
965.865234	102.487
972.864319	102.659
979.914062	102.805
987.014954	102.928
994.167236	103.025
1001.371399	103.113
1008.627747	103.160
1015.936646	103.142
1023.298584	103.077
1030.713867	102.976
1038.182739	102.840
1045.705933	102.679
1053.283447	102.501
1060.916016	102.310
1068.603882	102.109
1076.347412	101.908
1084.147095	101.713
1092.003296	101.529
1099.916382	101.361
1107.886841	101.207
1115.915039	101.093
1124.001343	101.026
1132.146362	100.995
1140.350342	100.978
1148.613770	100.954
1156.937134	100.906
1165.320801	100.827
1173.765137	100.751
1182.270752	100.695
1190.838013	100.647
1199.467285	100.608
1208.159180	100.590
1216.913940	100.584
1225.732178	100.588
1234.614380	100.636
1243.560913	100.733
1252.572266	100.870
1261.648926	101.017
1270.791382	101.143
1280.000000	101.250
1289.275391	101.336
1298.618042	101.412
1308.028320	101.470
1317.506836	101.486
1327.054077	101.484
1336.670410	101.504
1346.356567	101.561
1356.112793	101.650
1365.939697	101.733
1375.837891	101.792
1385.807739	101.831
1395.849854	101.868
1405.964844	101.922
1416.152954	101.978
1426.415039	102.019
1436.751465	102.035
1447.162720	102.031
1457.649414	102.020
1468.212158	102.014
1478.851440	102.023
1489.567871	102.025
1500.361816	102.018
1511.234131	102.019
1522.185059	102.029
1533.215454	102.041
1544.325806	102.058
1555.516602	102.073
1566.788574	102.052
1578.142090	101.991
1589.578003	101.908
1601.096680	101.823
1612.698975	101.755
1624.385254	101.697
1636.156250	101.638
1648.012451	101.567
1659.954590	101.480
1671.983398	101.363
1684.099243	101.246
1696.302856	101.156
1708.594971	101.055
1720.976196	100.925
1733.447144	100.779
1746.008423	100.642
1758.660645	100.551
1771.404663	100.510
1784.240967	100.500
1797.170288	100.440
1810.193359	100.300
1823.310791	100.127
1836.523193	99.959
1849.831421	99.834
1863.236084	99.767
1876.737793	99.761
1890.337524	99.817
1904.035645	99.942
1917.833008	100.181
1931.730469	100.494
1945.728638	100.833
1959.828125	101.173
1974.029907	101.523
1988.334473	101.930
2002.742798	102.396
2017.255493	102.865
2031.873291	103.297
2046.597168	103.653
2061.427734	103.912
2076.365479	104.083
2091.411865	104.209
2106.566895	104.294
2121.832031	104.319
2137.207764	104.293
2152.694824	104.227
2168.294189	104.109
2184.006592	103.957
2199.832764	103.825
2215.773682	103.724
2231.830078	103.643
2248.002686	103.587
2264.292725	103.548
2280.700684	103.530
2297.227539	103.530
2313.874268	103.534
2330.641602	103.547
2347.530273	103.566
2364.541504	103.622
2381.676025	103.723
2398.934570	103.852
2416.318359	103.994
2433.827881	104.125
2451.464355	104.270
2469.228760	104.456
2487.121826	104.650
2505.144531	104.833
2523.297852	105.017
2541.582764	105.202
2560.000000	105.379
2578.550781	105.582
2597.236084	105.833
2616.056641	106.120
2635.013672	106.421
2654.108154	106.719
2673.340820	106.987
2692.713135	107.195
2712.225586	107.368
2731.879395	107.529
2751.675781	107.686
2771.615479	107.835
2791.699707	107.962
2811.929688	108.072
2832.305908	108.175
2852.830078	108.262
2873.502930	108.322
2894.325439	108.367
2915.298828	108.409
2936.424316	108.474
2957.702881	108.552
2979.135742	108.623
3000.723633	108.667
3022.468262	108.656
3044.370117	108.547
3066.430908	108.332
3088.651611	108.013
3111.033203	107.600
3133.577148	107.118
3156.284180	106.671
3179.156006	106.320
3202.193359	106.088
3225.397949	105.959
3248.770508	105.912
3272.312500	105.882
3296.024902	105.832
3319.909180	105.788
3343.966797	105.748
3368.198486	105.684
3392.605713	105.582
3417.189941	105.428
3441.952393	105.192
3466.894287	104.853
3492.016846	104.401
3517.321289	103.837
3542.809326	103.144
3568.481934	102.399
3594.340576	101.665
3620.386719	100.939
3646.621582	100.199
3673.046387	99.398
3699.662842	98.528
3726.472168	97.577
3753.475586	96.575
3780.675049	95.554
3808.071289	94.577
3835.666016	93.675
3863.460938	92.850
3891.457275	92.087
3919.656250	91.355
3948.059814	90.662
3976.668945	90.055
4005.485596	89.648
4034.510986	89.543
4063.746582	89.900
4093.194336	90.605
4122.855469	91.534
4152.730957	92.531
4182.823730	93.509
4213.133789	94.483
4243.664062	95.483
4274.415527	96.560
4305.389648	97.716
4336.588379	98.953
4368.013184	100.331
4399.665527	101.826
4431.547363	103.328
4463.660156	104.784
4496.005371	106.152
4528.585449	107.431
4561.401367	108.596
4594.455078	109.561
4627.748535	110.267
4661.283203	110.679
4695.060547	110.804
4729.083008	110.665
4763.352051	110.341
4797.869141	109.906
4832.636719	109.386
4867.655762	108.834
4902.928711	108.324
4938.457520	107.897
4974.243652	107.590
5010.289062	107.401
5046.595703	107.309
5083.165527	107.246
5120.000000	107.188
5157.101562	107.119
5194.472168	107.005
5232.113281	106.814
5270.027344	106.591
5308.216309	106.389
5346.681641	106.269
5385.426270	106.244
5424.451172	106.303
5463.758789	106.393
5503.351562	106.466
5543.230957	106.511
5583.399414	106.525
5623.859375	106.493
5664.611816	106.445
5705.660156	106.425
5747.005859	106.424
5788.650879	106.427
5830.597656	106.427
5872.848633	106.410
5915.405762	106.347
5958.271484	106.260
6001.447266	106.173
6044.936523	106.090
6088.740234	106.019
6132.861816	105.986
6177.303223	105.984
6222.066406	105.979
6267.154297	105.980
6312.568359	105.992
6358.312012	106.001
6404.386719	106.023
6450.795898	106.120
6497.541016	106.300
6544.625000	106.543
6592.049805	106.834
6639.818359	107.156
6687.933594	107.495
6736.396973	107.837
6785.211426	108.181
6834.379883	108.519
6883.904785	108.844
6933.788574	109.139
6984.033691	109.397
7034.642578	109.603
7085.618652	109.743
7136.963867	109.798
7188.681152	109.760
7240.773438	109.628
7293.243164	109.466
7346.092773	109.332
7399.325684	109.285
7452.944336	109.314
7506.951172	109.391
7561.350098	109.465
7616.142578	109.496
7671.332031	109.449
7726.921875	109.304
7782.914551	109.048
7839.312500	108.704
7896.119629	108.300
7953.337891	107.881
8010.971191	107.478
8069.021973	107.041
8127.493164	106.576
8186.388672	106.166
8245.710938	105.825
8305.461914	105.555
8365.647461	105.250
8426.267578	104.841
8487.328125	104.368
8548.831055	103.877
8610.779297	103.428
8673.176758	103.053
8736.026367	102.779
8799.331055	102.505
8863.094727	102.194
8927.320312	101.931
8992.010742	101.727
9057.170898	101.541
9122.802734	101.383
9188.910156	101.257
9255.497070	101.166
9322.566406	101.126
9390.121094	101.178
9458.166016	101.309
9526.704102	101.472
9595.738281	101.730
9665.273438	102.118
9735.311523	102.579
9805.857422	103.059
9876.915039	103.495
9948.487305	103.860
10020.578125	104.137
10093.191406	104.293
10166.331055	104.304
10240.000000	104.136
10314.203125	103.830
10388.944336	103.488
10464.226562	103.162
10540.054688	102.892
10616.432617	102.609
10693.363281	102.261
10770.852539	101.802
10848.902344	101.290
10927.517578	100.865
11006.703125	100.549
11086.461914	100.356
11166.798828	100.250
11247.718750	100.203
11329.223633	100.206
11411.320312	100.242
11494.011719	100.303
11577.301758	100.326
11661.195312	100.266
11745.697266	100.126
11830.811523	99.944
11916.542969	99.810
12002.894531	99.749
12089.873047	99.778
12177.480469	99.823
12265.723633	99.806
12354.606445	99.662
12444.132812	99.373
12534.308594	98.927
12625.136719	98.464
12716.624023	98.138
12808.773438	97.933
12901.591797	97.804
12995.082031	97.638
13089.250000	97.423
13184.099609	97.182
13279.636719	97.021
13375.867188	97.025
13472.793945	97.156
13570.422852	97.375
13668.759766	97.633
13767.809570	97.974
13867.577148	98.479
13968.067383	99.048
14069.285156	99.562
14171.237305	99.900
14273.927734	100.000
14377.362305	99.822
14481.546875	99.477
14586.486328	99.112
14692.185547	98.749
14798.651367	98.398
14905.888672	98.024
15013.902344	97.675
15122.700195	97.477
15232.285156	97.530
15342.664062	97.916
15453.843750	98.381
15565.829102	98.735
15678.625000	98.898
15792.239258	98.880
15906.675781	98.723
16021.942383	98.554
16138.043945	98.474
16254.986328	98.386
16372.777344	98.195
16491.421875	97.784
16610.923828	97.141
16731.294922	96.257
16852.535156	95.367
16974.656250	94.641
17097.662109	94.056
17221.558594	93.435
17346.353516	92.453
17472.052734	90.964
17598.662109	88.882
17726.189453	84.837
17854.640625	78.452
17984.021484	71.082
18114.341797	63.982
18245.605469	59.761
18377.820312	58.448
18510.994141	57.963
18645.132812	57.592
18780.242188	57.215
18916.332031	56.890
19053.408203	56.630
19191.476562	56.425
19330.546875	56.228
19470.623047	56.013
19611.714844	55.814
19753.830078	55.656
19896.974609	55.550
20041.156250	55.500
20186.382812	55.524
20332.662109	55.519
20480.000000	55.426
20628.406250	55.337
20777.888672	55.278
20928.453125	55.208
21080.109375	55.138
21232.865234	55.093
21386.726562	55.080
21541.705078	55.093
21697.804688	55.150
21855.035156	55.245
