2.726269	79.838
2.746025	79.866
2.765924	79.904
2.785967	79.945
2.806155	79.988
2.826490	80.031
2.846972	80.076
2.867602	80.119
2.888382	80.164
2.909312	80.208
2.930394	80.254
2.951629	80.302
2.973018	80.349
2.994561	80.395
3.016261	80.445
3.038118	80.495
3.060134	80.543
3.082309	80.594
3.104645	80.647
3.127142	80.698
3.149803	80.751
3.172627	80.804
3.195618	80.858
3.218774	80.913
3.242099	80.969
3.265593	81.025
3.289256	81.082
3.313092	81.139
3.337100	81.198
3.361282	81.257
3.385639	81.319
3.410173	81.380
3.434884	81.441
3.459775	81.504
3.484846	81.568
3.510098	81.632
3.535534	81.697
3.561154	81.764
3.586959	81.832
3.612952	81.900
3.639133	81.969
3.665504	82.037
3.692065	82.108
3.718820	82.180
3.745768	82.252
3.772911	82.326
3.800251	82.401
3.827789	82.477
3.855527	82.553
3.883466	82.632
3.911607	82.712
3.939952	82.791
3.968503	82.871
3.997260	82.953
4.026226	83.036
4.055401	83.121
4.084789	83.206
4.114388	83.291
4.144203	83.378
4.174234	83.467
4.204482	83.557
4.234950	83.648
4.265638	83.740
4.296548	83.834
4.327683	83.928
4.359043	84.023
4.390630	84.119
4.422447	84.218
4.454494	84.318
4.486773	84.419
4.519286	84.523
4.552034	84.626
4.585020	84.731
4.618245	84.836
4.651711	84.942
4.685419	85.050
4.719372	85.160
4.753570	85.272
4.788016	85.385
4.822712	85.499
4.857660	85.614
4.892860	85.731
4.928316	85.851
4.964029	85.972
5.000000	86.094
5.036232	86.218
5.072727	86.343
5.109486	86.468
5.146511	86.596
5.183805	86.724
5.221369	86.856
5.259205	86.989
5.297316	87.124
5.335702	87.261
5.374367	87.400
5.413311	87.543
5.452538	87.689
5.492050	87.843
5.531847	88.000
5.571934	88.163
5.612310	88.332
5.652979	88.509
5.693943	88.689
5.735204	88.874
5.776763	89.065
5.818624	89.262
5.860788	89.465
5.903258	89.671
5.946035	89.879
5.989123	90.094
6.032523	90.314
6.076237	90.538
6.120268	90.767
6.164618	90.999
6.209289	91.235
6.254284	91.474
6.299605	91.716
6.345255	91.963
6.391235	92.213
6.437549	92.467
6.484198	92.721
6.531185	92.975
6.578513	93.232
6.626183	93.492
6.674199	93.751
6.722563	94.013
6.771278	94.273
6.820345	94.535
6.869768	94.794
6.919549	95.053
6.969691	95.312
7.020196	95.572
7.071068	95.828
7.122308	96.082
7.173919	96.332
7.225904	96.580
7.278266	96.826
7.331007	97.065
7.384131	97.299
7.437639	97.528
7.491535	97.751
7.545822	97.968
7.600502	98.178
7.655579	98.380
7.711054	98.572
7.766932	98.756
7.823214	98.931
7.879904	99.097
7.937005	99.248
7.994520	99.372
8.052452	99.465
8.110803	99.522
8.169578	99.547
8.228777	99.550
8.288406	99.545
8.348468	99.535
8.408964	99.524
8.469899	99.513
8.531276	99.499
8.593097	99.486
8.655366	99.469
8.718086	99.452
8.781260	99.435
8.844893	99.416
8.908987	99.395
8.973545	99.374
9.038571	99.352
9.104069	99.329
9.170040	99.305
9.236490	99.280
9.303422	99.256
9.370838	99.230
9.438744	99.203
9.507140	99.175
9.576033	99.148
9.645425	99.120
9.715320	99.092
9.785721	99.064
9.856632	99.035
9.928058	99.007
10.000000	98.978
10.072464	98.950
10.145453	98.922
10.218971	98.895
10.293022	98.868
10.367610	98.842
10.442738	98.817
10.518411	98.793
10.594631	98.769
10.671404	98.749
10.748734	98.730
10.826623	98.712
10.905077	98.696
10.984100	98.679
11.063695	98.662
11.143867	98.644
11.224621	98.626
11.305959	98.606
11.387886	98.585
11.470407	98.563
11.553527	98.541
11.637249	98.517
11.721577	98.494
11.806517	98.469
11.892071	98.445
11.978246	98.419
12.065045	98.394
12.152473	98.368
12.240536	98.343
12.329235	98.317
12.418578	98.291
12.508568	98.266
12.599211	98.239
12.690510	98.215
12.782471	98.190
12.875097	98.166
12.968395	98.143
13.062370	98.120
13.157025	98.097
13.252366	98.078
13.348398	98.073
13.445127	98.089
13.542556	98.132
13.640691	98.198
13.739536	98.281
13.839099	98.368
13.939383	98.457
14.040393	98.547
14.142136	98.638
14.244616	98.731
14.347837	98.824
14.451808	98.919
14.556532	99.017
14.662014	99.115
14.768262	99.215
14.875278	99.317
14.983070	99.421
15.091644	99.528
15.201005	99.635
15.311157	99.744
15.422109	99.856
15.533863	99.970
15.646428	100.085
15.759809	100.203
15.874010	100.324
15.989040	100.447
16.104904	100.573
16.221605	100.702
16.339155	100.836
16.457554	100.975
16.576813	101.118
16.696936	101.265
16.817928	101.417
16.939798	101.571
17.062551	101.728
17.186193	101.890
17.310732	102.053
17.436172	102.218
17.562521	102.384
17.689787	102.551
17.817974	102.719
17.947090	102.886
18.077143	103.052
18.208138	103.218
18.340080	103.380
18.472980	103.541
18.606844	103.699
18.741676	103.852
18.877487	104.002
19.014280	104.150
19.152065	104.296
19.290850	104.439
19.430639	104.581
19.571442	104.720
19.713264	104.860
19.856115	104.998
20.000000	105.133
20.144928	105.267
20.290907	105.400
20.437943	105.531
20.586044	105.661
20.735220	105.788
20.885475	105.914
21.036821	106.038
21.189262	106.160
21.342808	106.280
21.497467	106.398
21.653246	106.513
21.810154	106.626
21.968201	106.737
22.127390	106.845
22.287735	106.951
22.449242	107.053
22.611917	107.154
22.775772	107.252
22.940815	107.347
23.107054	107.440
23.274498	107.529
23.443153	107.615
23.613033	107.700
23.784142	107.780
23.956491	107.857
24.130091	107.927
24.304947	107.989
24.481071	108.044
24.658470	108.096
24.837156	108.142
25.017136	108.190
25.198421	108.235
25.381020	108.280
25.564941	108.323
25.750195	108.364
25.936790	108.405
26.124741	108.445
26.314051	108.483
26.504732	108.519
26.696796	108.555
26.890253	108.591
27.085112	108.627
27.281382	108.663
27.479073	108.698
27.678198	108.734
27.878765	108.768
28.080786	108.801
28.284271	108.833
28.489231	108.864
28.695675	108.893
28.903616	108.922
29.113064	108.949
29.324028	108.975
29.536524	108.998
29.750557	109.018
29.966141	109.037
30.183289	109.053
30.402010	109.067
30.622314	109.081
30.844217	109.093
31.067726	109.104
31.292856	109.113
31.519617	109.120
31.748020	109.127
31.978081	109.132
32.209808	109.133
32.443211	109.133
32.678310	109.131
32.915108	109.127
33.153625	109.124
33.393871	109.119
33.635857	109.115
33.879597	109.111
34.125103	109.106
34.372387	109.102
34.621464	109.098
34.872345	109.093
35.125042	109.089
35.379574	109.085
35.635948	109.080
35.894180	109.076
36.154285	109.072
36.416275	109.067
36.680161	109.062
36.945961	109.058
37.213688	109.053
37.483353	109.046
37.754974	109.039
38.028561	109.030
38.304131	109.020
38.581699	109.008
38.861279	108.996
39.142883	108.982
39.426529	108.969
39.712231	108.953
40.000000	108.937
40.289856	108.919
40.581814	108.899
40.875885	108.875
41.172089	108.850
41.470440	108.822
41.770950	108.792
42.073643	108.764
42.378525	108.736
42.685616	108.710
42.994934	108.689
43.306492	108.670
43.620308	108.656
43.936401	108.645
44.254780	108.636
44.575470	108.629
44.898483	108.620
45.223835	108.608
45.551544	108.591
45.881630	108.569
46.214108	108.540
46.548996	108.507
46.886307	108.471
47.226067	108.433
47.568283	108.394
47.912983	108.355
48.260181	108.314
48.609894	108.274
48.962143	108.233
49.316940	108.192
49.674313	108.150
50.034271	108.108
50.396843	108.065
50.762039	108.020
51.129883	107.975
51.500389	107.927
51.873581	107.876
52.249481	107.823
52.628101	107.770
53.009464	107.718
53.393593	107.666
53.780506	107.618
54.170223	107.575
54.562763	107.534
54.958145	107.496
55.356396	107.460
55.757530	107.422
56.161572	107.381
56.568542	107.332
56.978462	107.277
57.391350	107.215
57.807232	107.148
58.226128	107.079
58.648056	107.013
59.073048	106.948
59.501114	106.888
59.932281	106.831
60.366577	106.776
60.804020	106.721
61.244629	106.666
61.688435	106.607
62.135452	106.546
62.585712	106.481
63.039234	106.414
63.496040	106.345
63.956161	106.278
64.419617	106.210
64.886421	106.144
65.356621	106.078
65.830215	106.012
66.307251	105.945
66.787743	105.882
67.271713	105.825
67.759193	105.777
68.250206	105.736
68.744774	105.700
69.242928	105.662
69.744690	105.618
70.250084	105.564
70.759148	105.501
71.271896	105.431
71.788361	105.359
72.308571	105.290
72.832550	105.222
73.360321	105.158
73.891922	105.097
74.427376	105.040
74.966705	104.989
75.509949	104.947
76.057121	104.912
76.608261	104.883
77.163399	104.853
77.722557	104.814
78.285767	104.763
78.853058	104.696
79.424461	104.619
80.000000	104.538
80.579712	104.457
81.163628	104.379
81.751770	104.303
82.344177	104.232
82.940880	104.167
83.541901	104.111
84.147285	104.066
84.757050	104.027
85.371231	103.990
85.989868	103.947
86.612984	103.894
87.240616	103.830
87.872803	103.755
88.509560	103.671
89.150940	103.576
89.796967	103.475
90.447670	103.371
91.103088	103.273
91.763260	103.186
92.428215	103.109
93.097992	103.040
93.772614	102.971
94.452133	102.897
95.136566	102.817
95.825966	102.732
96.520363	102.640
97.219788	102.543
97.924286	102.441
98.633881	102.341
99.348625	102.248
100.068542	102.168
100.793686	102.097
101.524078	102.028
102.259766	101.948
103.000778	101.854
103.747162	101.750
104.498962	101.648
105.256203	101.562
106.018929	101.489
106.787186	101.419
107.561012	101.335
108.340446	101.232
109.125526	101.113
109.916290	100.992
110.712791	100.888
111.515060	100.803
112.323143	100.734
113.137085	100.671
113.956924	100.605
114.782700	100.527
115.614464	100.437
116.452255	100.329
117.296112	100.205
118.146095	100.064
119.002228	99.912
119.864563	99.758
120.733154	99.615
121.608040	99.486
122.489258	99.374
123.376869	99.272
124.270905	99.166
125.171425	99.050
126.078468	98.922
126.992081	98.784
127.912323	98.641
128.839233	98.500
129.772842	98.370
130.713242	98.261
131.660431	98.181
132.614502	98.125
133.575485	98.089
134.543427	98.057
135.518387	98.016
136.500412	97.950
137.489548	97.861
138.485855	97.762
139.489380	97.669
140.500168	97.600
141.518295	97.549
142.543793	97.507
143.576721	97.455
144.617142	97.388
145.665100	97.309
146.720642	97.227
147.783844	97.148
148.854752	97.072
149.933411	96.993
151.019897	96.910
152.114243	96.822
153.216522	96.736
154.326797	96.651
155.445114	96.570
156.571533	96.498
157.706116	96.439
158.848923	96.403
160.000000	96.379
161.159424	96.343
162.327255	96.293
163.503540	96.229
164.688354	96.172
165.881760	96.134
167.083801	96.123
168.294571	96.124
169.514099	96.113
170.742462	96.106
171.979736	96.107
173.225967	96.112
174.481232	96.114
175.745605	96.108
177.019119	96.096
178.301880	96.076
179.593933	96.052
180.895340	96.032
182.206177	96.014
183.526520	96.001
184.856430	95.994
186.195984	95.993
187.545227	95.996
188.904266	96.015
190.273132	96.053
191.651932	96.104
193.040726	96.158
194.439575	96.195
195.848572	96.221
197.267761	96.238
198.697250	96.257
200.137085	96.274
201.587372	96.285
203.048157	96.293
204.519531	96.312
206.001556	96.335
207.494324	96.359
208.997925	96.377
210.512405	96.386
212.037857	96.394
213.574371	96.400
215.122025	96.397
216.680893	96.395
218.251053	96.405
219.832581	96.430
221.425583	96.467
223.030121	96.498
224.646286	96.510
226.274170	96.494
227.913849	96.483
229.565399	96.489
231.228928	96.499
232.904510	96.501
234.592224	96.482
236.292191	96.450
238.004456	96.414
239.729126	96.382
241.466309	96.356
243.216080	96.325
244.978516	96.294
246.753738	96.275
248.541809	96.257
250.342850	96.237
252.156937	96.216
253.984161	96.198
255.824646	96.180
257.678467	96.167
259.545685	96.169
261.426483	96.159
263.320862	96.123
265.229004	96.081
267.150970	96.037
269.086853	95.987
271.036774	95.945
273.000824	95.926
274.979095	95.907
276.971710	95.877
278.978760	95.840
281.000336	95.804
283.036591	95.782
285.087585	95.770
287.153442	95.763
289.234283	95.744
291.330200	95.709
293.441284	95.669
295.567688	95.636
297.709503	95.617
299.866821	95.618
302.039795	95.638
304.228485	95.656
306.433044	95.660
308.653595	95.649
310.890228	95.626
313.143066	95.596
315.412231	95.590
317.697845	95.615
320.000000	95.631
322.318848	95.634
324.654510	95.640
327.007080	95.655
329.376709	95.684
331.763519	95.720
334.167603	95.751
336.589142	95.746
339.028198	95.699
341.484924	95.611
343.959473	95.497
346.451935	95.375
348.962463	95.281
351.491211	95.216
354.038239	95.130
356.603760	95.029
359.187866	94.929
361.790680	94.846
364.412354	94.788
367.053040	94.751
369.712860	94.716
372.391968	94.630
375.090454	94.528
377.808533	94.456
380.546265	94.409
383.303864	94.382
386.081451	94.370
388.879150	94.362
391.697144	94.352
394.535522	94.333
397.394501	94.300
400.274170	94.259
403.174744	94.216
406.096313	94.200
409.039062	94.200
412.003113	94.185
414.988647	94.184
417.995850	94.218
421.024811	94.284
424.075714	94.359
427.148743	94.389
430.244049	94.376
433.361786	94.328
436.502106	94.303
439.665161	94.344
442.851166	94.403
446.060242	94.454
449.292572	94.479
452.548340	94.507
455.827698	94.572
459.130798	94.654
462.457855	94.745
465.809021	94.846
469.184448	94.965
472.584381	95.119
476.008911	95.279
479.458252	95.421
482.932617	95.529
486.432159	95.611
489.957031	95.698
493.507477	95.793
497.083618	95.893
500.685699	95.977
504.313873	96.037
507.968323	96.113
511.649292	96.218
515.356934	96.352
519.091370	96.493
522.852966	96.617
526.641724	96.701
530.458008	96.739
534.301941	96.760
538.173706	96.776
542.073547	96.785
546.001648	96.793
549.958191	96.809
553.943420	96.815
557.957520	96.809
562.000671	96.818
566.073181	96.847
570.175171	96.900
574.306885	96.959
578.468567	97.007
582.660400	97.031
586.882568	97.031
591.135376	97.028
595.419006	97.034
599.733643	97.067
604.079590	97.107
608.456970	97.136
612.866089	97.151
617.307190	97.152
621.780457	97.132
626.286133	97.091
630.824463	97.027
635.395691	96.951
640.000000	96.873
644.637695	96.797
649.309021	96.725
654.014160	96.661
658.753418	96.596
663.527039	96.520
668.335205	96.428
673.178284	96.322
678.056396	96.215
682.969849	96.120
687.918945	96.060
692.903870	96.022
697.924927	95.990
702.982422	95.929
708.076477	95.834
713.207520	95.725
718.375732	95.629
723.581360	95.576
728.824707	95.567
734.106079	95.597
739.425720	95.633
744.783936	95.657
750.180908	95.663
755.617065	95.651
761.092529	95.623
766.607727	95.562
772.162903	95.470
777.758301	95.386
783.394287	95.332
789.071045	95.329
794.789001	95.352
800.548340	95.368
806.349487	95.373
812.192627	95.362
818.078125	95.341
824.006226	95.322
829.977295	95.320
835.991699	95.336
842.049622	95.370
848.151428	95.419
854.297485	95.478
860.488098	95.540
866.723572	95.614
873.004211	95.726
879.330322	95.862
885.702332	96.017
892.120483	96.214
898.585144	96.459
905.096680	96.751
911.655396	97.068
918.261597	97.390
924.915710	97.687
931.618042	97.948
938.368896	98.215
945.168762	98.496
952.017822	98.776
958.916504	99.072
965.865234	99.400
972.864319	99.719
979.914062	100.001
987.014954	100.253
994.167236	100.475
1001.371399	100.666
1008.627747	100.840
1015.936646	101.000
1023.298584	101.108
1030.713867	101.154
1038.182739	101.155
1045.705933	101.136
1053.283447	101.130
1060.916016	101.121
1068.603882	101.100
1076.347412	101.049
1084.147095	100.974
1092.003296	100.884
1099.916382	100.792
1107.886841	100.707
1115.915039	100.641
1124.001343	100.605
1132.146362	100.609
1140.350342	100.636
1148.613770	100.626
1156.937134	100.604
1165.320801	100.596
1173.765137	100.621
1182.270752	100.693
1190.838013	100.832
1199.467285	101.017
1208.159180	101.197
1216.913940	101.380
1225.732178	101.575
1234.614380	101.734
1243.560913	101.852
1252.572266	101.981
1261.648926	102.125
1270.791382	102.271
1280.000000	102.427
1289.275391	102.593
1298.618042	102.753
1308.028320	102.903
1317.506836	103.062
1327.054077	103.218
1336.670410	103.350
1346.356567	103.482
1356.112793	103.629
1365.939697	103.782
1375.837891	103.939
1385.807739	104.104
1395.849854	104.258
1405.964844	104.380
1416.152954	104.427
1426.415039	104.394
1436.751465	104.333
1447.162720	104.281
1457.649414	104.283
1468.212158	104.320
1478.851440	104.373
1489.567871	104.363
1500.361816	104.291
1511.234131	104.263
1522.185059	104.281
1533.215454	104.322
1544.325806	104.338
1555.516602	104.292
1566.788574	104.155
1578.142090	103.958
1589.578003	103.802
1601.096680	103.698
1612.698975	103.646
1624.385254	103.586
1636.156250	103.477
1648.012451	103.303
1659.954590	103.085
1671.983398	102.869
1684.099243	102.669
1696.302856	102.499
1708.594971	102.345
1720.976196	102.203
1733.447144	102.105
1746.008423	102.032
1758.660645	101.949
1771.404663	101.827
1784.240967	101.645
1797.170288	101.430
1810.193359	101.207
1823.310791	101.017
1836.523193	100.861
1849.831421	100.727
1863.236084	100.643
1876.737793	100.629
1890.337524	100.683
1904.035645	100.808
1917.833008	101.023
1931.730469	101.328
1945.728638	101.721
1959.828125	102.199
1974.029907	102.739
1988.334473	103.265
2002.742798	103.751
2017.255493	104.199
2031.873291	104.595
2046.597168	104.925
2061.427734	105.171
2076.365479	105.323
2091.411865	105.370
2106.566895	105.340
2121.832031	105.286
2137.207764	105.198
2152.694824	105.065
2168.294189	104.886
2184.006592	104.688
2199.832764	104.540
2215.773682	104.448
2231.830078	104.407
2248.002686	104.381
2264.292725	104.349
2280.700684	104.326
2297.227539	104.314
2313.874268	104.288
2330.641602	104.270
2347.530273	104.288
2364.541504	104.369
2381.676025	104.514
2398.934570	104.660
2416.318359	104.788
2433.827881	104.906
2451.464355	105.018
2469.228760	105.126
2487.121826	105.248
2505.144531	105.392
2523.297852	105.530
2541.582764	105.692
2560.000000	105.951
2578.550781	106.252
2597.236084	106.551
2616.056641	106.838
2635.013672	107.108
2654.108154	107.349
2673.340820	107.571
2692.713135	107.797
2712.225586	108.006
2731.879395	108.186
2751.675781	108.346
2771.615479	108.492
2791.699707	108.642
2811.929688	108.770
2832.305908	108.844
2852.830078	108.892
2873.502930	108.930
2894.325439	108.951
2915.298828	108.960
2936.424316	108.977
2957.702881	108.999
2979.135742	109.022
3000.723633	109.045
3022.468262	109.040
3044.370117	108.913
3066.430908	108.653
3088.651611	108.260
3111.033203	107.769
3133.577148	107.226
3156.284180	106.725
3179.156006	106.328
3202.193359	106.091
3225.397949	105.982
3248.770508	105.956
3272.312500	105.968
3296.024902	105.983
3319.909180	105.992
3343.966797	105.988
3368.198486	105.983
3392.605713	105.942
3417.189941	105.826
3441.952393	105.604
3466.894287	105.256
3492.016846	104.784
3517.321289	104.199
3542.809326	103.534
3568.481934	102.790
3594.340576	101.974
3620.386719	101.084
3646.621582	100.143
3673.046387	99.249
3699.662842	98.370
3726.472168	97.410
3753.475586	96.398
3780.675049	95.368
3808.071289	94.331
3835.666016	93.331
3863.460938	92.481
3891.457275	91.784
3919.656250	91.223
3948.059814	90.701
3976.668945	90.189
4005.485596	89.871
4034.510986	89.840
4063.746582	90.161
4093.194336	90.797
4122.855469	91.707
4152.730957	92.738
4182.823730	93.788
4213.133789	94.820
4243.664062	95.862
4274.415527	96.976
4305.389648	98.180
4336.588379	99.490
4368.013184	100.853
4399.665527	102.263
4431.547363	103.819
4463.660156	105.486
4496.005371	107.218
4528.585449	108.848
4561.401367	110.237
4594.455078	111.338
4627.748535	112.118
4661.283203	112.546
4695.060547	112.625
4729.083008	112.355
4763.352051	111.802
4797.869141	111.050
4832.636719	110.265
4867.655762	109.543
4902.928711	108.966
4938.457520	108.522
4974.243652	108.187
5010.289062	107.962
5046.595703	107.825
5083.165527	107.702
5120.000000	107.559
5157.101562	107.357
5194.472168	107.120
5232.113281	106.874
5270.027344	106.674
5308.216309	106.541
5346.681641	106.425
5385.426270	106.355
5424.451172	106.404
5463.758789	106.519
5503.351562	106.651
5543.230957	106.803
5583.399414	106.946
5623.859375	106.970
5664.611816	106.930
5705.660156	106.925
5747.005859	106.899
5788.650879	106.820
5830.597656	106.719
5872.848633	106.623
5915.405762	106.561
5958.271484	106.543
6001.447266	106.577
6044.936523	106.595
6088.740234	106.576
6132.861816	106.577
6177.303223	106.624
6222.066406	106.764
6267.154297	106.906
6312.568359	106.968
6358.312012	106.962
6404.386719	106.947
6450.795898	107.085
6497.541016	107.373
6544.625000	107.754
6592.049805	108.157
6639.818359	108.526
6687.933594	108.885
6736.396973	109.239
6785.211426	109.585
6834.379883	109.898
6883.904785	110.149
6933.788574	110.331
6984.033691	110.442
7034.642578	110.503
7085.618652	110.494
7136.963867	110.329
7188.681152	110.067
7240.773438	109.773
7293.243164	109.523
7346.092773	109.357
7399.325684	109.297
7452.944336	109.276
7506.951172	109.149
7561.350098	108.957
7616.142578	108.743
7671.332031	108.495
7726.921875	108.206
7782.914551	107.876
7839.312500	107.504
7896.119629	107.070
7953.337891	106.644
8010.971191	106.268
8069.021973	105.904
8127.493164	105.525
8186.388672	105.132
8245.710938	104.708
8305.461914	104.233
8365.647461	103.757
8426.267578	103.319
8487.328125	102.968
8548.831055	102.681
8610.779297	102.368
8673.176758	102.032
8736.026367	101.685
8799.331055	101.378
8863.094727	101.119
8927.320312	100.820
8992.010742	100.472
9057.170898	100.099
9122.802734	99.745
9188.910156	99.447
9255.497070	99.200
9322.566406	99.028
9390.121094	99.031
9458.166016	99.186
9526.704102	99.442
9595.738281	99.746
9665.273438	100.056
9735.311523	100.380
9805.857422	100.721
9876.915039	101.100
9948.487305	101.463
10020.578125	101.737
10093.191406	101.941
10166.331055	102.085
10240.000000	102.171
10314.203125	102.196
10388.944336	102.157
10464.226562	102.065
10540.054688	101.929
10616.432617	101.758
10693.363281	101.561
10770.852539	101.315
10848.902344	101.061
10927.517578	100.880
11006.703125	100.766
11086.461914	100.711
11166.798828	100.724
11247.718750	100.783
11329.223633	100.805
11411.320312	100.803
11494.011719	100.809
11577.301758	100.893
11661.195312	101.086
11745.697266	101.294
11830.811523	101.438
11916.542969	101.386
12002.894531	101.196
12089.873047	100.947
12177.480469	100.727
12265.723633	100.553
12354.606445	100.264
12444.132812	99.826
12534.308594	99.228
12625.136719	98.618
12716.624023	98.139
12808.773438	97.832
12901.591797	97.677
12995.082031	97.549
13089.250000	97.412
13184.099609	97.245
13279.636719	97.100
13375.867188	97.030
13472.793945	97.090
13570.422852	97.286
13668.759766	97.570
13767.809570	97.906
13867.577148	98.250
13968.067383	98.648
14069.285156	99.117
14171.237305	99.579
14273.927734	99.961
14377.362305	100.179
14481.546875	100.210
14586.486328	100.037
14692.185547	99.702
14798.651367	99.275
14905.888672	98.931
15013.902344	98.718
15122.700195	98.629
15232.285156	98.630
15342.664062	98.685
15453.843750	98.893
15565.829102	99.249
15678.625000	99.608
15792.239258	99.852
15906.675781	99.852
16021.942383	99.593
16138.043945	99.079
16254.986328	98.433
16372.777344	97.710
16491.421875	96.874
16610.923828	95.977
16731.294922	95.109
16852.535156	94.285
16974.656250	93.510
17097.662109	92.873
17221.558594	92.263
17346.353516	91.451
17472.052734	90.232
17598.662109	88.527
17726.189453	84.260
17854.640625	76.918
17984.021484	69.487
18114.341797	63.700
18245.605469	61.825
18377.820312	61.855
18510.994141	61.725
18645.132812	61.540
18780.242188	61.352
18916.332031	61.079
19053.408203	60.721
19191.476562	60.267
19330.546875	59.857
19470.623047	59.605
19611.714844	59.483
19753.830078	59.441
19896.974609	59.382
20041.156250	59.285
20186.382812	59.136
20332.662109	59.058
20480.000000	59.124
20628.406250	59.205
20777.888672	59.245
20928.453125	59.216
21080.109375	59.151
21232.865234	59.082
21386.726562	59.091
21541.705078	59.210
21697.804688	59.321
21855.035156	59.401
