2.951000	101.404
2.988000	101.444
3.026000	101.509
3.064000	101.577
3.102000	101.644
3.141000	101.713
3.181000	101.782
3.221000	101.852
3.262000	101.922
3.303000	101.993
3.344000	102.064
3.386000	102.136
3.429000	102.209
3.472000	102.282
3.516000	102.355
3.560000	102.429
3.605000	102.503
3.650000	102.577
3.696000	102.652
3.743000	102.727
3.790000	102.803
3.838000	102.878
3.886000	102.954
3.935000	103.030
3.985000	103.106
4.035000	103.182
4.085000	103.259
4.137000	103.335
4.189000	103.411
4.242000	103.487
4.295000	103.562
4.349000	103.638
4.404000	103.713
4.459000	103.787
4.516000	103.861
4.572000	103.935
4.630000	104.007
4.688000	104.079
4.747000	104.150
4.807000	104.221
4.868000	104.290
4.929000	104.357
4.991000	104.424
5.054000	104.489
5.117000	104.552
5.182000	104.614
5.247000	104.674
5.313000	104.732
5.380000	104.787
5.448000	104.841
5.516000	104.892
5.586000	104.940
5.656000	104.985
5.727000	105.027
5.800000	105.066
5.873000	105.102
5.947000	105.136
6.021000	105.170
6.097000	105.203
6.174000	105.236
6.252000	105.269
6.330000	105.301
6.410000	105.333
6.491000	105.365
6.573000	105.396
6.655000	105.427
6.739000	105.457
6.824000	105.487
6.910000	105.516
6.997000	105.544
7.085000	105.572
7.174000	105.599
7.265000	105.626
7.356000	105.652
7.449000	105.677
7.542000	105.702
7.637000	105.725
7.734000	105.748
7.831000	105.770
7.930000	105.791
8.029000	105.811
8.131000	105.830
8.233000	105.848
8.337000	105.864
8.442000	105.880
8.548000	105.894
8.655000	105.907
8.764000	105.919
8.875000	105.929
8.987000	105.938
9.100000	105.946
9.214000	105.955
9.330000	105.963
9.448000	105.971
9.567000	105.980
9.687000	105.988
9.809000	105.996
9.933000	106.003
10.058000	106.011
10.184000	106.019
10.313000	106.026
10.442000	106.033
10.574000	106.040
10.707000	106.047
10.842000	106.054
10.978000	106.060
11.117000	106.066
11.257000	106.072
11.398000	106.078
11.542000	106.084
11.687000	106.089
11.834000	106.095
11.983000	106.101
12.134000	106.107
12.287000	106.113
12.442000	106.119
12.598000	106.125
12.757000	106.130
12.918000	106.136
13.080000	106.141
13.245000	106.147
13.412000	106.152
13.581000	106.157
13.752000	106.161
13.925000	106.166
14.100000	106.170
14.278000	106.175
14.457000	106.179
14.639000	106.181
14.824000	106.180
15.010000	106.178
15.199000	106.175
15.391000	106.172
15.584000	106.169
15.781000	106.166
15.979000	106.163
16.181000	106.160
16.384000	106.156
16.591000	106.152
16.800000	106.148
17.011000	106.144
17.225000	106.139
17.442000	106.135
17.662000	106.130
17.884000	106.124
18.109000	106.119
18.337000	106.114
18.568000	106.108
18.802000	106.102
19.039000	106.095
19.278000	106.089
19.521000	106.082
19.767000	106.075
20.016000	106.068
20.268000	106.061
20.523000	106.053
20.781000	106.044
21.043000	106.035
21.308000	106.025
21.576000	106.015
21.848000	106.005
22.123000	105.994
22.402000	105.983
22.684000	105.973
22.969000	105.962
23.259000	105.952
23.551000	105.943
23.848000	105.933
24.148000	105.925
24.452000	105.917
24.760000	105.909
25.072000	105.901
25.388000	105.893
25.707000	105.885
26.031000	105.875
26.359000	105.864
26.691000	105.851
27.027000	105.836
27.367000	105.820
27.712000	105.804
28.060000	105.788
28.414000	105.772
28.772000	105.755
29.134000	105.737
29.501000	105.719
29.872000	105.701
30.248000	105.683
30.629000	105.664
31.015000	105.645
31.405000	105.625
31.801000	105.606
32.201000	105.586
32.607000	105.566
33.017000	105.546
33.433000	105.525
33.854000	105.504
34.280000	105.483
34.712000	105.462
35.149000	105.441
35.591000	105.420
36.039000	105.400
36.493000	105.379
36.953000	105.359
37.418000	105.338
37.889000	105.316
38.366000	105.291
38.849000	105.266
39.338000	105.238
39.834000	105.211
40.335000	105.183
40.843000	105.156
41.357000	105.129
41.878000	105.104
42.405000	105.078
42.939000	105.053
43.480000	105.026
44.027000	104.998
44.582000	104.967
45.143000	104.935
45.711000	104.902
46.287000	104.869
46.870000	104.837
47.460000	104.808
48.058000	104.781
48.663000	104.754
49.275000	104.725
49.896000	104.693
50.524000	104.655
51.160000	104.615
51.804000	104.573
52.457000	104.533
53.117000	104.493
53.786000	104.454
54.463000	104.415
55.149000	104.377
55.843000	104.337
56.546000	104.298
57.258000	104.259
57.979000	104.219
58.709000	104.178
59.449000	104.135
60.197000	104.090
60.955000	104.045
61.722000	104.003
62.500000	103.964
63.287000	103.926
64.083000	103.889
64.890000	103.852
65.707000	103.816
66.535000	103.780
67.372000	103.739
68.221000	103.691
69.080000	103.638
69.949000	103.583
70.830000	103.529
71.722000	103.475
72.625000	103.421
73.540000	103.367
74.465000	103.314
75.403000	103.260
76.352000	103.202
77.314000	103.139
78.287000	103.073
79.273000	103.013
80.271000	102.962
81.282000	102.914
82.305000	102.857
83.342000	102.788
84.391000	102.717
85.454000	102.653
86.530000	102.596
87.619000	102.538
88.722000	102.473
89.839000	102.404
90.971000	102.336
92.116000	102.274
93.276000	102.214
94.450000	102.156
95.639000	102.100
96.844000	102.050
98.063000	102.010
99.298000	101.969
100.548000	101.917
101.814000	101.855
103.096000	101.790
104.394000	101.721
105.708000	101.644
107.039000	101.558
108.387000	101.470
109.752000	101.387
111.134000	101.305
112.533000	101.225
113.950000	101.139
115.385000	101.044
116.838000	100.936
118.309000	100.815
119.798000	100.689
121.307000	100.571
122.834000	100.455
124.381000	100.329
125.947000	100.195
127.533000	100.065
129.138000	99.940
130.764000	99.819
132.411000	99.713
134.078000	99.633
135.766000	99.583
137.476000	99.575
139.207000	99.620
140.959000	99.708
142.734000	99.838
144.531000	100.014
146.351000	100.224
148.194000	100.443
150.060000	100.650
151.949000	100.840
153.863000	101.007
155.800000	101.130
157.762000	101.203
159.748000	101.237
161.759000	101.249
163.796000	101.235
165.858000	101.197
167.947000	101.137
170.061000	101.061
172.203000	100.975
174.371000	100.886
176.566000	100.793
178.790000	100.695
181.041000	100.591
183.320000	100.489
185.628000	100.390
187.966000	100.302
190.332000	100.221
192.729000	100.139
195.156000	100.049
197.613000	99.958
200.101000	99.867
202.620000	99.775
205.172000	99.682
207.755000	99.589
210.371000	99.496
213.020000	99.398
215.702000	99.300
218.418000	99.206
221.168000	99.113
223.952000	99.017
226.772000	98.918
229.628000	98.818
232.519000	98.721
235.447000	98.628
238.411000	98.537
241.413000	98.444
244.453000	98.351
247.531000	98.259
250.647000	98.169
253.803000	98.079
256.999000	97.989
260.235000	97.901
263.511000	97.814
266.829000	97.730
270.189000	97.646
273.591000	97.563
277.036000	97.481
280.524000	97.404
284.056000	97.333
287.632000	97.268
291.254000	97.207
294.921000	97.145
298.635000	97.084
302.395000	97.024
306.202000	96.964
310.058000	96.892
313.962000	96.812
317.915000	96.732
321.918000	96.653
325.971000	96.569
330.075000	96.485
334.231000	96.407
338.440000	96.327
342.701000	96.242
347.016000	96.154
351.385000	96.073
355.810000	95.994
360.290000	95.913
364.826000	95.830
369.420000	95.750
374.071000	95.671
378.781000	95.590
383.550000	95.511
388.380000	95.437
393.270000	95.366
398.221000	95.294
403.235000	95.221
408.313000	95.150
413.454000	95.080
418.660000	95.010
423.931000	94.937
429.269000	94.862
434.674000	94.789
440.147000	94.715
445.689000	94.642
451.300000	94.570
456.983000	94.498
462.737000	94.430
468.563000	94.365
474.463000	94.297
480.437000	94.227
486.486000	94.162
492.611000	94.105
498.814000	94.053
505.094000	94.008
511.454000	93.967
517.894000	93.933
524.415000	93.908
531.018000	93.893
537.704000	93.882
544.474000	93.876
551.329000	93.876
558.271000	93.880
565.301000	93.882
572.418000	93.885
579.626000	93.891
586.924000	93.898
594.314000	93.905
601.797000	93.913
609.374000	93.922
617.047000	93.932
624.816000	93.944
632.683000	93.958
640.649000	93.976
648.716000	94.001
656.884000	94.031
665.155000	94.063
673.530000	94.098
682.010000	94.137
690.597000	94.176
699.293000	94.212
708.098000	94.246
717.013000	94.279
726.041000	94.314
735.183000	94.359
744.440000	94.414
753.813000	94.479
763.304000	94.548
772.915000	94.614
782.647000	94.684
792.502000	94.755
802.480000	94.828
812.584000	94.898
822.815000	94.965
833.176000	95.028
843.666000	95.091
854.289000	95.152
865.045000	95.213
875.937000	95.275
886.966000	95.340
898.134000	95.406
909.442000	95.472
920.893000	95.539
932.488000	95.610
944.229000	95.682
956.118000	95.756
968.157000	95.831
980.347000	95.908
992.691000	95.985
1005.190000	96.060
1017.846000	96.137
1030.662000	96.216
1043.639000	96.291
1056.780000	96.363
1070.086000	96.442
1083.559000	96.522
1097.202000	96.600
1111.017000	96.680
1125.006000	96.762
1139.171000	96.845
1153.515000	96.930
1168.039000	97.020
1182.746000	97.112
1197.638000	97.206
1212.717000	97.305
1227.987000	97.411
1243.448000	97.519
1259.105000	97.625
1274.958000	97.738
1291.011000	97.859
1307.266000	97.984
1323.726000	98.113
1340.394000	98.247
1357.271000	98.384
1374.360000	98.524
1391.665000	98.668
1409.187000	98.814
1426.931000	98.957
1444.897000	99.100
1463.090000	99.243
1481.512000	99.389
1500.166000	99.531
1519.054000	99.672
1538.181000	99.811
1557.548000	99.950
1577.160000	100.090
1597.018000	100.233
1617.126000	100.373
1637.487000	100.510
1658.105000	100.652
1678.982000	100.797
1700.123000	100.944
1721.529000	101.088
1743.205000	101.236
1765.154000	101.383
1787.379000	101.532
1809.884000	101.682
1832.672000	101.833
1855.748000	101.980
1879.114000	102.127
1902.774000	102.276
1926.732000	102.427
1950.991000	102.577
1975.557000	102.727
2000.431000	102.878
2025.619000	103.029
2051.123000	103.181
2076.949000	103.330
2103.100000	103.473
2129.581000	103.611
2156.394000	103.746
2183.546000	103.877
2211.039000	103.999
2238.878000	104.113
2267.068000	104.220
2295.613000	104.317
2324.517000	104.401
2353.785000	104.474
2383.422000	104.536
2413.432000	104.586
2443.820000	104.624
2474.590000	104.648
2505.748000	104.659
2537.298000	104.658
2569.245000	104.645
2601.595000	104.620
2634.352000	104.584
2667.521000	104.537
2701.108000	104.480
2735.118000	104.415
2769.556000	104.341
2804.428000	104.261
2839.739000	104.174
2875.494000	104.081
2911.700000	103.983
2948.361000	103.883
2985.484000	103.782
3023.075000	103.680
3061.139000	103.578
3099.682000	103.476
3138.710000	103.375
3178.230000	103.277
3218.247000	103.184
3258.769000	103.096
3299.800000	103.013
3341.348000	102.935
3383.419000	102.864
3426.020000	102.802
3469.157000	102.747
3512.838000	102.703
3557.068000	102.669
3601.856000	102.648
3647.207000	102.639
3693.129000	102.644
3739.630000	102.663
3786.716000	102.695
3834.395000	102.741
3882.674000	102.798
3931.561000	102.866
3981.064000	102.946
4031.190000	103.041
4081.947000	103.149
4133.343000	103.273
4185.386000	103.412
4238.084000	103.567
4291.447000	103.732
4345.481000	103.906
4400.195000	104.086
4455.598000	104.268
4511.699000	104.449
4568.506000	104.622
4626.029000	104.778
4684.275000	104.910
4743.256000	105.009
4802.979000	105.064
4863.453000	105.069
4924.689000	105.017
4986.696000	104.904
5049.484000	104.728
5113.063000	104.494
5177.442000	104.209
5242.632000	103.876
5308.642000	103.508
5375.484000	103.114
5443.167000	102.703
5511.702000	102.283
5581.101000	101.863
5651.373000	101.450
5722.530000	101.045
5794.583000	100.657
5867.542000	100.289
5941.421000	99.944
6016.230000	99.620
6091.981000	99.323
6168.686000	99.056
6246.356000	98.818
6325.005000	98.611
6404.644000	98.436
6485.285000	98.293
6566.942000	98.184
6649.626000	98.109
6733.353000	98.068
6818.133000	98.060
6903.980000	98.085
6990.909000	98.138
7078.933000	98.216
7168.064000	98.312
7258.317000	98.417
7349.708000	98.517
7442.249000	98.593
7535.955000	98.626
7630.840000	98.592
7726.921000	98.467
7824.211000	98.237
7922.727000	97.893
8022.482000	97.436
8123.494000	96.879
8225.778000	96.246
8329.350000	95.559
8434.225000	94.835
8540.421000	94.099
8647.954000	93.371
8756.842000	92.663
8867.100000	91.985
8978.746000	91.346
9091.798000	90.750
9206.273000	90.194
9322.190000	89.683
9439.567000	89.218
9558.422000	88.800
9678.772000	88.435
9800.639000	88.125
9924.040000	87.872
10048.994000	87.681
10175.521000	87.557
10303.643000	87.496
10433.377000	87.505
10564.744000	87.595
10697.766000	87.768
10832.463000	88.020
10968.855000	88.356
11106.965000	88.787
11246.813000	89.317
11388.423000	89.949
11531.815000	90.686
11677.014000	91.532
11824.040000	92.470
11972.918000	93.470
12123.670000	94.480
12276.320000	95.424
12430.893000	96.209
12587.411000	96.749
12745.900000	97.005
12906.385000	96.991
13068.891000	96.775
13233.441000	96.452
13400.065000	96.110
13568.786000	95.809
13739.633000	95.583
13912.629000	95.462
14087.805000	95.476
14265.186000	95.654
14444.800000	96.012
14626.675000	96.521
14810.841000	97.052
14997.325000	97.372
15186.158000	97.163
15377.368000	96.112
15570.986000	94.465
15767.042000	93.049
15965.566000	92.088
16166.590000	90.957
16370.145000	90.176
16576.264000	89.986
16784.977000	89.986
16996.316000	89.901
17210.320000	89.261
17427.016000	87.677
17646.441000	85.381
17868.629000	84.838
18093.615000	84.471
18321.434000	83.422
18552.119000	84.243
18785.711000	86.524
19022.244000	88.096
19261.754000	88.913
19504.281000	89.059
19749.861000	88.366
19998.533000	86.618
20250.336000	83.611
20505.311000	79.682
20763.494000	75.487
21024.930000	71.525
21289.656000	67.993
21557.717000	64.935
21829.150000	62.322
22104.004000	60.097
22382.316000	58.171
22664.135000	56.382
22949.502000	54.563
23238.461000	52.728
23531.059000	50.764
23827.340000	48.841
