2.771000	73.327
2.791080	73.368
2.811305	73.418
2.831677	73.471
2.852196	73.525
2.872865	73.583
2.893683	73.648
2.914651	73.721
2.935772	73.803
2.957046	73.897
2.978474	74.001
3.000057	74.106
3.021797	74.209
3.043694	74.313
3.065750	74.419
3.087966	74.526
3.110342	74.632
3.132881	74.739
3.155583	74.848
3.178450	74.956
3.201482	75.064
3.224681	75.173
3.248049	75.284
3.271586	75.394
3.295293	75.503
3.319172	75.614
3.343224	75.726
3.367450	75.837
3.391852	75.948
3.416431	76.058
3.441188	76.169
3.466124	76.282
3.491241	76.396
3.516540	76.510
3.542022	76.624
3.567689	76.737
3.593542	76.850
3.619583	76.964
3.645812	77.079
3.672231	77.196
3.698841	77.310
3.725644	77.424
3.752642	77.540
3.779835	77.656
3.807225	77.770
3.834814	77.885
3.862603	77.999
3.890593	78.115
3.918786	78.232
3.947183	78.348
3.975786	78.463
4.004596	78.578
4.033615	78.692
4.062844	78.805
4.092285	78.919
4.121940	79.034
4.151809	79.147
4.181894	79.260
4.212198	79.374
4.242722	79.487
4.273466	79.599
4.304433	79.710
4.335625	79.822
4.367043	79.933
4.398688	80.043
4.430563	80.153
4.462669	80.261
4.495007	80.369
4.527580	80.476
4.560388	80.583
4.593435	80.689
4.626721	80.793
4.660248	80.896
4.694018	80.998
4.728033	81.099
4.762294	81.198
4.796803	81.297
4.831563	81.395
4.866575	81.491
4.901840	81.585
4.937361	81.678
4.973139	81.770
5.009176	81.859
5.045475	81.947
5.082036	82.033
5.118863	82.117
5.155956	82.200
5.193318	82.281
5.230951	82.361
5.268857	82.438
5.307037	82.514
5.345494	82.590
5.384230	82.664
5.423246	82.737
5.462545	82.809
5.502129	82.880
5.542000	82.951
5.582159	83.020
5.622610	83.090
5.663354	83.159
5.704393	83.228
5.745729	83.298
5.787365	83.368
5.829303	83.438
5.871544	83.507
5.914092	83.576
5.956948	83.644
6.000114	83.714
6.043594	83.784
6.087388	83.853
6.131500	83.922
6.175931	83.992
6.220684	84.061
6.265762	84.130
6.311166	84.198
6.356900	84.267
6.402964	84.335
6.449363	84.404
6.496098	84.472
6.543171	84.541
6.590586	84.609
6.638344	84.677
6.686448	84.745
6.734901	84.812
6.783705	84.880
6.832862	84.947
6.882376	85.014
6.932248	85.081
6.982482	85.148
7.033080	85.214
7.084045	85.280
7.135379	85.345
7.187085	85.412
7.239165	85.477
7.291623	85.541
7.344461	85.606
7.397682	85.671
7.451289	85.735
7.505284	85.799
7.559670	85.862
7.614451	85.924
7.669628	85.987
7.725206	86.050
7.781186	86.113
7.837571	86.177
7.894366	86.240
7.951571	86.303
8.009192	86.368
8.067230	86.432
8.125688	86.496
8.184570	86.561
8.243879	86.625
8.303618	86.691
8.363789	86.757
8.424396	86.823
8.485443	86.888
8.546932	86.954
8.608867	87.020
8.671250	87.087
8.734086	87.153
8.797376	87.219
8.861126	87.284
8.925337	87.350
8.990014	87.415
9.055159	87.480
9.120777	87.544
9.186869	87.608
9.253441	87.672
9.320496	87.736
9.388036	87.799
9.456065	87.862
9.524588	87.924
9.593607	87.986
9.663126	88.047
9.733149	88.108
9.803680	88.169
9.874721	88.230
9.946277	88.290
10.018352	88.350
10.090949	88.409
10.164072	88.467
10.237726	88.525
10.311912	88.581
10.386637	88.636
10.461903	88.690
10.537714	88.743
10.614074	88.794
10.690988	88.844
10.768460	88.893
10.846492	88.939
10.925091	88.985
11.004258	89.029
11.084000	89.072
11.164319	89.114
11.245220	89.154
11.326708	89.194
11.408786	89.232
11.491458	89.269
11.574730	89.306
11.658605	89.342
11.743089	89.377
11.828184	89.412
11.913896	89.447
12.000229	89.482
12.087187	89.516
12.174776	89.550
12.262999	89.584
12.351862	89.617
12.441369	89.650
12.531524	89.684
12.622333	89.718
12.713799	89.751
12.805929	89.785
12.898726	89.819
12.992195	89.852
13.086342	89.887
13.181171	89.921
13.276687	89.956
13.372896	89.989
13.469801	90.024
13.567409	90.059
13.665724	90.095
13.764752	90.130
13.864497	90.166
13.964964	90.203
14.066160	90.239
14.168090	90.277
14.270757	90.314
14.374169	90.352
14.478330	90.391
14.583246	90.430
14.688922	90.468
14.795364	90.508
14.902578	90.547
15.010568	90.588
15.119341	90.627
15.228902	90.667
15.339257	90.707
15.450411	90.745
15.562371	90.784
15.675143	90.821
15.788731	90.857
15.903143	90.894
16.018384	90.929
16.134459	90.964
16.251376	90.997
16.369140	91.030
16.487758	91.062
16.607235	91.095
16.727578	91.125
16.848793	91.156
16.970886	91.187
17.093864	91.217
17.217733	91.248
17.342500	91.278
17.468171	91.308
17.594753	91.338
17.722252	91.368
17.850674	91.398
17.980028	91.428
18.110318	91.457
18.241553	91.486
18.373739	91.515
18.506883	91.543
18.640991	91.570
18.776071	91.597
18.912131	91.624
19.049176	91.650
19.187214	91.676
19.326252	91.701
19.466298	91.727
19.607359	91.751
19.749442	91.775
19.892555	91.798
20.036704	91.822
20.181899	91.846
20.328145	91.869
20.475451	91.892
20.623825	91.916
20.773273	91.939
20.923805	91.962
21.075428	91.985
21.228149	92.007
21.381977	92.031
21.536919	92.053
21.692985	92.076
21.850181	92.098
22.008516	92.120
22.167999	92.143
22.328638	92.166
22.490440	92.188
22.653415	92.210
22.817571	92.233
22.982917	92.254
23.149460	92.277
23.317211	92.299
23.486177	92.322
23.656368	92.346
23.827791	92.368
24.000457	92.392
24.174375	92.416
24.349552	92.439
24.525999	92.464
24.703724	92.488
24.882738	92.513
25.063048	92.537
25.244666	92.562
25.427599	92.587
25.611858	92.612
25.797452	92.636
25.984391	92.660
26.172684	92.684
26.362342	92.708
26.553375	92.730
26.745792	92.751
26.939603	92.773
27.134818	92.793
27.331448	92.812
27.529503	92.832
27.728993	92.850
27.929929	92.868
28.132321	92.885
28.336179	92.903
28.541515	92.919
28.748338	92.935
28.956661	92.953
29.166493	92.969
29.377845	92.986
29.590729	93.004
29.805156	93.021
30.021136	93.040
30.238681	93.058
30.457803	93.076
30.678513	93.094
30.900822	93.113
31.124743	93.131
31.350285	93.149
31.577462	93.166
31.806286	93.184
32.036767	93.200
32.268919	93.216
32.502753	93.232
32.738281	93.246
32.975516	93.261
33.214470	93.276
33.455156	93.290
33.697586	93.304
33.941772	93.319
34.187728	93.334
34.435467	93.349
34.685000	93.365
34.936342	93.382
35.189505	93.399
35.444503	93.417
35.701348	93.435
35.960055	93.453
36.220637	93.471
36.483106	93.489
36.747478	93.507
37.013765	93.523
37.281982	93.538
37.552143	93.552
37.824261	93.567
38.098351	93.579
38.374428	93.591
38.652505	93.602
38.932597	93.612
39.214718	93.621
39.498884	93.630
39.785109	93.639
40.073409	93.647
40.363797	93.655
40.656290	93.665
40.950902	93.673
41.247649	93.684
41.546547	93.694
41.847610	93.703
42.150855	93.715
42.456298	93.726
42.763953	93.737
43.073839	93.749
43.385970	93.761
43.700362	93.773
44.017033	93.785
44.335999	93.797
44.657275	93.809
44.980880	93.822
45.306830	93.835
45.635142	93.849
45.965834	93.862
46.298921	93.876
46.634422	93.889
46.972354	93.904
47.312735	93.918
47.655583	93.931
48.000915	93.946
48.348749	93.959
48.699104	93.972
49.051998	93.985
49.407449	93.997
49.765476	94.007
50.126097	94.017
50.489331	94.025
50.855198	94.034
51.223715	94.041
51.594904	94.048
51.968782	94.056
52.345369	94.066
52.724685	94.075
53.106750	94.085
53.491583	94.096
53.879205	94.106
54.269636	94.117
54.662896	94.128
55.059006	94.138
55.457986	94.150
55.859858	94.160
56.264641	94.172
56.672358	94.183
57.083029	94.195
57.496677	94.206
57.913321	94.216
58.332985	94.225
58.755690	94.234
59.181458	94.242
59.610311	94.248
60.042272	94.254
60.477363	94.258
60.915607	94.263
61.357026	94.269
61.801645	94.273
62.249485	94.278
62.700570	94.282
63.154925	94.286
63.612571	94.291
64.073534	94.293
64.537837	94.297
65.005505	94.299
65.476562	94.300
65.951032	94.302
66.428940	94.305
66.910312	94.307
67.395172	94.311
67.883545	94.315
68.375457	94.321
68.870934	94.328
69.370001	94.338
69.872684	94.350
70.379011	94.364
70.889006	94.380
71.402697	94.399
71.920110	94.418
72.441273	94.441
72.966212	94.464
73.494956	94.489
74.027530	94.513
74.563964	94.540
75.104286	94.566
75.648522	94.593
76.196703	94.620
76.748855	94.644
77.305009	94.667
77.865193	94.687
78.429436	94.704
78.997769	94.718
79.570219	94.730
80.146818	94.739
80.727594	94.746
81.312580	94.752
81.901804	94.757
82.495299	94.759
83.093093	94.760
83.695220	94.759
84.301710	94.756
84.912595	94.751
85.527907	94.745
86.147677	94.739
86.771939	94.732
87.400724	94.727
88.034066	94.721
88.671997	94.719
89.314551	94.715
89.961761	94.710
90.613661	94.704
91.270285	94.698
91.931667	94.691
92.597842	94.684
93.268844	94.677
93.944708	94.671
94.625470	94.663
95.311166	94.656
96.001830	94.649
96.697498	94.640
97.398208	94.631
98.103996	94.622
98.814898	94.612
99.530951	94.602
100.252194	94.590
100.978662	94.580
101.710395	94.569
102.447431	94.559
103.189807	94.550
103.937563	94.541
104.690738	94.533
105.449370	94.525
106.213499	94.517
106.983166	94.511
107.758410	94.506
108.539272	94.502
109.325793	94.498
110.118012	94.494
110.915973	94.491
111.719716	94.487
112.529283	94.483
113.344716	94.480
114.166059	94.475
114.993353	94.469
115.826642	94.462
116.665970	94.451
117.511380	94.437
118.362916	94.421
119.220622	94.403
120.084544	94.383
120.954726	94.362
121.831214	94.341
122.714053	94.320
123.603290	94.299
124.498970	94.282
125.401141	94.267
126.309849	94.258
127.225142	94.255
128.147068	94.258
129.075675	94.270
130.011010	94.291
130.953124	94.321
131.902064	94.363
132.857881	94.414
133.820624	94.478
134.790343	94.552
135.767089	94.638
136.750914	94.734
137.741867	94.839
138.740002	94.949
139.745369	95.063
140.758021	95.177
141.778012	95.290
142.805394	95.398
143.840221	95.503
144.882546	95.602
145.932425	95.692
146.989911	95.775
148.055061	95.849
149.127929	95.911
150.208571	95.963
151.297045	96.003
152.393405	96.031
153.497711	96.050
154.610018	96.059
155.730386	96.059
156.858873	96.053
157.995537	96.040
159.140438	96.024
160.293635	96.002
161.455189	95.978
162.625160	95.953
163.803609	95.924
164.990597	95.894
166.186187	95.865
167.390441	95.836
168.603421	95.807
169.825191	95.779
171.055814	95.751
172.295355	95.724
173.543878	95.697
174.801449	95.669
176.068132	95.642
177.343994	95.617
178.629102	95.591
179.923522	95.567
181.227322	95.546
182.540570	95.524
183.863334	95.504
185.195684	95.485
186.537688	95.467
187.889417	95.448
189.250941	95.431
190.622331	95.415
192.003659	95.399
193.394997	95.385
194.796417	95.370
196.207992	95.358
197.629796	95.344
199.061903	95.332
200.504388	95.320
201.957325	95.306
203.420791	95.292
204.894862	95.279
206.379615	95.266
207.875126	95.252
209.381475	95.240
210.898740	95.228
212.426999	95.218
213.966332	95.207
215.516821	95.195
217.078544	95.184
218.651585	95.174
220.236025	95.162
221.831946	95.151
223.439431	95.141
225.058566	95.130
226.689433	95.119
228.332118	95.109
229.986706	95.100
231.653285	95.090
233.331940	95.082
235.022759	95.075
236.725831	95.067
238.441244	95.061
240.169088	95.055
241.909452	95.051
243.662428	95.048
245.428106	95.046
247.206579	95.044
248.997940	95.043
250.802282	95.043
252.619698	95.044
254.450285	95.045
256.294137	95.046
258.151350	95.047
260.022021	95.047
261.906247	95.044
263.804128	95.041
265.715761	95.036
267.641247	95.031
269.580686	95.025
271.534179	95.017
273.501828	95.007
275.483735	94.996
277.480003	94.983
279.490738	94.969
281.516043	94.953
283.556024	94.935
285.610788	94.916
287.680441	94.896
289.765093	94.876
291.864850	94.854
293.979823	94.832
296.110122	94.809
298.255858	94.785
300.417143	94.761
302.594089	94.736
304.786811	94.710
306.995422	94.685
309.220037	94.659
311.460773	94.635
313.717746	94.609
315.991074	94.585
318.280876	94.559
320.587270	94.534
322.910378	94.508
325.250319	94.482
327.607217	94.456
329.981194	94.429
332.372374	94.404
334.780881	94.380
337.206841	94.356
339.650381	94.331
342.111628	94.306
344.590710	94.280
347.087756	94.254
349.602897	94.225
352.136264	94.197
354.687988	94.168
357.258204	94.141
359.847044	94.114
362.454644	94.087
365.081140	94.061
367.726668	94.034
370.391367	94.005
373.075376	93.976
375.778834	93.946
378.501882	93.916
381.244663	93.885
384.007319	93.855
386.789994	93.825
389.592834	93.797
392.415984	93.771
395.259592	93.746
398.123806	93.724
401.008775	93.703
403.914650	93.683
406.841582	93.666
409.789724	93.650
412.759229	93.638
415.750253	93.630
418.762950	93.625
421.797479	93.625
424.853998	93.627
427.932665	93.635
431.033641	93.644
434.157089	93.657
437.303170	93.673
440.472049	93.691
443.663891	93.712
446.878863	93.734
450.117131	93.757
453.378865	93.781
456.664235	93.806
459.973413	93.833
463.306570	93.860
466.663880	93.887
470.045519	93.914
473.451663	93.941
476.882488	93.966
480.338176	93.992
483.818904	94.014
487.324855	94.036
490.856212	94.057
494.413158	94.076
497.995880	94.093
501.604563	94.107
505.239397	94.121
508.900570	94.133
512.588273	94.142
516.302699	94.150
520.044041	94.155
523.812495	94.158
527.608256	94.159
531.431523	94.159
535.282495	94.156
539.161372	94.153
543.068358	94.148
547.003655	94.143
550.967469	94.138
554.960007	94.133
558.981476	94.129
563.032086	94.126
567.112048	94.124
571.221576	94.124
575.360883	94.125
579.530185	94.130
583.729700	94.136
587.959646	94.145
592.220244	94.159
596.511716	94.174
600.834286	94.194
605.188178	94.215
609.573621	94.240
613.990843	94.266
618.440074	94.294
622.921546	94.323
627.435492	94.353
631.982148	94.384
636.561751	94.414
641.174540	94.445
645.820755	94.475
650.500639	94.505
655.214434	94.534
659.962388	94.564
664.744748	94.593
669.561762	94.621
674.413683	94.650
679.300762	94.678
684.223256	94.706
689.181420	94.733
694.175512	94.761
699.205794	94.789
704.272528	94.817
709.375977	94.846
714.516407	94.875
719.694088	94.904
724.909288	94.934
730.162279	94.963
735.453336	94.992
740.782734	95.019
746.150751	95.047
751.557667	95.073
757.003764	95.099
762.489325	95.125
768.014637	95.150
773.579988	95.174
779.185667	95.197
784.831968	95.221
790.519184	95.244
796.247612	95.267
802.017550	95.289
807.829300	95.310
813.683164	95.332
819.579448	95.353
825.518458	95.373
831.500505	95.394
837.525901	95.415
843.594959	95.435
849.707995	95.457
855.865330	95.478
862.067283	95.501
868.314178	95.523
874.606340	95.546
880.944098	95.569
887.327782	95.592
893.757725	95.615
900.234262	95.639
906.757731	95.663
913.328471	95.689
919.946826	95.715
926.613139	95.740
933.327760	95.766
940.091038	95.793
946.903325	95.819
953.764977	95.844
960.676351	95.870
967.637808	95.895
974.649710	95.921
981.712424	95.947
988.826317	95.975
995.991760	96.001
1003.209127	96.029
1010.478794	96.056
1017.801140	96.083
1025.176546	96.109
1032.605398	96.136
1040.088082	96.162
1047.624989	96.189
1055.216512	96.216
1062.863046	96.243
1070.564990	96.271
1078.322745	96.299
1086.136716	96.328
1094.007310	96.356
1101.934938	96.385
1109.920013	96.413
1117.962951	96.443
1126.064171	96.472
1134.224097	96.502
1142.443152	96.532
1150.721766	96.564
1159.060370	96.594
1167.459399	96.626
1175.919292	96.656
1184.440487	96.688
1193.023432	96.719
1201.668571	96.750
1210.376357	96.781
1219.147243	96.813
1227.981686	96.845
1236.880148	96.876
1245.843091	96.906
1254.870984	96.937
1263.964296	96.968
1273.123503	96.998
1282.349080	97.029
1291.641510	97.060
1301.001277	97.091
1310.428869	97.122
1319.924777	97.154
1329.489496	97.185
1339.123525	97.217
1348.827366	97.249
1358.601525	97.281
1368.446512	97.313
1378.362839	97.346
1388.351024	97.379
1398.411588	97.413
1408.545055	97.449
1418.751953	97.485
1429.032815	97.521
1439.388175	97.558
1449.818576	97.595
1460.324559	97.632
1470.906672	97.671
1481.565468	97.709
1492.301503	97.748
1503.115334	97.787
1514.007528	97.828
1524.978650	97.868
1536.029274	97.909
1547.159976	97.950
1558.371335	97.992
1569.663936	98.034
1581.038368	98.078
1592.495223	98.121
1604.035100	98.166
1615.658600	98.210
1627.366328	98.256
1639.158895	98.303
1651.036916	98.350
1663.001010	98.398
1675.051801	98.447
1687.189917	98.496
1699.415991	98.547
1711.730660	98.597
1724.134566	98.648
1736.628355	98.698
1749.212680	98.750
1761.888196	98.801
1774.655565	98.852
1787.515450	98.904
1800.468524	98.955
1813.515461	99.007
1826.656942	99.058
1839.893651	99.108
1853.226279	99.158
1866.655520	99.207
1880.182076	99.256
1893.806650	99.303
1907.529954	99.350
1921.352702	99.395
1935.275616	99.439
1949.299421	99.482
1963.424848	99.523
1977.652634	99.561
1991.983520	99.598
2006.418254	99.632
2020.957588	99.662
2035.602279	99.692
2050.353093	99.718
2065.210796	99.740
2080.176165	99.761
2095.249979	99.778
2110.433024	99.791
2125.726092	99.802
2141.129979	99.808
2156.645490	99.812
2172.273432	99.813
2188.014621	99.810
2203.869877	99.805
2219.840026	99.796
2235.925902	99.785
2252.128343	99.769
2268.448193	99.751
2284.886304	99.731
2301.443532	99.708
2318.120741	99.681
2334.918799	99.654
2351.838583	99.624
2368.880975	99.593
2386.046863	99.561
2403.337142	99.527
2420.752714	99.492
2438.294486	99.457
2455.963373	99.421
2473.760296	99.384
2491.686183	99.347
2509.741968	99.312
2527.928593	99.276
2546.247005	99.243
2564.698161	99.209
2583.283021	99.177
2602.002555	99.146
2620.857738	99.117
2639.849553	99.090
2658.978991	99.066
2678.247049	99.044
2697.654731	99.025
2717.203050	99.008
2736.893023	98.995
2756.725678	98.986
2776.702049	98.981
2796.823176	98.979
2817.090110	98.982
2837.503906	98.989
2858.065629	99.001
2878.776351	99.019
2899.637151	99.040
2920.649117	99.066
2941.813345	99.096
2963.130937	99.131
2984.603005	99.169
3006.230669	99.213
3028.015055	99.260
3049.957301	99.310
3072.058549	99.363
3094.319951	99.419
3116.742669	99.476
3139.327871	99.535
3162.076735	99.594
3184.990447	99.651
3208.070200	99.707
3231.317200	99.760
3254.732656	99.808
3278.317790	99.851
3302.073833	99.886
3326.002021	99.912
3350.103602	99.927
3374.379834	99.930
3398.831981	99.918
3423.461319	99.894
3448.269131	99.852
3473.256711	99.797
3498.425360	99.725
3523.776393	99.639
3549.311129	99.541
3575.030901	99.431
3600.937048	99.313
3627.030923	99.188
3653.313884	99.059
3679.787302	98.929
3706.452558	98.802
3733.311041	98.682
3760.364152	98.573
3787.613300	98.477
3815.059908	98.398
3842.705404	98.338
3870.551232	98.299
3898.598842	98.279
3926.849696	98.278
3955.305268	98.293
3983.967040	98.322
4012.836508	98.361
4041.915175	98.406
4071.204559	98.456
4100.706185	98.506
4130.421592	98.555
4160.352330	98.600
4190.499958	98.637
4220.866048	98.668
4251.452183	98.691
4282.259958	98.703
4313.290979	98.703
4344.546864	98.691
4376.029241	98.667
4407.739753	98.631
4439.680052	98.581
4471.851804	98.519
4504.256686	98.444
4536.896386	98.356
4569.772608	98.257
4602.887064	98.147
4636.241481	98.028
4669.837598	97.898
4703.677166	97.760
4737.761950	97.615
4772.093726	97.464
4806.674284	97.310
4841.505428	97.154
4876.588972	96.996
4911.926746	96.838
4947.520592	96.683
4983.372365	96.530
5019.483936	96.383
5055.857186	96.243
5092.494011	96.109
5129.396322	95.986
5166.566042	95.873
5204.005109	95.772
5241.715476	95.684
5279.699107	95.611
5317.957983	95.553
5356.494098	95.513
5395.309463	95.491
5434.406099	95.487
5473.786046	95.504
5513.451356	95.540
5553.404097	95.596
5593.646353	95.672
5634.180220	95.764
5675.007813	95.874
5716.131258	95.995
5757.552702	96.124
5799.274302	96.255
5841.298234	96.384
5883.626689	96.504
5926.261874	96.612
5969.206010	96.702
6012.461338	96.772
6056.030111	96.819
6099.914601	96.843
6144.117097	96.843
6188.639902	96.818
6233.485338	96.769
6278.655743	96.695
6324.153470	96.600
6369.980893	96.483
6416.140401	96.346
6462.634399	96.194
6509.465312	96.029
6556.635581	95.858
6604.147665	95.688
6652.004042	95.523
6700.207205	95.371
6748.759668	95.237
6797.663963	95.124
6846.922638	95.035
6896.538262	94.969
6946.513421	94.924
6996.850721	94.898
7047.552786	94.885
7098.622258	94.882
7150.061801	94.884
7201.874097	94.887
7254.061845	94.887
7306.627767	94.881
7359.574604	94.865
7412.905116	94.838
7466.622082	94.798
7520.728303	94.743
7575.226601	94.672
7630.119815	94.585
7685.410809	94.483
7741.102464	94.365
7797.197683	94.233
7853.699392	94.089
7910.610535	93.934
7967.934080	93.772
8025.673015	93.605
8083.830350	93.434
8142.409117	93.263
8201.412370	93.094
8260.843185	92.926
8320.704660	92.762
8380.999916	92.602
8441.732096	92.448
8502.904367	92.299
8564.519917	92.154
8626.581959	92.010
8689.093728	91.864
8752.058483	91.713
8815.479506	91.550
8879.360105	91.376
8943.703608	91.188
9008.513371	90.987
9073.792773	90.779
9139.545216	90.572
9205.774128	90.374
9272.482962	90.195
9339.675196	90.043
9407.354332	89.925
9475.523900	89.841
9544.187452	89.790
9613.348569	89.773
9683.010855	89.785
9753.177944	89.823
9823.853491	89.885
9895.041183	89.967
9966.744731	90.067
10038.967872	90.181
10111.714371	90.303
10184.988022	90.422
10258.792644	90.529
10333.132084	90.615
10408.010219	90.678
10483.430951	90.713
10559.398213	90.721
10635.915966	90.710
10712.988197	90.684
10790.618926	90.650
10868.812198	90.618
10947.572092	90.594
11026.902712	90.586
11106.808195	90.599
11187.292706	90.636
11268.360440	90.697
11350.015625	90.780
11432.262517	90.880
11515.105404	90.999
11598.548604	91.136
11682.596469	91.290
11767.253379	91.459
11852.523747	91.642
11938.412020	91.834
12024.922675	92.032
12112.060222	92.231
12199.829203	92.426
12288.234194	92.613
12377.279805	92.788
12466.970677	92.948
12557.311485	93.096
12648.306941	93.228
12739.961787	93.347
12832.280802	93.451
12925.268798	93.538
13018.930624	93.603
13113.271162	93.642
13208.295330	93.645
13304.008083	93.611
13400.414410	93.535
13497.519337	93.416
13595.327926	93.258
13693.845276	93.070
13793.076524	92.858
13893.026842	92.642
13993.701442	92.436
14095.105571	92.261
14197.244516	92.127
14300.123603	92.052
14403.748193	92.037
14508.123690	92.085
14613.255535	92.183
14719.149208	92.316
14825.810231	92.461
14933.244164	92.600
15041.456607	92.715
15150.453202	92.793
15260.239631	92.826
15370.821618	92.812
15482.204928	92.756
15594.395367	92.662
15707.398784	92.535
15821.221070	92.375
15935.868160	92.184
16051.346030	91.951
16167.660700	91.668
16284.818234	91.323
16402.824740	90.904
16521.686370	90.406
16641.409320	89.832
16761.999832	89.210
16883.464192	88.589
17005.808734	88.037
17129.039834	87.619
17253.163918	87.390
17378.187455	87.344
17504.116965	87.453
17630.959013	87.665
17758.720209	87.922
17887.407217	88.172
18017.026743	88.385
18147.585546	88.542
18279.090432	88.637
18411.548256	88.672
18544.965924	88.654
18679.350392	88.593
18814.708665	88.498
18951.047800	88.373
19088.374904	88.213
19226.697138	88.008
19366.021711	87.734
19506.355887	87.368
19647.706983	86.877
19790.082367	86.237
19933.489462	85.433
20077.935743	84.488
20223.428742	83.475
20369.976044	82.516
20517.585287	81.764
20666.264168	81.263
20816.020437	80.996
20966.861902	80.828
21118.796426	80.673
21271.831931	80.493
21425.976394	80.323
