3 78.66
3.04 78.82
3.07 78.94
3.11 79.10
3.15 79.27
3.2 79.47
3.25 79.66
3.3 79.86
3.35 80.06
3.4 80.26
3.45 80.45
3.5 80.65
3.55 80.84
3.6 81.03
3.65 81.22
3.7 81.41
3.75 81.60
3.82 81.86
3.87 82.04
3.95 82.33
4 82.52
4.06 82.73
4.12 82.95
4.18 83.16
4.25 83.40
4.31 83.61
4.37 83.81
4.44 84.05
4.5 84.24
4.55 84.41
4.62 84.64
4.68 84.83
4.75 85.05
4.82 85.27
4.87 85.42
4.94 85.63
5 85.81
5.08 86.04
5.15 86.25
5.22 86.44
5.3 86.66
5.38 86.88
5.45 87.06
5.52 87.25
5.6 87.45
5.7 87.69
5.8 87.93
5.9 88.16
6 88.38
6.08 88.56
6.15 88.71
6.22 88.86
6.3 89.03
6.4 89.23
6.5 89.44
6.6 89.64
6.7 89.83
6.8 90.03
6.9 90.21
7 90.40
7.1 90.58
7.2 90.75
7.3 90.92
7.4 91.09
7.5 91.26
7.62 91.45
7.75 91.65
7.88 91.84
8 92.02
8.12 92.19
8.25 92.36
8.38 92.53
8.5 92.68
8.62 92.83
8.75 92.97
8.85 93.08
9 93.23
9.12 93.35
9.25 93.47
9.38 93.59
9.5 93.70
9.62 93.81
9.75 93.93
9.88 94.04
10 94.14
10.15 94.26
10.3 94.38
10.44 94.49
10.6 94.61
10.75 94.72
10.9 94.83
11.06 94.94
11.2 95.03
11.38 95.15
11.5 95.22
11.72 95.35
11.8 95.40
12.06 95.56
12.2 95.64
12.41 95.76
12.5 95.81
12.65 95.89
12.8 95.97
13.15 96.15
13.2 96.18
13.4 96.28
13.6 96.38
13.8 96.47
14 96.56
14.3 96.69
14.5 96.78
14.75 96.88
15 96.98
15.25 97.08
15.5 97.18
15.75 97.27
16 97.36
16.25 97.44
16.5 97.53
16.75 97.61
17 97.69
17.25 97.76
17.5 97.83
17.75 97.89
18 97.94
18.25 98.00
18.5 98.05
18.75 98.11
19 98.16
19.25 98.21
19.5 98.27
19.75 98.32
20 98.37
20.299999 98.43
20.6 98.50
20.9 98.56
21.200001 98.62
21.4 98.66
21.799999 98.75
22 98.79
22.4 98.87
22.700001 98.93
23 98.99
23.299999 99.05
23.6 99.09
24 99.14
24.299999 99.17
24.700001 99.22
25 99.25
25.4 99.29
25.799999 99.34
26.200001 99.38
26.5 99.42
26.9 99.47
27.200001 99.50
27.6 99.55
28 99.60
28.5 99.66
29 99.72
29.5 99.77
30 99.82
30.4 99.86
30.700001 99.89
31.1 99.92
31.5 99.95
32 99.99
32.5 100.02
33 100.04
33.5 100.06
34 100.08
34.5 100.10
35 100.12
35.5 100.14
36 100.17
36.5 100.19
37 100.21
37.5 100.23
38.200001 100.26
38.700001 100.27
39.5 100.30
40 100.31
40.599998 100.33
41.200001 100.34
41.799999 100.36
42.5 100.37
43.099998 100.38
43.700001 100.39
44.400002 100.39
45 100.39
45.5 100.40
46.200001 100.40
46.799999 100.39
47.5 100.39
48.200001 100.38
48.700001 100.38
49.400002 100.37
50 100.37
50.799999 100.38
51.5 100.39
52.200001 100.40
53 100.39
53.799999 100.38
54.5 100.37
55.200001 100.35
56 100.34
57 100.32
58 100.30
59 100.28
60 100.28
60.799999 100.27
61.5 100.27
62.200001 100.26
63 100.26
64 100.25
65 100.23
66 100.21
67 100.19
68 100.17
69 100.15
70 100.13
71 100.11
72 100.10
73 100.08
74 100.06
75 100.04
76.199997 100.01
77.5 99.98
78.800003 99.94
80 99.90
81.199997 99.87
82.5 99.83
83.800003 99.79
85 99.75
86.199997 99.71
87.5 99.67
88.5 99.63
90 99.58
91.199997 99.53
92.5 99.47
93.800003 99.42
95 99.36
96.199997 99.31
97.5 99.25
98.800003 99.19
100 99.13
101.5 99.06
103 99.00
104.400002 98.94
106 98.87
107.5 98.82
109 98.78
110.599998 98.74
112 98.70
113.800003 98.67
115 98.67
117.199997 98.69
118 98.70
120.599998 98.73
122 98.74
124.099998 98.73
125 98.72
126.5 98.69
128 98.65
131.5 98.53
132 98.51
134 98.43
136 98.35
138 98.26
140 98.19
143 98.08
145 98.01
147.5 97.93
150 97.88
152.5 97.87
155 97.86
157.5 97.85
160 97.84
162.5 97.84
165 97.83
167.5 97.82
170 97.82
172.5 97.82
175 97.81
177.5 97.78
180 97.75
182.5 97.71
185 97.66
187.5 97.61
190 97.56
192.5 97.51
195 97.45
197.5 97.41
200 97.37
203 97.34
206 97.33
209 97.33
212 97.36
214 97.37
218 97.40
220 97.40
224 97.39
227 97.36
230 97.32
233 97.27
236 97.21
240 97.13
243 97.07
247 96.99
250 96.94
254 96.87
258 96.80
262 96.73
265 96.69
269 96.62
272 96.58
276 96.51
280 96.44
285 96.34
290 96.26
295 96.17
300 96.09
304 96.03
307 96.00
311 95.95
315 95.90
320 95.84
325 95.78
330 95.72
335 95.67
340 95.62
345 95.57
350 95.52
355 95.47
360 95.42
365 95.37
370 95.30
375 95.22
382 95.11
387 95.03
395 94.90
400 94.82
406 94.73
412 94.64
418 94.56
425 94.48
431 94.41
437 94.36
444 94.32
450 94.31
455 94.31
462 94.33
468 94.36
475 94.42
482 94.50
487 94.55
494 94.61
500 94.65
508 94.69
515 94.72
522 94.74
530 94.76
538 94.76
545 94.77
552 94.78
560 94.80
570 94.83
580 94.87
590 94.91
600 94.96
608 94.99
615 95.03
622 95.06
630 95.11
640 95.18
650 95.25
660 95.34
670 95.44
680 95.53
690 95.63
700 95.73
710 95.83
720 95.93
730 96.02
740 96.12
750 96.21
762 96.32
775 96.43
788 96.53
800 96.63
812 96.71
825 96.79
838 96.87
850 96.93
862 97.00
875 97.07
885 97.12
900 97.21
912 97.28
925 97.35
938 97.42
950 97.48
962 97.55
975 97.61
988 97.67
1000 97.73
1015 97.81
1030 97.88
1044 97.94
1060 98.01
1075 98.08
1090 98.14
1106 98.21
1120 98.27
1138 98.35
1150 98.41
1172 98.50
1180 98.54
1206 98.65
1220 98.71
1241 98.79
1250 98.82
1265 98.87
1280 98.92
1315 99.04
1320 99.06
1340 99.11
1360 99.17
1380 99.23
1400 99.28
1430 99.35
1450 99.38
1475 99.42
1500 99.43
1525 99.43
1550 99.46
1575 99.59
1600 99.78
1625 99.92
1650 100.00
1675 100.05
1700 100.08
1725 100.12
1750 100.15
1775 100.19
1800 100.23
1825 100.27
1850 100.30
1875 100.33
1900 100.36
1925 100.39
1950 100.42
1975 100.45
2000 100.47
2030 100.50
2060 100.52
2090 100.55
2120 100.57
2140 100.58
2180 100.60
2200 100.61
2240 100.62
2270 100.63
2300 100.64
2330 100.65
2360 100.65
2400 100.66
2430 100.66
2470 100.66
2500 100.67
2540 100.67
2580 100.67
2620 100.68
2650 100.68
2690 100.68
2720 100.69
2760 100.69
2800 100.70
2850 100.71
2900 100.72
2950 100.73
3000 100.75
3040 100.76
3070 100.77
3110 100.78
3150 100.80
3200 100.82
3250 100.84
3300 100.86
3350 100.88
3400 100.91
3450 100.93
3500 100.96
3550 101.00
3600 101.03
3650 101.07
3700 101.11
3750 101.15
3820 101.22
3870 101.28
3950 101.38
4000 101.44
4060 101.53
4120 101.62
4180 101.72
4250 101.84
4310 101.95
4370 102.07
4440 102.21
4500 102.34
4550 102.46
4620 102.63
4680 102.79
4750 102.99
4820 103.19
4870 103.33
4940 103.53
5000 103.70
5080 103.92
5150 104.10
5220 104.26
5300 104.42
5380 104.55
5450 104.63
5520 104.68
5600 104.69
5700 104.64
5800 104.51
5900 104.31
6000 104.05
6080 103.79
6150 103.54
6220 103.26
6300 102.93
6400 102.58
6500 102.33
6600 102.08
6700 101.83
6800 101.64
6900 101.58
7000 101.69
7100 101.96
7200 102.35
7300 102.80
7400 103.22
7500 103.56
7620 103.83
7750 104.00
7880 104.02
8000 103.86
8120 103.50
8250 102.96
8380 102.29
8500 101.60
8620 100.89
8750 100.11
8850 99.54
9000 98.74
9120 98.16
9250 97.61
9380 97.14
9500 96.79
9620 96.53
9750 96.35
9880 96.27
10000 96.30
10150 96.44
10300 96.66
10440 96.95
10600 97.41
10750 97.93
10900 98.48
11060 99.11
11200 99.71
11380 100.58
11500 101.21
11720 102.40
11800 102.80
12060 103.65
12200 103.67
12410 103.04
12500 102.58
12650 101.64
12800 100.61
13150 98.39
13200 98.12
13400 97.22
13600 96.60
13800 96.27
14000 96.23
14300 96.50
14500 96.63
14750 96.21
15000 94.86
15250 92.76
15500 90.39
15750 88.16
16000 86.25
16250 84.83
16500 83.96
16750 83.38
17000 82.96
17250 82.80
17500 82.98
17750 83.53
18000 83.77
18250 82.95
18500 81.21
18750 79.34
19000 77.97
19250 77.30
19500 77.16
19750 77.00
20000 76.17
20300 73.80
20600 69.83
20900 64.56
21200 58.76
21400 55.19
21800 50.24
22000 49.30
22400 49.72
22700 50.61
23000 51.12
23300 50.64
23600 48.96
