2.726269	80.681
2.746025	80.747
2.765924	80.837
2.785967	80.934
2.806155	81.034
2.826490	81.134
2.846972	81.235
2.867602	81.336
2.888382	81.435
2.909312	81.535
2.930394	81.638
2.951629	81.743
2.973018	81.846
2.994561	81.947
3.016261	82.053
3.038118	82.160
3.060134	82.263
3.082309	82.369
3.104645	82.477
3.127142	82.586
3.149803	82.694
3.172627	82.802
3.195618	82.910
3.218774	83.019
3.242099	83.129
3.265593	83.237
3.289256	83.349
3.313092	83.459
3.337100	83.570
3.361282	83.682
3.385639	83.794
3.410173	83.907
3.434884	84.019
3.459775	84.133
3.484846	84.248
3.510098	84.361
3.535534	84.475
3.561154	84.590
3.586959	84.706
3.612952	84.820
3.639133	84.933
3.665504	85.048
3.692065	85.163
3.718820	85.279
3.745768	85.393
3.772911	85.510
3.800251	85.626
3.827789	85.740
3.855527	85.856
3.883466	85.973
3.911607	86.089
3.939952	86.204
3.968503	86.319
3.997260	86.433
4.026226	86.549
4.055401	86.663
4.084789	86.778
4.114388	86.891
4.144203	87.004
4.174234	87.117
4.204482	87.230
4.234950	87.341
4.265638	87.453
4.296548	87.565
4.327683	87.674
4.359043	87.781
4.390630	87.889
4.422447	87.998
4.454494	88.106
4.486773	88.213
4.519286	88.318
4.552034	88.422
4.585020	88.524
4.618245	88.625
4.651711	88.725
4.685419	88.822
4.719372	88.919
4.753570	89.016
4.788016	89.109
4.822712	89.201
4.857660	89.292
4.892860	89.381
4.928316	89.469
4.964029	89.553
5.000000	89.636
5.036232	89.718
5.072727	89.796
5.109486	89.871
5.146511	89.945
5.183805	90.014
5.221369	90.083
5.259205	90.149
5.297316	90.211
5.335702	90.271
5.374367	90.328
5.413311	90.383
5.452538	90.438
5.492050	90.492
5.531847	90.546
5.571934	90.600
5.612310	90.654
5.652979	90.710
5.693943	90.765
5.735204	90.820
5.776763	90.875
5.818624	90.931
5.860788	90.987
5.903258	91.043
5.946035	91.098
5.989123	91.154
6.032523	91.210
6.076237	91.267
6.120268	91.323
6.164618	91.380
6.209289	91.436
6.254284	91.493
6.299605	91.550
6.345255	91.608
6.391235	91.665
6.437549	91.724
6.484198	91.781
6.531185	91.838
6.578513	91.897
6.626183	91.954
6.674199	92.013
6.722563	92.070
6.771278	92.129
6.820345	92.187
6.869768	92.245
6.919549	92.303
6.969691	92.361
7.020196	92.420
7.071068	92.479
7.122308	92.537
7.173919	92.596
7.225904	92.655
7.278266	92.715
7.331007	92.773
7.384131	92.832
7.437639	92.891
7.491535	92.950
7.545822	93.009
7.600502	93.068
7.655579	93.127
7.711054	93.186
7.766932	93.245
7.823214	93.304
7.879904	93.364
7.937005	93.422
7.994520	93.482
8.052452	93.542
8.110803	93.604
8.169578	93.667
8.228777	93.732
8.288406	93.797
8.348468	93.862
8.408964	93.927
8.469899	93.992
8.531276	94.058
8.593097	94.124
8.655366	94.189
8.718086	94.255
8.781260	94.321
8.844893	94.386
8.908987	94.453
8.973545	94.519
9.038571	94.585
9.104069	94.651
9.170040	94.718
9.236490	94.784
9.303422	94.851
9.370838	94.917
9.438744	94.984
9.507140	95.051
9.576033	95.118
9.645425	95.185
9.715320	95.251
9.785721	95.319
9.856632	95.386
9.928058	95.453
10.000000	95.520
10.072464	95.588
10.145453	95.654
10.218971	95.721
10.293022	95.788
10.367610	95.855
10.442738	95.922
10.518411	95.989
10.594631	96.055
10.671404	96.118
10.748734	96.177
10.826623	96.228
10.905077	96.275
10.984100	96.318
11.063695	96.360
11.143867	96.400
11.224621	96.442
11.305959	96.483
11.387886	96.523
11.470407	96.564
11.553527	96.606
11.637249	96.646
11.721577	96.686
11.806517	96.727
11.892071	96.767
11.978246	96.808
12.065045	96.847
12.152473	96.888
12.240536	96.928
12.329235	96.968
12.418578	97.007
12.508568	97.047
12.599211	97.085
12.690510	97.124
12.782471	97.163
12.875097	97.202
12.968395	97.240
13.062370	97.279
13.157025	97.316
13.252366	97.353
13.348398	97.392
13.445127	97.430
13.542556	97.468
13.640691	97.507
13.739536	97.544
13.839099	97.584
13.939383	97.623
14.040393	97.662
14.142136	97.701
14.244616	97.739
14.347837	97.779
14.451808	97.817
14.556532	97.857
14.662014	97.897
14.768262	97.936
14.875278	97.975
14.983070	98.015
15.091644	98.054
15.201005	98.093
15.311157	98.133
15.422109	98.172
15.533863	98.212
15.646428	98.252
15.759809	98.291
15.874010	98.331
15.989040	98.370
16.104904	98.407
16.221605	98.444
16.339155	98.478
16.457554	98.512
16.576813	98.545
16.696936	98.578
16.817928	98.611
16.939798	98.644
17.062551	98.677
17.186193	98.709
17.310732	98.742
17.436172	98.773
17.562521	98.806
17.689787	98.838
17.817974	98.870
17.947090	98.901
18.077143	98.933
18.208138	98.965
18.340080	98.996
18.472980	99.027
18.606844	99.058
18.741676	99.089
18.877487	99.119
19.014280	99.148
19.152065	99.176
19.290850	99.203
19.430639	99.228
19.571442	99.254
19.713264	99.278
19.856115	99.300
20.000000	99.322
20.144928	99.341
20.290907	99.361
20.437943	99.379
20.586044	99.395
20.735220	99.410
20.885475	99.425
21.036821	99.438
21.189262	99.448
21.342808	99.454
21.497467	99.452
21.653246	99.440
21.810154	99.418
21.968201	99.388
22.127390	99.350
22.287735	99.308
22.449242	99.261
22.611917	99.213
22.775772	99.161
22.940815	99.109
23.107054	99.058
23.274498	99.007
23.443153	98.958
23.613033	98.913
23.784142	98.872
23.956491	98.837
24.130091	98.807
24.304947	98.783
24.481071	98.764
24.658470	98.750
24.837156	98.739
25.017136	98.733
25.198421	98.731
25.381020	98.732
25.564941	98.738
25.750195	98.748
25.936790	98.763
26.124741	98.781
26.314051	98.803
26.504732	98.834
26.696796	98.876
26.890253	98.940
27.085112	99.029
27.281382	99.148
27.479073	99.295
27.678198	99.463
27.878765	99.647
28.080786	99.841
28.284271	100.040
28.489231	100.239
28.695675	100.432
28.903616	100.616
29.113064	100.785
29.324028	100.927
29.536524	101.041
29.750557	101.126
29.966141	101.188
30.183289	101.234
30.402010	101.273
30.622314	101.308
30.844217	101.340
31.067726	101.368
31.292856	101.393
31.519617	101.414
31.748020	101.432
31.978081	101.448
32.209808	101.460
32.443211	101.469
32.678310	101.475
32.915108	101.477
33.153625	101.477
33.393871	101.471
33.635857	101.465
33.879597	101.458
34.125103	101.453
34.372387	101.452
34.621464	101.456
34.872345	101.469
35.125042	101.489
35.379574	101.516
35.635948	101.547
35.894180	101.578
36.154285	101.611
36.416275	101.642
36.680161	101.673
36.945961	101.704
37.213688	101.734
37.483353	101.763
37.754974	101.791
38.028561	101.818
38.304131	101.844
38.581699	101.869
38.861279	101.894
39.142883	101.917
39.426529	101.939
39.712231	101.959
40.000000	101.976
40.289856	101.988
40.581814	101.993
40.875885	101.992
41.172089	101.984
41.470440	101.971
41.770950	101.954
42.073643	101.932
42.378525	101.905
42.685616	101.873
42.994934	101.834
43.306492	101.787
43.620308	101.735
43.936401	101.676
44.254780	101.613
44.575470	101.548
44.898483	101.483
45.223835	101.419
45.551544	101.358
45.881630	101.300
46.214108	101.245
46.548996	101.192
46.886307	101.141
47.226067	101.091
47.568283	101.043
47.912983	100.999
48.260181	100.957
48.609894	100.919
48.962143	100.888
49.316940	100.861
49.674313	100.838
50.034271	100.816
50.396843	100.787
50.762039	100.742
51.129883	100.671
51.500389	100.569
51.873581	100.439
52.249481	100.288
52.628101	100.128
53.009464	99.969
53.393593	99.813
53.780506	99.663
54.170223	99.520
54.562763	99.381
54.958145	99.249
55.356396	99.123
55.757530	99.004
56.161572	98.898
56.568542	98.805
56.978462	98.733
57.391350	98.683
57.807232	98.654
58.226128	98.653
58.648056	98.681
59.073048	98.748
59.501114	98.850
59.932281	98.984
60.366577	99.139
60.804020	99.304
61.244629	99.472
61.688435	99.643
62.135452	99.813
62.585712	99.985
63.039234	100.160
63.496040	100.332
63.956161	100.500
64.419617	100.659
64.886421	100.806
65.356621	100.941
65.830215	101.067
66.307251	101.188
66.787743	101.305
67.271713	101.421
67.759193	101.532
68.250206	101.642
68.744774	101.747
69.242928	101.848
69.744690	101.943
70.250084	102.033
70.759148	102.118
71.271896	102.198
71.788361	102.277
72.308571	102.356
72.832550	102.435
73.360321	102.514
73.891922	102.591
74.427376	102.668
74.966705	102.741
75.509949	102.807
76.057121	102.865
76.608261	102.914
77.163399	102.953
77.722557	102.981
78.285767	103.001
78.853058	103.011
79.424461	103.011
80.000000	103.004
80.579712	102.989
81.163628	102.969
81.751770	102.942
82.344177	102.911
82.940880	102.876
83.541901	102.837
84.147285	102.793
84.757050	102.748
85.371231	102.700
85.989868	102.650
86.612984	102.600
87.240616	102.548
87.872803	102.495
88.509560	102.439
89.150940	102.380
89.796967	102.316
90.447670	102.248
91.103088	102.176
91.763260	102.100
92.428215	102.019
93.097992	101.934
93.772614	101.846
94.452133	101.753
95.136566	101.656
95.825966	101.556
96.520363	101.453
97.219788	101.347
97.924286	101.238
98.633881	101.127
99.348625	101.013
100.068542	100.897
100.793686	100.778
101.524078	100.656
102.259766	100.531
103.000778	100.401
103.747162	100.269
104.498962	100.131
105.256203	99.990
106.018929	99.845
106.787186	99.696
107.561012	99.541
108.340446	99.385
109.125526	99.227
109.916290	99.069
110.712791	98.914
111.515060	98.763
112.323143	98.612
113.137085	98.461
113.956924	98.309
114.782700	98.156
115.614464	98.007
116.452255	97.863
117.296112	97.722
118.146095	97.581
119.002228	97.433
119.864563	97.278
120.733154	97.113
121.608040	96.942
122.489258	96.768
123.376869	96.595
124.270905	96.425
125.171425	96.259
126.078468	96.094
126.992081	95.923
127.912323	95.749
128.839233	95.573
129.772842	95.397
130.713242	95.226
131.660431	95.061
132.614502	94.904
133.575485	94.751
134.543427	94.601
135.518387	94.456
136.500412	94.314
137.489548	94.183
138.485855	94.063
139.489380	93.956
140.500168	93.862
141.518295	93.779
142.543793	93.709
143.576721	93.655
144.617142	93.622
145.665100	93.611
146.720642	93.623
147.783844	93.656
148.854752	93.711
149.933411	93.787
151.019897	93.882
152.114243	93.999
153.216522	94.136
154.326797	94.289
155.445114	94.450
156.571533	94.618
157.706116	94.797
158.848923	94.993
160.000000	95.198
161.159424	95.407
162.327255	95.608
163.503540	95.789
164.688354	95.953
165.881760	96.100
167.083801	96.230
168.294571	96.341
169.514099	96.427
170.742462	96.486
171.979736	96.517
173.225967	96.525
174.481232	96.513
175.745605	96.482
177.019119	96.436
178.301880	96.379
179.593933	96.311
180.895340	96.237
182.206177	96.156
183.526520	96.075
184.856430	96.008
186.195984	95.955
187.545227	95.913
188.904266	95.877
190.273132	95.840
191.651932	95.796
193.040726	95.748
194.439575	95.709
195.848572	95.677
197.267761	95.652
198.697250	95.630
200.137085	95.609
201.587372	95.580
203.048157	95.543
204.519531	95.497
206.001556	95.447
207.494324	95.392
208.997925	95.332
210.512405	95.263
212.037857	95.184
213.574371	95.094
215.122025	94.993
216.680893	94.882
218.251053	94.760
219.832581	94.627
221.425583	94.483
223.030121	94.326
224.646286	94.162
226.274170	93.994
227.913849	93.822
229.565399	93.646
231.228928	93.469
232.904510	93.297
234.592224	93.136
236.292191	92.992
238.004456	92.868
239.729126	92.762
241.466309	92.673
243.216080	92.594
244.978516	92.523
246.753738	92.453
248.541809	92.383
250.342850	92.314
252.156937	92.240
253.984161	92.166
255.824646	92.095
257.678467	92.025
259.545685	91.958
261.426483	91.892
263.320862	91.827
265.229004	91.762
267.150970	91.697
269.086853	91.637
271.036774	91.584
273.000824	91.538
274.979095	91.501
276.971710	91.475
278.978760	91.459
281.000336	91.451
283.036591	91.447
285.087585	91.447
287.153442	91.451
289.234283	91.456
291.330200	91.464
293.441284	91.472
295.567688	91.483
297.709503	91.496
299.866821	91.508
302.039795	91.522
304.228485	91.537
306.433044	91.552
308.653595	91.569
310.890228	91.587
313.143066	91.606
315.412231	91.627
317.697845	91.653
320.000000	91.681
322.318848	91.714
324.654510	91.751
327.007080	91.791
329.376709	91.835
331.763519	91.882
334.167603	91.929
336.589142	91.977
339.028198	92.025
341.484924	92.072
343.959473	92.119
346.451935	92.165
348.962463	92.211
351.491211	92.257
354.038239	92.301
356.603760	92.343
359.187866	92.382
361.790680	92.420
364.412354	92.456
367.053040	92.493
369.712860	92.530
372.391968	92.568
375.090454	92.606
377.808533	92.641
380.546265	92.677
383.303864	92.713
386.081451	92.752
388.879150	92.793
391.697144	92.837
394.535522	92.881
397.394501	92.927
400.274170	92.972
403.174744	93.018
406.096313	93.064
409.039062	93.108
412.003113	93.153
414.988647	93.197
417.995850	93.243
421.024811	93.288
424.075714	93.331
427.148743	93.370
430.244049	93.410
433.361786	93.450
436.502106	93.493
439.665161	93.537
442.851166	93.581
446.060242	93.624
449.292572	93.664
452.548340	93.702
455.827698	93.739
459.130798	93.775
462.457855	93.811
465.809021	93.848
469.184448	93.887
472.584381	93.926
476.008911	93.966
479.458252	94.007
482.932617	94.046
486.432159	94.084
489.957031	94.123
493.507477	94.163
497.083618	94.206
500.685699	94.246
504.313873	94.285
507.968323	94.321
511.649292	94.356
515.356934	94.392
519.091370	94.429
522.852966	94.465
526.641724	94.501
530.458008	94.533
534.301941	94.565
538.173706	94.596
542.073547	94.626
546.001648	94.656
549.958191	94.685
553.943420	94.714
557.957520	94.739
562.000671	94.766
566.073181	94.792
570.175171	94.819
574.306885	94.846
578.468567	94.875
582.660400	94.903
586.882568	94.929
591.135376	94.954
595.419006	94.981
599.733643	95.010
604.079590	95.038
608.456970	95.069
612.866089	95.098
617.307190	95.127
621.780457	95.157
626.286133	95.188
630.824463	95.220
635.395691	95.252
640.000000	95.285
644.637695	95.316
649.309021	95.348
654.014160	95.380
658.753418	95.410
663.527039	95.441
668.335205	95.472
673.178284	95.503
678.056396	95.534
682.969849	95.565
687.918945	95.596
692.903870	95.626
697.924927	95.655
702.982422	95.684
708.076477	95.712
713.207520	95.739
718.375732	95.768
723.581360	95.798
728.824707	95.827
734.106079	95.857
739.425720	95.886
744.783936	95.914
750.180908	95.943
755.617065	95.972
761.092529	96.001
766.607727	96.031
772.162903	96.062
777.758301	96.094
783.394287	96.125
789.071045	96.157
794.789001	96.188
800.548340	96.220
806.349487	96.252
812.192627	96.284
818.078125	96.319
824.006226	96.352
829.977295	96.386
835.991699	96.418
842.049622	96.453
848.151428	96.488
854.297485	96.523
860.488098	96.560
866.723572	96.596
873.004211	96.631
879.330322	96.667
885.702332	96.704
892.120483	96.742
898.585144	96.779
905.096680	96.817
911.655396	96.856
918.261597	96.892
924.915710	96.930
931.618042	96.969
938.368896	97.007
945.168762	97.046
952.017822	97.083
958.916504	97.119
965.865234	97.154
972.864319	97.191
979.914062	97.230
987.014954	97.269
994.167236	97.308
1001.371399	97.345
1008.627747	97.382
1015.936646	97.421
1023.298584	97.459
1030.713867	97.498
1038.182739	97.535
1045.705933	97.573
1053.283447	97.612
1060.916016	97.650
1068.603882	97.689
1076.347412	97.729
1084.147095	97.769
1092.003296	97.809
1099.916382	97.849
1107.886841	97.891
1115.915039	97.934
1124.001343	97.980
1132.146362	98.026
1140.350342	98.072
1148.613770	98.117
1156.937134	98.161
1165.320801	98.205
1173.765137	98.251
1182.270752	98.300
1190.838013	98.352
1199.467285	98.404
1208.159180	98.459
1216.913940	98.515
1225.732178	98.572
1234.614380	98.631
1243.560913	98.691
1252.572266	98.750
1261.648926	98.810
1270.791382	98.871
1280.000000	98.930
1289.275391	98.986
1298.618042	99.038
1308.028320	99.091
1317.506836	99.145
1327.054077	99.207
1336.670410	99.276
1346.356567	99.352
1356.112793	99.433
1365.939697	99.515
1375.837891	99.599
1385.807739	99.682
1395.849854	99.767
1405.964844	99.850
1416.152954	99.934
1426.415039	100.019
1436.751465	100.105
1447.162720	100.192
1457.649414	100.282
1468.212158	100.373
1478.851440	100.462
1489.567871	100.550
1500.361816	100.638
1511.234131	100.728
1522.185059	100.820
1533.215454	100.913
1544.325806	101.008
1555.516602	101.104
1566.788574	101.200
1578.142090	101.296
1589.578003	101.393
1601.096680	101.492
1612.698975	101.591
1624.385254	101.691
1636.156250	101.792
1648.012451	101.894
1659.954590	101.998
1671.983398	102.100
1684.099243	102.203
1696.302856	102.305
1708.594971	102.406
1720.976196	102.508
1733.447144	102.613
1746.008423	102.722
1758.660645	102.834
1771.404663	102.947
1784.240967	103.058
1797.170288	103.168
1810.193359	103.275
1823.310791	103.381
1836.523193	103.485
1849.831421	103.589
1863.236084	103.693
1876.737793	103.796
1890.337524	103.898
1904.035645	103.999
1917.833008	104.098
1931.730469	104.195
1945.728638	104.289
1959.828125	104.382
1974.029907	104.475
1988.334473	104.565
2002.742798	104.653
2017.255493	104.739
2031.873291	104.822
2046.597168	104.900
2061.427734	104.977
2076.365479	105.053
2091.411865	105.127
2106.566895	105.199
2121.832031	105.267
2137.207764	105.332
2152.694824	105.394
2168.294189	105.455
2184.006592	105.513
2199.832764	105.569
2215.773682	105.620
2231.830078	105.667
2248.002686	105.709
2264.292725	105.746
2280.700684	105.780
2297.227539	105.809
2313.874268	105.834
2330.641602	105.855
2347.530273	105.871
2364.541504	105.886
2381.676025	105.901
2398.934570	105.915
2416.318359	105.927
2433.827881	105.935
2451.464355	105.942
2469.228760	105.945
2487.121826	105.947
2505.144531	105.950
2523.297852	105.949
2541.582764	105.947
2560.000000	105.942
2578.550781	105.936
2597.236084	105.929
2616.056641	105.922
2635.013672	105.916
2654.108154	105.909
2673.340820	105.903
2692.713135	105.897
2712.225586	105.891
2731.879395	105.886
2751.675781	105.882
2771.615479	105.877
2791.699707	105.871
2811.929688	105.865
2832.305908	105.858
2852.830078	105.851
2873.502930	105.846
2894.325439	105.844
2915.298828	105.852
2936.424316	105.876
2957.702881	105.921
2979.135742	105.987
3000.723633	106.069
3022.468262	106.157
3044.370117	106.240
3066.430908	106.313
3088.651611	106.370
3111.033203	106.415
3133.577148	106.451
3156.284180	106.481
3179.156006	106.508
3202.193359	106.535
3225.397949	106.562
3248.770508	106.590
3272.312500	106.618
3296.024902	106.647
3319.909180	106.674
3343.966797	106.702
3368.198486	106.727
3392.605713	106.749
3417.189941	106.768
3441.952393	106.784
3466.894287	106.793
3492.016846	106.799
3517.321289	106.797
3542.809326	106.788
3568.481934	106.773
3594.340576	106.750
3620.386719	106.720
3646.621582	106.683
3673.046387	106.639
3699.662842	106.587
3726.472168	106.528
3753.475586	106.460
3780.675049	106.387
3808.071289	106.306
3835.666016	106.220
3863.460938	106.127
3891.457275	106.029
3919.656250	105.928
3948.059814	105.823
3976.668945	105.712
4005.485596	105.597
4034.510986	105.478
4063.746582	105.355
4093.194336	105.227
4122.855469	105.096
4152.730957	104.964
4182.823730	104.831
4213.133789	104.700
4243.664062	104.569
4274.415527	104.438
4305.389648	104.305
4336.588379	104.170
4368.013184	104.034
4399.665527	103.894
4431.547363	103.752
4463.660156	103.606
4496.005371	103.453
4528.585449	103.294
4561.401367	103.129
4594.455078	102.953
4627.748535	102.764
4661.283203	102.564
4695.060547	102.350
4729.083008	102.122
4763.352051	101.882
4797.869141	101.632
4832.636719	101.372
4867.655762	101.107
4902.928711	100.842
4938.457520	100.577
4974.243652	100.312
5010.289062	100.047
5046.595703	99.781
5083.165527	99.511
5120.000000	99.235
5157.101562	98.951
5194.472168	98.660
5232.113281	98.358
5270.027344	98.048
5308.216309	97.736
5346.681641	97.426
5385.426270	97.130
5424.451172	96.857
5463.758789	96.620
5503.351562	96.426
5543.230957	96.279
5583.399414	96.178
5623.859375	96.118
5664.611816	96.094
5705.660156	96.100
5747.005859	96.135
5788.650879	96.199
5830.597656	96.300
5872.848633	96.445
5915.405762	96.639
5958.271484	96.886
6001.447266	97.185
6044.936523	97.532
6088.740234	97.918
6132.861816	98.332
6177.303223	98.761
6222.066406	99.196
6267.154297	99.629
6312.568359	100.055
6358.312012	100.474
6404.386719	100.883
6450.795898	101.282
6497.541016	101.664
6544.625000	102.022
6592.049805	102.345
6639.818359	102.623
6687.933594	102.846
6736.396973	103.007
6785.211426	103.099
6834.379883	103.119
6883.904785	103.063
6933.788574	102.935
6984.033691	102.742
7034.642578	102.491
7085.618652	102.196
7136.963867	101.870
7188.681152	101.532
7240.773438	101.198
7293.243164	100.889
7346.092773	100.630
7399.325684	100.447
7452.944336	100.360
7506.951172	100.394
7561.350098	100.546
7616.142578	100.810
7671.332031	101.163
7726.921875	101.579
7782.914551	102.029
7839.312500	102.497
7896.119629	102.967
7953.337891	103.440
8010.971191	103.918
8069.021973	104.403
8127.493164	104.889
8186.388672	105.371
8245.710938	105.826
8305.461914	106.231
8365.647461	106.555
8426.267578	106.773
8487.328125	106.861
8548.831055	106.814
8610.779297	106.629
8673.176758	106.326
8736.026367	105.923
8799.331055	105.448
8863.094727	104.925
8927.320312	104.374
8992.010742	103.817
9057.170898	103.269
9122.802734	102.748
9188.910156	102.270
9255.497070	101.850
9322.566406	101.497
9390.121094	101.215
9458.166016	101.003
9526.704102	100.856
9595.738281	100.771
9665.273438	100.743
9735.311523	100.770
9805.857422	100.837
9876.915039	100.928
9948.487305	101.011
10020.578125	101.050
10093.191406	101.016
10166.331055	100.888
10240.000000	100.666
10314.203125	100.370
10388.944336	100.031
10464.226562	99.677
10540.054688	99.329
10616.432617	98.998
10693.363281	98.689
10770.852539	98.404
10848.902344	98.143
10927.517578	97.897
11006.703125	97.678
11086.461914	97.496
11166.798828	97.377
11247.718750	97.318
11329.223633	97.297
11411.320312	97.279
11494.011719	97.222
11577.301758	97.108
11661.195312	96.919
11745.697266	96.664
11830.811523	96.340
11916.542969	95.954
12002.894531	95.481
12089.873047	94.891
12177.480469	94.151
12265.723633	93.252
12354.606445	92.216
12444.132812	91.097
12534.308594	89.972
12625.136719	88.894
12716.624023	87.910
12808.773438	87.020
12901.591797	86.215
12995.082031	85.474
13089.250000	84.764
13184.099609	84.050
13279.636719	83.296
13375.867188	82.470
13472.793945	81.560
13570.422852	80.574
13668.759766	79.519
13767.809570	78.466
13867.577148	77.495
13968.067383	76.713
14069.285156	76.174
14171.237305	75.772
14273.927734	75.392
14377.362305	74.808
14481.546875	74.147
14586.486328	73.562
14692.185547	73.543
14798.651367	74.256
14905.888672	75.163
15013.902344	75.928
15122.700195	76.223
15232.285156	76.100
15342.664062	75.632
15453.843750	74.929
15565.829102	74.099
15678.625000	73.248
15792.239258	72.460
15906.675781	71.808
16021.942383	71.377
16138.043945	71.234
16254.986328	71.418
16372.777344	71.847
16491.421875	72.302
16610.923828	72.614
16731.294922	72.606
16852.535156	72.221
16974.656250	71.432
17097.662109	70.239
17221.558594	68.748
17346.353516	67.109
17472.052734	65.534
17598.662109	64.251
17726.189453	63.227
17854.640625	62.403
17984.021484	61.623
18114.341797	60.924
18245.605469	60.194
18377.820312	60.272
18510.994141	61.954
18645.132812	64.340
18780.242188	66.745
18916.332031	68.645
19053.408203	69.948
19191.476562	70.665
19330.546875	70.906
19470.623047	70.821
19611.714844	70.917
19753.830078	71.470
19896.974609	72.752
20041.156250	74.358
20186.382812	75.686
20332.662109	76.557
20480.000000	76.842
20628.406250	76.471
20777.888672	75.469
20928.453125	73.911
21080.109375	71.882
21232.865234	69.469
21386.726562	66.632
21541.705078	63.400
21697.804688	60.370
21855.035156	57.480
