1.360000	48.585
1.380000	48.618
1.400000	48.663
1.430000	48.738
1.450000	48.790
1.475000	48.855
1.500000	48.923
1.525000	48.995
1.550000	49.068
1.575000	49.143
1.600000	49.219
1.625000	49.301
1.650000	49.383
1.675000	49.466
1.700000	49.552
1.725000	49.642
1.750000	49.734
1.775000	49.827
1.800000	49.923
1.825000	50.022
1.850000	50.121
1.875000	50.223
1.900000	50.326
1.925000	50.434
1.950000	50.541
1.975000	50.653
2.000000	50.766
2.030000	50.904
2.060000	51.044
2.090000	51.192
2.120000	51.338
2.140000	51.439
2.180000	51.641
2.200000	51.745
2.240000	51.958
2.270000	52.120
2.300000	52.285
2.330000	52.453
2.360000	52.623
2.400000	52.858
2.430000	53.034
2.470000	53.275
2.500000	53.459
2.540000	53.708
2.580000	53.962
2.620000	54.221
2.650000	54.422
2.690000	54.693
2.720000	54.901
2.760000	55.193
2.800000	55.499
2.850000	55.907
2.900000	56.343
2.950000	56.790
3.000000	57.257
3.040000	57.641
3.070000	57.937
3.110000	58.337
3.150000	58.745
3.200000	59.263
3.250000	59.782
3.300000	60.310
3.350000	60.839
3.400000	61.373
3.450000	61.900
3.500000	62.424
3.550000	62.944
3.600000	63.451
3.650000	63.950
3.700000	64.439
3.750000	64.914
3.820000	65.553
3.870000	65.982
3.950000	66.621
4.000000	66.982
4.060000	67.344
4.120000	67.633
4.180000	67.887
4.250000	68.160
4.310000	68.374
4.370000	68.573
4.440000	68.784
4.500000	68.952
4.550000	69.083
4.620000	69.255
4.680000	69.393
4.750000	69.549
4.820000	69.698
4.870000	69.803
4.940000	69.949
5.000000	70.075
5.080000	70.248
5.150000	70.405
5.220000	70.573
5.300000	70.779
5.380000	70.998
5.450000	71.196
5.520000	71.406
5.600000	71.664
5.700000	72.009
5.800000	72.377
5.900000	72.763
6.000000	73.156
6.080000	73.474
6.150000	73.749
6.220000	74.021
6.300000	74.328
6.400000	74.696
6.500000	75.041
6.600000	75.357
6.700000	75.627
6.800000	75.835
6.900000	75.999
7.000000	76.147
7.100000	76.286
7.200000	76.418
7.300000	76.547
7.400000	76.675
7.500000	76.803
7.620000	76.958
7.750000	77.133
7.880000	77.321
8.000000	77.500
8.120000	77.663
8.250000	77.804
8.380000	77.923
8.500000	78.022
8.620000	78.114
8.750000	78.209
8.850000	78.282
9.000000	78.397
9.120000	78.495
9.250000	78.613
9.380000	78.747
9.500000	78.887
9.620000	79.041
9.750000	79.222
9.880000	79.413
10.000000	79.594
10.150000	79.824
10.300000	80.050
10.440000	80.255
10.600000	80.474
10.750000	80.660
10.900000	80.828
11.060000	80.985
11.200000	81.106
11.380000	81.246
11.500000	81.337
11.720000	81.512
11.800000	81.582
12.060000	81.853
12.200000	82.040
12.410000	82.387
12.500000	82.558
12.650000	82.862
12.800000	83.177
13.150000	83.876
13.200000	83.962
13.400000	84.236
13.600000	84.380
13.800000	84.428
14.000000	84.438
14.300000	84.436
14.500000	84.447
14.750000	84.484
15.000000	84.535
15.250000	84.593
15.500000	84.668
15.750000	84.770
16.000000	84.910
16.250000	85.111
16.500000	85.382
16.750000	85.696
17.000000	86.017
17.250000	86.311
17.500000	86.551
17.750000	86.739
18.000000	86.900
18.250000	87.052
18.500000	87.198
18.750000	87.342
19.000000	87.480
19.250000	87.614
19.500000	87.746
19.750000	87.877
20.000000	88.007
20.299999	88.162
20.600000	88.316
20.900000	88.469
21.200001	88.619
21.400000	88.720
21.799999	88.921
22.000000	89.023
22.400000	89.226
22.700001	89.380
23.000000	89.537
23.299999	89.694
23.600000	89.854
24.000000	90.064
24.299999	90.210
24.700001	90.386
25.000000	90.510
25.400000	90.677
25.799999	90.847
26.200001	91.016
26.500000	91.143
26.900000	91.319
27.200001	91.459
27.600000	91.650
28.000000	91.833
28.500000	92.031
29.000000	92.197
29.500000	92.352
30.000000	92.507
30.400000	92.632
30.700001	92.728
31.100000	92.863
31.500000	93.004
32.000000	93.171
32.500000	93.313
33.000000	93.432
33.500000	93.543
34.000000	93.653
34.500000	93.766
35.000000	93.894
35.500000	94.045
36.000000	94.204
36.500000	94.346
37.000000	94.459
37.500000	94.543
38.200001	94.607
38.700001	94.644
39.500000	94.797
40.000000	94.928
40.599998	95.013
41.200001	95.015
41.799999	95.038
42.500000	95.155
43.099998	95.267
43.700001	95.346
44.400002	95.398
45.000000	95.409
45.500000	95.429
46.200001	95.539
46.799999	95.706
47.500000	95.941
48.200001	96.156
48.700001	96.261
49.400002	96.344
50.000000	96.404
50.799999	96.487
51.500000	96.534
52.200001	96.553
53.000000	96.575
53.799999	96.576
54.500000	96.541
55.200001	96.506
56.000000	96.507
57.000000	96.492
58.000000	96.393
59.000000	96.241
60.000000	96.078
60.799999	95.992
61.500000	95.951
62.200001	95.913
63.000000	95.817
64.000000	95.571
65.000000	95.243
66.000000	94.935
67.000000	94.703
68.000000	94.590
69.000000	94.617
70.000000	94.776
71.000000	95.007
72.000000	95.242
73.000000	95.466
74.000000	95.681
75.000000	95.840
76.199997	95.925
77.500000	96.026
78.800003	96.254
80.000000	96.418
81.199997	96.546
82.500000	96.757
83.800003	96.951
85.000000	97.054
86.199997	97.064
87.500000	96.995
88.500000	96.981
90.000000	97.062
91.199997	97.134
92.500000	97.205
93.800003	97.256
95.000000	97.277
96.199997	97.303
97.500000	97.349
98.800003	97.385
100.000000	97.386
101.500000	97.367
103.000000	97.382
104.400002	97.420
106.000000	97.423
107.500000	97.385
109.000000	97.355
110.599998	97.353
112.000000	97.359
113.800003	97.362
115.000000	97.363
117.199997	97.332
118.000000	97.315
120.599998	97.285
122.000000	97.244
124.099998	97.135
125.000000	97.105
126.500000	97.072
128.000000	97.013
131.500000	96.880
132.000000	96.874
134.000000	96.842
136.000000	96.772
138.000000	96.653
140.000000	96.580
143.000000	96.530
145.000000	96.431
147.500000	96.316
150.000000	96.222
152.500000	96.126
155.000000	96.037
157.500000	95.933
160.000000	95.823
162.500000	95.711
165.000000	95.629
167.500000	95.553
170.000000	95.406
172.500000	95.263
175.000000	95.181
177.500000	95.143
180.000000	95.140
182.500000	95.132
185.000000	95.096
187.500000	95.038
190.000000	94.983
192.500000	94.946
195.000000	94.917
197.500000	94.891
200.000000	94.868
203.000000	94.818
206.000000	94.745
209.000000	94.703
212.000000	94.671
214.000000	94.638
218.000000	94.578
220.000000	94.560
224.000000	94.499
227.000000	94.411
230.000000	94.327
233.000000	94.255
236.000000	94.193
240.000000	94.120
243.000000	94.043
247.000000	93.916
250.000000	93.822
254.000000	93.695
258.000000	93.564
262.000000	93.446
265.000000	93.361
269.000000	93.248
272.000000	93.165
276.000000	93.052
280.000000	92.917
285.000000	92.719
290.000000	92.517
295.000000	92.340
300.000000	92.169
304.000000	92.031
307.000000	91.926
311.000000	91.782
315.000000	91.643
320.000000	91.517
325.000000	91.468
330.000000	91.477
335.000000	91.523
340.000000	91.576
345.000000	91.636
350.000000	91.702
355.000000	91.757
360.000000	91.805
365.000000	91.856
370.000000	91.907
375.000000	91.972
382.000000	92.085
387.000000	92.173
395.000000	92.308
400.000000	92.393
406.000000	92.492
412.000000	92.576
418.000000	92.661
425.000000	92.778
431.000000	92.892
437.000000	93.023
444.000000	93.203
450.000000	93.362
455.000000	93.492
462.000000	93.661
468.000000	93.796
475.000000	93.934
482.000000	94.047
487.000000	94.114
494.000000	94.197
500.000000	94.258
508.000000	94.332
515.000000	94.399
522.000000	94.474
530.000000	94.564
538.000000	94.654
545.000000	94.739
552.000000	94.835
560.000000	94.954
570.000000	95.110
580.000000	95.269
590.000000	95.423
600.000000	95.569
608.000000	95.675
615.000000	95.760
622.000000	95.840
630.000000	95.931
640.000000	96.041
650.000000	96.143
660.000000	96.245
670.000000	96.338
680.000000	96.419
690.000000	96.493
700.000000	96.561
710.000000	96.624
720.000000	96.684
730.000000	96.740
740.000000	96.796
750.000000	96.845
762.000000	96.894
775.000000	96.937
788.000000	96.970
800.000000	96.993
812.000000	97.010
825.000000	97.018
838.000000	97.020
850.000000	97.018
862.000000	97.009
875.000000	96.995
885.000000	96.981
900.000000	96.956
912.000000	96.933
925.000000	96.903
938.000000	96.868
950.000000	96.834
962.000000	96.797
975.000000	96.754
988.000000	96.701
1000.000000	96.648
1015.000000	96.577
1030.000000	96.502
1044.000000	96.424
1060.000000	96.327
1075.000000	96.232
1090.000000	96.137
1106.000000	96.044
1120.000000	95.973
1138.000000	95.900
1150.000000	95.864
1172.000000	95.840
1180.000000	95.847
1206.000000	95.921
1220.000000	95.983
1241.000000	96.088
1250.000000	96.132
1265.000000	96.203
1280.000000	96.272
1315.000000	96.431
1320.000000	96.455
1340.000000	96.551
1360.000000	96.647
1380.000000	96.745
1400.000000	96.845
1430.000000	97.005
1450.000000	97.120
1475.000000	97.270
1500.000000	97.424
1525.000000	97.579
1550.000000	97.733
1575.000000	97.884
1600.000000	98.030
1625.000000	98.173
1650.000000	98.314
1675.000000	98.451
1700.000000	98.580
1725.000000	98.704
1750.000000	98.832
1775.000000	98.977
1800.000000	99.143
1825.000000	99.322
1850.000000	99.498
1875.000000	99.662
1900.000000	99.810
1925.000000	99.945
1950.000000	100.069
1975.000000	100.185
2000.000000	100.300
2030.000000	100.436
2060.000000	100.569
2090.000000	100.698
2120.000000	100.812
2140.000000	100.875
2180.000000	100.958
2200.000000	100.977
2240.000000	101.022
2270.000000	101.106
2300.000000	101.253
2330.000000	101.433
2360.000000	101.595
2400.000000	101.747
2430.000000	101.859
2470.000000	102.043
2500.000000	102.119
2540.000000	101.963
2580.000000	101.384
2620.000000	100.287
2650.000000	99.106
2690.000000	97.002
2720.000000	94.882
2760.000000	91.320
2800.000000	88.714
2850.000000	89.977
2900.000000	93.299
2950.000000	95.996
3000.000000	97.869
3040.000000	98.982
3070.000000	99.668
3110.000000	100.435
3150.000000	101.073
3200.000000	101.721
3250.000000	102.219
3300.000000	102.587
3350.000000	102.844
3400.000000	102.995
3450.000000	103.046
3500.000000	102.993
3550.000000	102.838
3600.000000	102.615
3650.000000	102.352
3700.000000	102.042
3750.000000	101.660
3820.000000	101.012
3870.000000	100.476
3950.000000	99.442
4000.000000	98.618
4060.000000	97.367
4120.000000	95.828
4180.000000	93.966
4250.000000	91.366
4310.000000	89.242
4370.000000	87.742
4440.000000	86.449
4500.000000	85.506
4550.000000	84.881
4620.000000	84.158
4680.000000	83.841
4750.000000	84.793
4820.000000	87.135
4870.000000	88.925
4940.000000	91.068
5000.000000	92.499
5080.000000	93.803
5150.000000	94.304
5220.000000	94.087
5300.000000	93.786
5380.000000	95.257
5450.000000	97.028
5520.000000	98.580
5600.000000	100.084
5700.000000	101.584
5800.000000	102.863
5900.000000	104.201
6000.000000	105.418
6080.000000	106.046
6150.000000	106.260
6220.000000	106.148
6300.000000	105.660
6400.000000	104.715
6500.000000	103.772
6600.000000	102.968
6700.000000	102.125
6800.000000	101.132
6900.000000	99.941
7000.000000	98.409
7100.000000	96.409
7200.000000	94.257
7300.000000	93.582
7400.000000	94.806
7500.000000	96.338
7620.000000	97.834
7750.000000	98.924
7880.000000	99.588
8000.000000	100.314
8120.000000	101.057
8250.000000	101.440
8380.000000	101.345
8500.000000	100.990
8620.000000	100.573
8750.000000	100.270
8850.000000	100.250
9000.000000	100.508
9120.000000	100.785
9250.000000	101.087
9380.000000	101.485
9500.000000	101.949
9620.000000	102.392
9750.000000	102.715
9880.000000	102.814
10000.000000	102.662
10150.000000	102.058
10300.000000	101.041
10440.000000	99.988
10600.000000	98.951
10750.000000	98.368
10900.000000	98.606
11060.000000	99.547
11200.000000	100.180
11380.000000	100.247
11500.000000	99.846
11720.000000	98.401
11800.000000	97.661
12060.000000	94.142
12200.000000	91.296
12410.000000	86.690
12500.000000	85.932
12650.000000	86.754
12800.000000	88.077
13150.000000	90.335
13200.000000	90.602
13400.000000	91.599
13600.000000	91.980
13800.000000	91.010
14000.000000	88.491
14300.000000	87.743
14500.000000	89.364
14750.000000	90.048
15000.000000	90.120
15250.000000	89.679
15500.000000	88.428
15750.000000	86.736
16000.000000	85.898
16250.000000	86.823
16500.000000	88.341
16750.000000	89.364
17000.000000	89.380
17250.000000	87.648
17500.000000	83.501
17750.000000	79.186
18000.000000	78.168
18250.000000	78.160
18500.000000	78.458
18750.000000	79.066
19000.000000	79.433
19250.000000	78.850
19500.000000	77.584
19750.000000	76.953
20000.000000	76.952
20300.000000	76.001
20600.000000	73.411
20900.000000	70.764
21200.000000	69.066
21400.000000	67.902
21800.000000	65.255
