20 67.66
20.2909066988 67.66
20.5860447329 67.75
20.8854756485 67.88
21.1892618872 68.02
21.4974667984 68.17
21.8101546533 68.32
22.1273906578 68.47
22.4492409662 68.60
22.7757726951 68.71
23.1070539374 68.77
23.4431537764 68.82
23.7841423001 68.92
24.130090616 69.07
24.4810708661 69.25
24.8371562415 69.44
25.1984209979 69.63
25.5649404712 69.81
25.936791093 69.97
26.3140504067 70.11
26.6967970834 70.24
27.0851109387 70.37
27.4790729492 70.50
27.878765269 70.63
28.2842712475 70.76
28.6956754462 70.89
29.1130636568 71.02
29.5365229188 71.16
29.9661415375 71.29
30.402009103 71.42
30.8442165082 71.54
31.2928559682 71.65
31.7480210394 71.77
32.209806639 71.89
32.6783090648 72.02
33.1536260154 72.15
33.6358566101 72.28
34.1251014105 72.41
34.6214624402 72.53
35.1250432075 72.65
35.6359487256 72.78
36.1542855356 72.92
36.6801617282 73.05
37.2136869661 73.18
37.7549725073 73.34
38.3041312279 73.50
38.8612776461 73.67
39.4265279456 73.84
40 73.98
40.5818133975 74.12
41.1720894657 74.23
41.7709512971 74.35
42.3785237744 74.47
42.9949335968 74.59
43.6203093066 74.72
44.2547813156 74.85
44.8984819324 74.98
45.5515453903 75.10
46.2141078749 75.21
46.8863075528 75.33
47.5682846001 75.45
48.260181232 75.57
48.9621417322 75.70
49.6743124829 75.82
50.3968419958 75.94
51.1298809424 76.06
51.873582186 76.18
52.6281008133 76.30
53.3935941668 76.42
54.1702218775 76.54
54.9581458983 76.65
55.757530538 76.77
56.5685424949 76.88
57.3913508924 77.00
58.2261273137 77.11
59.0730458376 77.23
59.9322830751 77.34
60.804018206 77.45
61.6884330163 77.55
62.5857119363 77.65
63.4960420787 77.75
64.419613278 77.85
65.3566181296 77.96
66.3072520307 78.06
67.2717132203 78.17
68.2502028209 78.28
69.2429248805 78.38
70.2500864149 78.48
71.2718974512 78.57
72.3085710713 78.66
73.3603234564 78.75
74.4273739322 78.83
75.5099450145 78.90
76.6082624559 78.97
77.7225552923 79.05
78.8530558912 79.15
80 79.24
81.163626795 79.34
82.3441789315 79.42
83.5419025942 79.50
84.7570475487 79.58
85.9898671937 79.65
87.2406186132 79.72
88.5095626311 79.78
89.7969638648 79.85
91.1030907805 79.91
92.4282157498 79.98
93.7726151055 80.04
95.1365692002 80.10
96.520362464 80.15
97.9242834644 80.21
99.3486249659 80.26
100.7936839916 80.32
102.2597618848 80.36
103.7471643721 80.41
105.2562016267 80.46
106.7871883336 80.50
108.340443755 80.54
109.9162917966 80.59
111.5150610759 80.62
113.1370849898 80.66
114.7827017849 80.69
116.4522546274 80.72
118.1460916752 80.74
119.8645661501 80.77
121.6080364119 80.80
123.3768660326 80.83
125.1714238726 80.84
126.9920841575 80.86
128.8392265559 80.88
130.7132362593 80.90
132.6145040614 80.93
134.5434264406 80.96
136.5004056418 80.98
138.485849761 80.99
140.5001728299 81.00
142.5437949025 81.02
144.6171421426 81.05
146.7206469127 81.07
148.8547478643 81.08
151.0198900291 81.08
153.2165249118 81.08
155.4451105846 81.08
157.7061117824 81.09
160 81.09
162.32725359 81.10
164.688357863 81.10
167.0838051884 81.09
169.5140950975 81.08
171.9797343873 81.07
174.4812372264 81.07
177.0191252622 81.08
179.5939277295 81.09
182.2061815611 81.10
184.8564314996 81.09
187.5452302111 81.08
190.2731384004 81.07
193.0407249281 81.07
195.8485669287 81.07
198.6972499318 81.07
201.5873679832 81.07
204.5195237697 81.07
207.4943287442 81.08
210.5124032534 81.08
213.5743766672 81.07
216.6808875099 81.06
219.8325835933 81.05
223.0301221518 81.05
226.2741699797 81.06
229.5654035698 81.07
232.9045092548 81.09
236.2921833503 81.11
239.7291323003 81.12
243.2160728239 81.13
246.7537320653 81.13
250.3428477452 81.13
253.9841683149 81.13
257.6784531119 81.13
261.4264725186 81.12
265.2290081229 81.13
269.0868528812 81.13
273.0008112836 81.13
276.971699522 81.13
281.0003456597 81.13
285.0875898049 81.13
289.2342842852 81.13
293.4412938255 81.13
297.7094957287 81.13
302.0397800581 81.13
306.4330498235 81.14
310.8902211692 81.15
315.4122235649 81.19
320 81.23
324.65450718 81.28
329.3767157259 81.32
334.1676103768 81.33
339.028190195 81.32
343.9594687746 81.32
348.9624744529 81.35
354.0382505244 81.40
359.187855459 81.47
364.4123631221 81.54
369.7128629991 81.59
375.0904604222 81.62
380.5462768009 81.65
386.0814498562 81.67
391.6971338575 81.69
397.3944998635 81.71
403.1747359664 81.72
409.0390475393 81.74
414.9886574883 81.76
421.0248065068 81.78
427.1487533344 81.80
433.3617750198 81.82
439.6651671866 81.84
446.0602443037 81.87
452.5483399594 81.89
459.1308071395 81.92
465.8090185095 81.95
472.5843667007 81.97
479.4582646005 82.01
486.4321456477 82.04
493.5074641306 82.09
500.6856954905 82.15
507.9683366298 82.20
515.3569062238 82.24
522.8529450372 82.27
530.4580162458 82.29
538.1737057624 82.32
546.0016225673 82.36
553.9433990439 82.40
562.0006913195 82.45
570.1751796098 82.52
578.4685685703 82.59
586.882587651 82.69
595.4189914574 82.79
604.0795601163 82.90
612.8660996471 83.01
621.7804423383 83.10
630.8244471297 83.19
640 83.28
649.30901436 83.37
658.7534314519 83.45
668.3352207536 83.54
678.05638039 83.63
687.9189375493 83.73
697.9249489058 83.83
708.0765010489 83.93
718.375710918 84.03
728.8247262443 84.13
739.4257259983 84.24
750.1809208443 84.36
761.0925536018 84.49
772.1628997124 84.61
783.394267715 84.71
794.7889997271 84.80
806.3494719327 84.87
818.0780950787 84.95
829.9773149767 85.04
842.0496130136 85.15
854.2975066688 85.24
866.7235500396 85.32
879.3303343732 85.38
892.1204886074 85.43
905.0966799188 85.49
918.2616142791 85.54
931.618037019 85.60
945.1687334013 85.65
958.9165292011 85.67
972.8642912955 85.69
987.0149282611 85.70
1001.371390981 85.70
1015.9366732597 85.67
1030.7138124476 85.62
1045.7058900743 85.57
1060.9160324916 85.52
1076.3474115248 85.48
1092.0032451345 85.43
1107.8867980879 85.38
1124.0013826389 85.33
1140.3503592197 85.27
1156.9371371406 85.24
1173.765175302 85.24
1190.8379829148 85.28
1208.1591202326 85.33
1225.7321992942 85.40
1243.5608846767 85.47
1261.6488942595 85.55
1280 85.66
1298.6180287201 85.80
1317.5068629037 85.94
1336.6704415071 86.10
1356.1127607799 86.27
1375.8378750985 86.45
1395.8498978116 86.64
1416.1530020977 86.84
1436.751421836 87.04
1457.6494524886 87.23
1478.8514519966 87.41
1500.3618416887 87.58
1522.1851072035 87.74
1544.3257994247 87.88
1566.78853543 88.01
1589.5779994541 88.13
1612.6989438655 88.22
1636.1561901574 88.30
1659.9546299533 88.34
1684.0992260271 88.37
1708.5950133377 88.36
1733.4471000793 88.33
1758.6606687464 88.28
1784.2409772148 88.20
1810.1933598376 88.10
1836.5232285581 87.98
1863.2360740381 87.85
1890.3374668026 87.70
1917.8330584022 87.53
1945.7285825909 87.35
1974.0298565222 87.15
2002.742781962 86.94
2031.8733465194 86.73
2061.4276248951 86.52
2091.4117801487 86.32
2121.8320649832 86.13
2152.6948230496 85.95
2184.0064902691 85.76
2215.7735961758 85.58
2248.0027652779 85.40
2280.7007184393 85.21
2313.8742742813 85.03
2347.530350604 84.86
2381.6759658296 84.71
2416.3182404652 84.57
2451.4643985884 84.44
2487.1217693533 84.32
2523.297788519 84.21
2560.0000000001 84.12
2597.2360574402 84.03
2635.0137258074 83.95
2673.3408830143 83.88
2712.2255215599 83.81
2751.6757501971 83.74
2791.6997956232 83.69
2832.3060041955 83.63
2873.5028436721 83.58
2915.2989049772 83.53
2957.7029039931 83.47
3000.7236833774 83.40
3044.3702144071 83.32
3088.6515988494 83.23
3133.57707086 83.12
3179.1559989082 83.02
3225.397887731 82.93
3272.3123803148 82.86
3319.9092599067 82.78
3368.1984520542 82.69
3417.1900266754 82.65
3466.8942001586 82.64
3517.3213374928 82.61
3568.4819544296 82.52
3620.3867196753 82.39
3673.0464571163 82.25
3726.4721480761 82.12
3780.6749336053 81.99
3835.6661168044 81.86
3891.4571651819 81.74
3948.0597130445 81.61
4005.4855639241 81.48
4063.7466930387 81.36
4122.8552497902 81.27
4182.8235602974 81.19
4243.6641299665 81.14
4305.3896460992 81.09
4368.0129805382 81.05
4431.5471923516 81.00
4496.0055305558 80.95
4561.4014368787 80.89
4627.7485485626 80.83
4695.0607012081 80.78
4763.3519316592 80.75
4832.6364809305 80.73
4902.9287971769 80.73
4974.2435387067 80.74
5046.595577038 80.77
5120.0000000002 80.84
5194.4721148803 80.95
5270.0274516149 81.11
5346.6817660286 81.30
5424.4510431198 81.52
5503.3515003942 81.76
5583.3995912463 82.04
5664.6120083911 82.36
5747.0056873442 82.72
5830.5978099545 83.13
5915.4058079863 83.58
6001.4473667548 84.08
6088.7404288142 84.63
6177.3031976989 85.22
6267.1541417201 85.89
6358.3119978165 86.63
6450.795775462 87.43
6544.6247606297 88.27
6639.8185198134 89.09
6736.3969041085 89.83
6834.3800533509 90.44
6933.7884003172 90.85
7034.6426749857 91.02
7136.9639088592 90.93
7240.7734393506 90.60
7346.0929142326 90.06
7452.9442961523 89.34
7561.3498672106 88.49
7671.3322336089 87.54
7782.9143303638 86.52
7896.119426089 85.49
8010.9711278481 84.57
8127.4933860775 83.84
8245.7104995805 83.31
8365.6471205948 82.92
8487.328259933 82.58
8610.7792921984 82.23
8736.0259610765 81.87
8863.0943847033 81.45
8992.0110611117 80.95
9122.8028737575 80.37
9255.4970971253 79.88
9390.1214024162 79.61
9526.7038633184 79.47
9665.272961861 79.32
9805.8575943538 79.12
9948.4870774134 78.92
10093.191154076 78.78
10240.0000000005 78.63
10388.9442297607 78.49
10540.0549032298 78.45
10693.3635320572 78.53
10848.9020862397 78.69
11006.7030007884 78.79
11166.7991824927 78.69
11329.2240167822 78.38
11494.0113746885 78.07
11661.1956199091 78.02
11830.8116159726 78.15
12002.8947335097 78.42
12177.4808576284 78.67
12354.6063953979 78.86
12534.3082834402 79.16
12716.6239956331 79.81
12901.5915509241 80.91
13089.2495212594 82.20
13279.637039627 83.52
13472.7938082171 84.74
13668.7601067018 85.76
13867.5768006344 86.53
14069.2853499715 87.02
14273.9278177184 87.31
14481.5468787012 87.35
14692.1858284653 87.09
14905.8885923047 86.54
15122.6997344212 85.64
15342.6644672179 84.37
15565.8286607277 82.77
15792.2388521781 80.90
16021.9422556964 78.89
16254.9867721551 76.84
16491.4209991611 74.87
16731.2942411897 73.07
16974.656519866 71.51
17221.5585843969 70.20
17472.0519221531 69.13
17726.1887694067 68.26
17984.0221222235 67.59
18245.605747515 67.13
18510.9941942506 66.90
18780.2428048326 66.87
19053.4077266369 67.03
19330.545923722 67.36
19611.7151887077 67.78
19896.9741548268 68.11
20186.382308152 68.20
