20 78.93
20.2909066988 78.93
20.5860447329 78.93
20.8854756485 78.93
21.1892618872 78.93
21.4974667984 78.93
21.8101546533 78.93
22.1273906578 78.96
22.4492409662 79.01
22.7757726951 79.06
23.1070539374 79.10
23.4431537764 79.14
23.7841423001 79.18
24.130090616 79.22
24.4810708661 79.27
24.8371562415 79.31
25.1984209979 79.34
25.5649404712 79.37
25.936791093 79.40
26.3140504067 79.43
26.6967970834 79.47
27.0851109387 79.51
27.4790729492 79.54
27.878765269 79.57
28.2842712475 79.60
28.6956754462 79.63
29.1130636568 79.67
29.5365229188 79.70
29.9661415375 79.73
30.402009103 79.75
30.8442165082 79.77
31.2928559682 79.80
31.7480210394 79.82
32.209806639 79.84
32.6783090648 79.86
33.1536260154 79.88
33.6358566101 79.90
34.1251014105 79.92
34.6214624402 79.94
35.1250432075 79.96
35.6359487256 79.98
36.1542855356 79.99
36.6801617282 80.01
37.2136869661 80.02
37.7549725073 80.04
38.3041312279 80.05
38.8612776461 80.06
39.4265279456 80.08
40 80.09
40.5818133975 80.10
41.1720894657 80.11
41.7709512971 80.11
42.3785237744 80.12
42.9949335968 80.13
43.6203093066 80.13
44.2547813156 80.14
44.8984819324 80.15
45.5515453903 80.15
46.2141078749 80.15
46.8863075528 80.16
47.5682846001 80.16
48.260181232 80.16
48.9621417322 80.16
49.6743124829 80.16
50.3968419958 80.16
51.1298809424 80.16
51.873582186 80.16
52.6281008133 80.16
53.3935941668 80.16
54.1702218775 80.16
54.9581458983 80.15
55.757530538 80.15
56.5685424949 80.14
57.3913508924 80.14
58.2261273137 80.13
59.0730458376 80.12
59.9322830751 80.11
60.804018206 80.10
61.6884330163 80.09
62.5857119363 80.09
63.4960420787 80.08
64.419613278 80.07
65.3566181296 80.05
66.3072520307 80.04
67.2717132203 80.03
68.2502028209 80.01
69.2429248805 80.00
70.2500864149 79.98
71.2718974512 79.97
72.3085710713 79.95
73.3603234564 79.93
74.4273739322 79.92
75.5099450145 79.90
76.6082624559 79.88
77.7225552923 79.86
78.8530558912 79.84
80 79.82
81.163626795 79.80
82.3441789315 79.77
83.5419025942 79.75
84.7570475487 79.73
85.9898671937 79.70
87.2406186132 79.67
88.5095626311 79.65
89.7969638648 79.62
91.1030907805 79.59
92.4282157498 79.56
93.7726151055 79.53
95.1365692002 79.50
96.520362464 79.47
97.9242834644 79.44
99.3486249659 79.41
100.7936839916 79.37
102.2597618848 79.34
103.7471643721 79.30
105.2562016267 79.26
106.7871883336 79.23
108.340443755 79.19
109.9162917966 79.16
111.5150610759 79.12
113.1370849898 79.08
114.7827017849 79.05
116.4522546274 79.01
118.1460916752 78.97
119.8645661501 78.94
121.6080364119 78.89
123.3768660326 78.85
125.1714238726 78.80
126.9920841575 78.76
128.8392265559 78.71
130.7132362593 78.66
132.6145040614 78.62
134.5434264406 78.58
136.5004056418 78.53
138.485849761 78.49
140.5001728299 78.44
142.5437949025 78.40
144.6171421426 78.35
146.7206469127 78.30
148.8547478643 78.25
151.0198900291 78.19
153.2165249118 78.14
155.4451105846 78.08
157.7061117824 78.02
160 77.96
162.32725359 77.89
164.688357863 77.83
167.0838051884 77.77
169.5140950975 77.71
171.9797343873 77.67
174.4812372264 77.62
177.0191252622 77.58
179.5939277295 77.55
182.2061815611 77.51
184.8564314996 77.46
187.5452302111 77.41
190.2731384004 77.35
193.0407249281 77.29
195.8485669287 77.23
198.6972499318 77.16
201.5873679832 77.10
204.5195237697 77.05
207.4943287442 77.00
210.5124032534 76.95
213.5743766672 76.90
216.6808875099 76.86
219.8325835933 76.81
223.0301221518 76.76
226.2741699797 76.71
229.5654035698 76.65
232.9045092548 76.60
236.2921833503 76.54
239.7291323003 76.48
243.2160728239 76.42
246.7537320653 76.35
250.3428477452 76.29
253.9841683149 76.22
257.6784531119 76.16
261.4264725186 76.09
265.2290081229 76.03
269.0868528812 75.96
273.0008112836 75.89
276.971699522 75.83
281.0003456597 75.76
285.0875898049 75.69
289.2342842852 75.63
293.4412938255 75.56
297.7094957287 75.49
302.0397800581 75.43
306.4330498235 75.36
310.8902211692 75.30
315.4122235649 75.23
320 75.16
324.65450718 75.09
329.3767157259 75.03
334.1676103768 74.96
339.028190195 74.89
343.9594687746 74.83
348.9624744529 74.76
354.0382505244 74.69
359.187855459 74.63
364.4123631221 74.57
369.7128629991 74.50
375.0904604222 74.44
380.5462768009 74.38
386.0814498562 74.32
391.6971338575 74.26
397.3944998635 74.20
403.1747359664 74.14
409.0390475393 74.08
414.9886574883 74.02
421.0248065068 73.96
427.1487533344 73.90
433.3617750198 73.84
439.6651671866 73.78
446.0602443037 73.73
452.5483399594 73.67
459.1308071395 73.62
465.8090185095 73.56
472.5843667007 73.51
479.4582646005 73.45
486.4321456477 73.40
493.5074641306 73.35
500.6856954905 73.30
507.9683366298 73.24
515.3569062238 73.20
522.8529450372 73.15
530.4580162458 73.10
538.1737057624 73.05
546.0016225673 73.01
553.9433990439 72.96
562.0006913195 72.92
570.1751796098 72.88
578.4685685703 72.84
586.882587651 72.80
595.4189914574 72.76
604.0795601163 72.73
612.8660996471 72.69
621.7804423383 72.66
630.8244471297 72.63
640 72.60
649.30901436 72.57
658.7534314519 72.55
668.3352207536 72.52
678.05638039 72.50
687.9189375493 72.48
697.9249489058 72.46
708.0765010489 72.45
718.375710918 72.44
728.8247262443 72.43
739.4257259983 72.42
750.1809208443 72.41
761.0925536018 72.41
772.1628997124 72.41
783.394267715 72.41
794.7889997271 72.40
806.3494719327 72.40
818.0780950787 72.39
829.9773149767 72.39
842.0496130136 72.39
854.2975066688 72.42
866.7235500396 72.50
879.3303343732 72.60
892.1204886074 72.70
905.0966799188 72.80
918.2616142791 72.89
931.618037019 72.98
945.1687334013 73.06
958.9165292011 73.15
972.8642912955 73.25
987.0149282611 73.35
1001.371390981 73.45
1015.9366732597 73.56
1030.7138124476 73.68
1045.7058900743 73.80
1060.9160324916 73.93
1076.3474115248 74.06
1092.0032451345 74.19
1107.8867980879 74.32
1124.0013826389 74.46
1140.3503592197 74.60
1156.9371371406 74.75
1173.765175302 74.89
1190.8379829148 75.04
1208.1591202326 75.18
1225.7321992942 75.33
1243.5608846767 75.48
1261.6488942595 75.62
1280 75.77
1298.6180287201 75.92
1317.5068629037 76.08
1336.6704415071 76.23
1356.1127607799 76.39
1375.8378750985 76.55
1395.8498978116 76.71
1416.1530020977 76.87
1436.751421836 77.04
1457.6494524886 77.21
1478.8514519966 77.38
1500.3618416887 77.56
1522.1851072035 77.74
1544.3257994247 77.93
1566.78853543 78.12
1589.5779994541 78.31
1612.6989438655 78.51
1636.1561901574 78.72
1659.9546299533 78.93
1684.0992260271 79.15
1708.5950133377 79.37
1733.4471000793 79.60
1758.6606687464 79.83
1784.2409772148 80.06
1810.1933598376 80.29
1836.5232285581 80.53
1863.2360740381 80.77
1890.3374668026 81.00
1917.8330584022 81.23
1945.7285825909 81.45
1974.0298565222 81.67
2002.742781962 81.88
2031.8733465194 82.07
2061.4276248951 82.24
2091.4117801487 82.40
2121.8320649832 82.54
2152.6948230496 82.64
2184.0064902691 82.73
2215.7735961758 82.78
2248.0027652779 82.81
2280.7007184393 82.80
2313.8742742813 82.77
2347.530350604 82.70
2381.6759658296 82.61
2416.3182404652 82.50
2451.4643985884 82.37
2487.1217693533 82.21
2523.297788519 82.05
2560.0000000001 81.87
2597.2360574402 81.68
2635.0137258074 81.49
2673.3408830143 81.29
2712.2255215599 81.10
2751.6757501971 80.90
2791.6997956232 80.71
2832.3060041955 80.53
2873.5028436721 80.36
2915.2989049772 80.19
2957.7029039931 80.04
3000.7236833774 79.90
3044.3702144071 79.77
3088.6515988494 79.66
3133.57707086 79.56
3179.1559989082 79.48
3225.397887731 79.41
3272.3123803148 79.36
3319.9092599067 79.33
3368.1984520542 79.32
3417.1900266754 79.33
3466.8942001586 79.36
3517.3213374928 79.41
3568.4819544296 79.49
3620.3867196753 79.59
3673.0464571163 79.71
3726.4721480761 79.87
3780.6749336053 80.05
3835.6661168044 80.26
3891.4571651819 80.50
3948.0597130445 80.77
4005.4855639241 81.07
4063.7466930387 81.39
4122.8552497902 81.74
4182.8235602974 82.10
4243.6641299665 82.46
4305.3896460992 82.81
4368.0129805382 83.13
4431.5471923516 83.40
4496.0055305558 83.58
4561.4014368787 83.67
4627.7485485626 83.64
4695.0607012081 83.48
4763.3519316592 83.21
4832.6364809305 82.84
4902.9287971769 82.38
4974.2435387067 81.86
5046.595577038 81.29
5120.0000000002 80.70
5194.4721148803 80.10
5270.0274516149 79.49
5346.6817660286 78.88
5424.4510431198 78.30
5503.3515003942 77.74
5583.3995912463 77.26
5664.6120083911 76.90
5747.0056873442 76.67
5830.5978099545 76.47
5915.4058079863 76.24
6001.4473667548 76.01
6088.7404288142 75.81
6177.3031976989 75.67
6267.1541417201 75.58
6358.3119978165 75.56
6450.795775462 75.59
6544.6247606297 75.68
6639.8185198134 75.83
6736.3969041085 76.06
6834.3800533509 76.36
6933.7884003172 76.76
7034.6426749857 77.26
7136.9639088592 77.89
7240.7734393506 78.65
7346.0929142326 79.53
7452.9442961523 80.48
7561.3498672106 81.46
7671.3322336089 82.39
7782.9143303638 83.18
7896.119426089 83.72
8010.9711278481 83.91
8127.4933860775 83.67
8245.7104995805 83.03
8365.6471205948 82.08
8487.328259933 80.94
8610.7792921984 79.76
8736.0259610765 78.63
8863.0943847033 77.60
8992.0110611117 76.72
9122.8028737575 75.99
9255.4970971253 75.41
9390.1214024162 74.98
9526.7038633184 74.68
9665.272961861 74.51
9805.8575943538 74.45
9948.4870774134 74.50
10093.191154076 74.66
10240.0000000005 74.92
10388.9442297607 75.30
10540.0549032298 75.84
10693.3635320572 76.53
10848.9020862397 77.35
11006.7030007884 78.23
11166.7991824927 79.06
11329.2240167822 79.74
11494.0113746885 80.16
11661.1956199091 80.23
11830.8116159726 79.97
12002.8947335097 79.42
12177.4808576284 78.66
12354.6063953979 77.79
12534.3082834402 76.90
12716.6239956331 76.05
12901.5915509241 75.28
13089.2495212594 74.66
13279.637039627 74.26
13472.7938082171 74.15
13668.7601067018 74.32
13867.5768006344 74.67
14069.2853499715 75.07
14273.9278177184 75.35
14481.5468787012 75.36
14692.1858284653 75.02
14905.8885923047 74.33
15122.6997344212 73.39
15342.6644672179 72.32
15565.8286607277 71.20
15792.2388521781 69.98
16021.9422556964 68.67
16254.9867721551 67.50
16491.4209991611 66.78
16731.2942411897 66.44
16974.656519866 65.90
17221.5585843969 64.74
17472.0519221531 62.88
17726.1887694067 60.47
17984.0221222235 57.94
18245.605747515 56.06
18510.9941942506 55.38
18780.2428048326 55.24
19053.4077266369 54.83
19330.545923722 53.79
19611.7151887077 52.16
19896.9741548268 50.42
20186.382308152 50.42
