20.000000	73.664
20.290907	73.664
20.586045	73.664
20.885476	73.664
21.189262	73.691
21.497467	73.744
21.810155	73.796
22.127391	73.845
22.449241	73.892
22.775773	73.937
23.107054	73.980
23.443154	74.024
23.784142	74.066
24.130091	74.108
24.481071	74.149
24.837156	74.190
25.198421	74.227
25.564940	74.263
25.936791	74.297
26.314050	74.330
26.696797	74.364
27.085111	74.396
27.479073	74.427
27.878765	74.458
28.284271	74.487
28.695675	74.515
29.113064	74.541
29.536523	74.568
29.966142	74.594
30.402009	74.618
30.844217	74.641
31.292856	74.665
31.748021	74.687
32.209807	74.708
32.678309	74.727
33.153626	74.746
33.635857	74.762
34.125101	74.778
34.621462	74.792
35.125043	74.805
35.635949	74.817
36.154286	74.830
36.680162	74.841
37.213687	74.851
37.754973	74.860
38.304131	74.868
38.861278	74.874
39.426528	74.880
40.000000	74.885
40.581813	74.889
41.172089	74.893
41.770951	74.895
42.378524	74.897
42.994934	74.897
43.620309	74.897
44.254781	74.897
44.898482	74.896
45.551545	74.896
46.214108	74.895
46.886308	74.891
47.568285	74.887
48.260181	74.882
48.962142	74.875
49.674312	74.866
50.396842	74.856
51.129881	74.845
51.873582	74.833
52.628101	74.819
53.393594	74.802
54.170222	74.787
54.958146	74.769
55.757531	74.752
56.568542	74.734
57.391351	74.714
58.226127	74.693
59.073046	74.671
59.932283	74.647
60.804018	74.621
61.688433	74.594
62.585712	74.563
63.496042	74.530
64.419613	74.495
65.356618	74.458
66.307252	74.418
67.271713	74.376
68.250203	74.330
69.242925	74.279
70.250086	74.223
71.271897	74.164
72.308571	74.101
73.360323	74.031
74.427374	73.957
75.509945	73.879
76.608262	73.804
77.722555	73.746
78.853056	73.714
80.000000	73.718
81.163627	73.752
82.344179	73.806
83.541903	73.858
84.757048	73.898
85.989867	73.922
87.240619	73.932
88.509563	73.930
89.796964	73.917
91.103091	73.889
92.428216	73.855
93.772615	73.820
95.136569	73.779
96.520362	73.732
97.924283	73.681
99.348625	73.632
100.793684	73.583
102.259762	73.533
103.747164	73.480
105.256202	73.426
106.787188	73.371
108.340444	73.315
109.916292	73.259
111.515061	73.201
113.137085	73.141
114.782702	73.079
116.452255	73.017
118.146092	72.954
119.864566	72.889
121.608036	72.820
123.376866	72.748
125.171424	72.675
126.992084	72.600
128.839227	72.527
130.713236	72.454
132.614504	72.381
134.543426	72.309
136.500406	72.235
138.485850	72.159
140.500173	72.079
142.543795	71.999
144.617142	71.921
146.720647	71.850
148.854748	71.789
151.019890	71.739
153.216525	71.698
155.445111	71.661
157.706112	71.622
160.000000	71.577
162.327254	71.528
164.688358	71.471
167.083805	71.409
169.514095	71.344
171.979734	71.274
174.481237	71.200
177.019125	71.124
179.593928	71.046
182.206182	70.964
184.856431	70.882
187.545230	70.798
190.273138	70.713
193.040725	70.629
195.848567	70.544
198.697250	70.458
201.587368	70.372
204.519524	70.287
207.494329	70.200
210.512403	70.114
213.574377	70.026
216.680888	69.939
219.832584	69.851
223.030122	69.764
226.274170	69.677
229.565404	69.588
232.904509	69.500
236.292183	69.411
239.729132	69.321
243.216073	69.232
246.753732	69.143
250.342848	69.054
253.984168	68.964
257.678453	68.875
261.426473	68.785
265.229008	68.695
269.086853	68.606
273.000811	68.516
276.971700	68.426
281.000346	68.336
285.087590	68.246
289.234284	68.156
293.441294	68.066
297.709496	67.977
302.039780	67.887
306.433050	67.796
310.890221	67.708
315.412224	67.618
320.000000	67.528
324.654507	67.439
329.376716	67.350
334.167610	67.261
339.028190	67.173
343.959469	67.085
348.962474	66.996
354.038251	66.908
359.187855	66.821
364.412363	66.734
369.712863	66.647
375.090460	66.561
380.546277	66.475
386.081450	66.390
391.697134	66.305
397.394500	66.220
403.174736	66.136
409.039048	66.053
414.988657	65.970
421.024807	65.888
427.148753	65.807
433.361775	65.728
439.665167	65.649
446.060244	65.570
452.548340	65.493
459.130807	65.415
465.809019	65.340
472.584367	65.265
479.458265	65.190
486.432146	65.118
493.507464	65.046
500.685695	64.974
507.968337	64.903
515.356906	64.834
522.852945	64.765
530.458016	64.698
538.173706	64.632
546.001623	64.568
553.943399	64.505
562.000691	64.443
570.175180	64.383
578.468569	64.325
586.882588	64.268
595.418991	64.213
604.079560	64.160
612.866100	64.108
621.780442	64.058
630.824447	64.010
640.000000	63.963
649.309014	63.919
658.753431	63.876
668.335221	63.835
678.056380	63.796
687.918938	63.760
697.924949	63.726
708.076501	63.696
718.375711	63.670
728.824726	63.648
739.425726	63.634
750.180921	63.626
761.092554	63.625
772.162900	63.627
783.394268	63.630
794.789000	63.634
806.349472	63.640
818.078095	63.649
829.977315	63.661
842.049613	63.677
854.297507	63.698
866.723550	63.722
879.330334	63.750
892.120489	63.781
905.096680	63.811
918.261614	63.840
931.618037	63.863
945.168733	63.878
958.916529	63.882
972.864291	63.877
987.014928	63.867
1001.371391	63.861
1015.936673	63.867
1030.713812	63.888
1045.705890	63.928
1060.916032	63.983
1076.347412	64.051
1092.003245	64.128
1107.886798	64.213
1124.001383	64.301
1140.350359	64.393
1156.937137	64.484
1173.765175	64.577
1190.837983	64.667
1208.159120	64.757
1225.732199	64.845
1243.560885	64.932
1261.648894	65.016
1280.000000	65.100
1298.618029	65.182
1317.506863	65.264
1336.670442	65.344
1356.112761	65.422
1375.837875	65.500
1395.849898	65.578
1416.153002	65.655
1436.751422	65.733
1457.649452	65.812
1478.851452	65.891
1500.361842	65.971
1522.185107	66.052
1544.325799	66.133
1566.788535	66.218
1589.577999	66.304
1612.698944	66.394
1636.156190	66.487
1659.954630	66.583
1684.099226	66.682
1708.595013	66.785
1733.447100	66.891
1758.660669	67.003
1784.240977	67.118
1810.193360	67.236
1836.523229	67.358
1863.236074	67.484
1890.337467	67.614
1917.833058	67.748
1945.728583	67.885
1974.029857	68.027
2002.742782	68.172
2031.873347	68.321
2061.427625	68.471
2091.411780	68.625
2121.832065	68.782
2152.694823	68.940
2184.006490	69.099
2215.773596	69.259
2248.002765	69.420
2280.700718	69.580
2313.874274	69.737
2347.530351	69.891
2381.675966	70.039
2416.318240	70.183
2451.464399	70.320
2487.121769	70.449
2523.297789	70.573
2560.000000	70.691
2597.236057	70.804
2635.013726	70.914
2673.340883	71.017
2712.225522	71.107
2751.675750	71.183
2791.699796	71.243
2832.306004	71.287
2873.502844	71.315
2915.298905	71.330
2957.702904	71.326
3000.723683	71.308
3044.370214	71.274
3088.651599	71.227
3133.577071	71.167
3179.155999	71.096
3225.397888	71.017
3272.312380	70.933
3319.909260	70.846
3368.198452	70.758
3417.190027	70.672
3466.894200	70.591
3517.321337	70.514
3568.481954	70.441
3620.386720	70.373
3673.046457	70.307
3726.472148	70.248
3780.674934	70.196
3835.666117	70.153
3891.457165	70.122
3948.059713	70.103
4005.485564	70.100
4063.746693	70.125
4122.855250	70.189
4182.823560	70.297
4243.664130	70.436
4305.389646	70.587
4368.012981	70.751
4431.547192	70.931
4496.005531	71.132
4561.401437	71.360
4627.748549	71.616
4695.060701	71.902
4763.351932	72.219
4832.636481	72.567
4902.928797	72.946
4974.243539	73.353
5046.595577	73.784
5120.000000	74.234
5194.472115	74.687
5270.027452	75.132
5346.681766	75.547
5424.451043	75.911
5503.351500	76.202
5583.399591	76.402
5664.612008	76.496
5747.005687	76.481
5830.597810	76.360
5915.405808	76.150
6001.447367	75.871
6088.740429	75.549
6177.303198	75.211
6267.154142	74.878
6358.311998	74.572
6450.795775	74.309
6544.624761	74.102
6639.818520	73.960
6736.396904	73.894
6834.380053	73.910
6933.788400	74.018
7034.642675	74.225
7136.963909	74.539
7240.773439	74.959
7346.092914	75.473
7452.944296	76.044
7561.349867	76.608
7671.332234	77.065
7782.914330	77.298
7896.119426	77.197
8010.971128	76.691
8127.493386	75.776
8245.710500	74.520
8365.647121	73.030
8487.328260	71.424
8610.779292	69.805
8736.025961	68.244
8863.094385	66.780
8992.011061	65.431
9122.802874	64.198
9255.497097	63.078
9390.121402	62.061
9526.703863	61.140
9665.272962	60.304
9805.857594	59.549
9948.487077	58.873
10093.191154	58.272
10240.000000	57.747
10388.944230	57.298
10540.054903	56.924
10693.363532	56.627
10848.902086	56.408
11006.703001	56.272
11166.799182	56.230
11329.224017	56.288
11494.011375	56.448
11661.195620	56.718
11830.811616	57.106
12002.894734	57.637
12177.480858	58.351
12354.606395	59.307
12534.308283	60.579
12716.623996	62.223
12901.591551	64.218
13089.249521	66.403
13279.637040	68.470
13472.793808	70.022
13668.760107	70.706
13867.576801	70.348
14069.285350	69.059
14273.927818	67.178
14481.546879	65.123
14692.185828	63.257
14905.888592	61.811
15122.699734	60.872
15342.664467	60.431
15565.828661	60.443
15792.238852	60.854
16021.942256	61.560
16254.986772	62.370
16491.420999	63.018
16731.294241	63.228
16974.656520	62.813
17221.558584	61.741
17472.051922	60.146
17726.188769	58.278
17984.022122	56.405
18245.605748	54.735
18510.994194	53.369
18780.242805	52.337
19053.407727	51.640
19330.545924	51.262
19611.715189	51.136
19896.974155	51.138
20186.382308	51.138
