20.000000	80.291
20.290907	80.275
20.586045	80.254
20.885476	80.226
21.189262	80.189
21.497467	80.138
21.810155	80.079
22.127391	80.014
22.449241	79.950
22.775773	79.901
23.107054	79.872
23.443154	79.861
23.784142	79.862
24.130091	79.863
24.481071	79.856
24.837156	79.842
25.198421	79.820
25.564940	79.796
25.936791	79.771
26.314050	79.746
26.696797	79.716
27.085111	79.682
27.479073	79.639
27.878765	79.593
28.284271	79.544
28.695675	79.494
29.113064	79.444
29.536523	79.395
29.966142	79.347
30.402009	79.299
30.844217	79.250
31.292856	79.202
31.748021	79.154
32.209807	79.105
32.678309	79.055
33.153626	79.004
33.635857	78.953
34.125101	78.899
34.621462	78.846
35.125043	78.790
35.635949	78.735
36.154286	78.677
36.680162	78.619
37.213687	78.560
37.754973	78.502
38.304131	78.441
38.861278	78.379
39.426528	78.317
40.000000	78.257
40.581813	78.205
41.172089	78.156
41.770951	78.112
42.378524	78.068
42.994934	78.024
43.620309	77.978
44.254781	77.928
44.898482	77.878
45.551545	77.829
46.214108	77.780
46.886308	77.732
47.568285	77.684
48.260181	77.635
48.962142	77.581
49.674312	77.528
50.396842	77.483
51.129881	77.445
51.873582	77.409
52.628101	77.369
53.393594	77.326
54.170222	77.280
54.958146	77.231
55.757531	77.180
56.568542	77.127
57.391351	77.071
58.226127	77.013
59.073046	76.952
59.932283	76.888
60.804018	76.823
61.688433	76.757
62.585712	76.690
63.496042	76.621
64.419613	76.551
65.356618	76.477
66.307252	76.400
67.271713	76.319
68.250203	76.234
69.242925	76.147
70.250086	76.056
71.271897	75.963
72.308571	75.868
73.360323	75.771
74.427374	75.672
75.509945	75.568
76.608262	75.462
77.722555	75.352
78.853056	75.238
80.000000	75.121
81.163627	75.002
82.344179	74.881
83.541903	74.758
84.757048	74.631
85.989867	74.500
87.240619	74.366
88.509563	74.228
89.796964	74.087
91.103091	73.944
92.428216	73.799
93.772615	73.652
95.136569	73.503
96.520362	73.352
97.924283	73.199
99.348625	73.044
100.793684	72.888
102.259762	72.732
103.747164	72.577
105.256202	72.419
106.787188	72.260
108.340444	72.099
109.916292	71.936
111.515061	71.773
113.137085	71.609
114.782702	71.443
116.452255	71.278
118.146092	71.114
119.864566	70.950
121.608036	70.785
123.376866	70.617
125.171424	70.447
126.992084	70.276
128.839227	70.100
130.713236	69.920
132.614504	69.738
134.543426	69.554
136.500406	69.373
138.485850	69.203
140.500173	69.051
142.543795	68.917
144.617142	68.800
146.720647	68.699
148.854748	68.595
151.019890	68.472
153.216525	68.322
155.445111	68.153
157.706112	67.984
160.000000	67.821
162.327254	67.662
164.688358	67.502
167.083805	67.341
169.514095	67.178
171.979734	67.013
174.481237	66.849
177.019125	66.684
179.593928	66.522
182.206182	66.360
184.856431	66.196
187.545230	66.031
190.273138	65.872
193.040725	65.715
195.848567	65.557
198.697250	65.404
201.587368	65.271
204.519524	65.159
207.494329	65.065
210.512403	64.978
213.574377	64.893
216.680888	64.805
219.832584	64.715
223.030122	64.628
226.274170	64.541
229.565404	64.450
232.904509	64.356
236.292183	64.267
239.729132	64.185
243.216073	64.106
246.753732	64.028
250.342848	63.960
253.984168	63.907
257.678453	63.867
261.426473	63.836
265.229008	63.816
269.086853	63.806
273.000811	63.803
276.971700	63.804
281.000346	63.812
285.087590	63.829
289.234284	63.859
293.441294	63.899
297.709496	63.945
302.039780	63.998
306.433050	64.056
310.890221	64.119
315.412224	64.190
320.000000	64.267
324.654507	64.349
329.376716	64.433
334.167610	64.519
339.028190	64.603
343.959469	64.688
348.962474	64.771
354.038251	64.851
359.187855	64.929
364.412363	65.004
369.712863	65.076
375.090460	65.144
380.546277	65.208
386.081450	65.269
391.697134	65.323
397.394500	65.375
403.174736	65.419
409.039048	65.458
414.988657	65.492
421.024807	65.521
427.148753	65.547
433.361775	65.568
439.665167	65.585
446.060244	65.598
452.548340	65.608
459.130807	65.613
465.809019	65.616
472.584367	65.612
479.458265	65.593
486.432146	65.558
493.507464	65.512
500.685695	65.475
507.968337	65.457
515.356906	65.463
522.852945	65.480
530.458016	65.492
538.173706	65.489
546.001623	65.474
553.943399	65.457
562.000691	65.440
570.175180	65.423
578.468569	65.406
586.882588	65.388
595.418991	65.369
604.079560	65.348
612.866100	65.324
621.780442	65.300
630.824447	65.273
640.000000	65.244
649.309014	65.212
658.753431	65.179
668.335221	65.144
678.056380	65.105
687.918938	65.063
697.924949	65.016
708.076501	64.965
718.375711	64.910
728.824726	64.853
739.425726	64.794
750.180921	64.733
761.092554	64.669
772.162900	64.607
783.394268	64.547
794.789000	64.490
806.349472	64.439
818.078095	64.395
829.977315	64.361
842.049613	64.341
854.297507	64.340
866.723550	64.359
879.330334	64.400
892.120489	64.468
905.096680	64.559
918.261614	64.677
931.618037	64.819
945.168733	64.986
958.916529	65.175
972.864291	65.381
987.014928	65.603
1001.371391	65.837
1015.936673	66.079
1030.713812	66.328
1045.705890	66.580
1060.916032	66.835
1076.347412	67.091
1092.003245	67.346
1107.886798	67.598
1124.001383	67.846
1140.350359	68.089
1156.937137	68.323
1173.765175	68.554
1190.837983	68.771
1208.159120	68.987
1225.732199	69.193
1243.560885	69.395
1261.648894	69.592
1280.000000	69.785
1298.618029	69.969
1317.506863	70.153
1336.670442	70.326
1356.112761	70.494
1375.837875	70.659
1395.849898	70.823
1416.153002	70.993
1436.751422	71.169
1457.649452	71.351
1478.851452	71.537
1500.361842	71.721
1522.185107	71.900
1544.325799	72.072
1566.788535	72.238
1589.577999	72.398
1612.698944	72.555
1636.156190	72.709
1659.954630	72.862
1684.099226	73.011
1708.595013	73.158
1733.447100	73.303
1758.660669	73.446
1784.240977	73.587
1810.193360	73.728
1836.523229	73.866
1863.236074	74.005
1890.337467	74.145
1917.833058	74.286
1945.728583	74.431
1974.029857	74.583
2002.742782	74.742
2031.873347	74.910
2061.427625	75.083
2091.411780	75.256
2121.832065	75.426
2152.694823	75.586
2184.006490	75.742
2215.773596	75.887
2248.002765	76.028
2280.700718	76.164
2313.874274	76.298
2347.530351	76.429
2381.675966	76.557
2416.318240	76.682
2451.464399	76.804
2487.121769	76.922
2523.297789	77.034
2560.000000	77.140
2597.236057	77.238
2635.013726	77.328
2673.340883	77.409
2712.225522	77.484
2751.675750	77.554
2791.699796	77.618
2832.306004	77.670
2873.502844	77.708
2915.298905	77.727
2957.702904	77.725
3000.723683	77.697
3044.370214	77.642
3088.651599	77.560
3133.577071	77.457
3179.155999	77.332
3225.397888	77.190
3272.312380	77.032
3319.909260	76.860
3368.198452	76.676
3417.190027	76.481
3466.894200	76.278
3517.321337	76.068
3568.481954	75.855
3620.386720	75.641
3673.046457	75.428
3726.472148	75.219
3780.674934	75.016
3835.666117	74.817
3891.457165	74.624
3948.059713	74.435
4005.485564	74.249
4063.746693	74.067
4122.855250	73.886
4182.823560	73.707
4243.664130	73.529
4305.389646	73.354
4368.012981	73.183
4431.547192	73.019
4496.005531	72.863
4561.401437	72.718
4627.748549	72.583
4695.060701	72.466
4763.351932	72.363
4832.636481	72.278
4902.928797	72.212
4974.243539	72.162
5046.595577	72.130
5120.000000	72.114
5194.472115	72.116
5270.027452	72.133
5346.681766	72.162
5424.451043	72.200
5503.351500	72.241
5583.399591	72.276
5664.612008	72.297
5747.005687	72.294
5830.597810	72.258
5915.405808	72.177
6001.447367	72.042
6088.740429	71.844
6177.303198	71.596
6267.154142	71.313
6358.311998	71.017
6450.795775	70.731
6544.624761	70.477
6639.818520	70.283
6736.396904	70.170
6834.380053	70.159
6933.788400	70.263
7034.642675	70.488
7136.963909	70.833
7240.773439	71.288
7346.092914	71.830
7452.944296	72.423
7561.349867	73.004
7671.332234	73.489
7782.914330	73.803
7896.119426	73.861
8010.971128	73.585
8127.493386	72.980
8245.710500	72.096
8365.647121	71.010
8487.328260	69.826
8610.779292	68.610
8736.025961	67.421
8863.094385	66.291
8992.011061	65.234
9122.802874	64.258
9255.497097	63.364
9390.121402	62.546
9526.703863	61.802
9665.272962	61.126
9805.857594	60.514
9948.487077	59.968
10093.191154	59.500
10240.000000	59.099
10388.944230	58.766
10540.054903	58.506
10693.363532	58.308
10848.902086	58.176
11006.703001	58.114
11166.799182	58.118
11329.224017	58.200
11494.011375	58.344
11661.195620	58.585
11830.811616	58.896
12002.894734	59.309
12177.480858	59.804
12354.606395	60.443
12534.308283	61.202
12716.623996	62.148
12901.591551	63.368
13089.249521	64.743
13279.637040	66.357
13472.793808	68.182
13668.760107	70.058
13867.576801	71.787
14069.285350	73.096
14273.927818	73.975
14481.546879	74.181
14692.185828	73.788
14905.888592	73.128
15122.699734	72.378
15342.664467	71.655
15565.828661	70.971
15792.238852	70.256
16021.942256	69.410
16254.986772	68.376
16491.420999	67.155
16731.294241	65.817
16974.656520	64.460
17221.558584	63.165
17472.051922	61.969
17726.188769	60.844
17984.022122	59.700
18245.605748	58.421
18510.994194	56.889
18780.242805	55.051
19053.407727	52.904
19330.545924	50.479
19611.715189	47.930
19896.974155	45.814
20186.382308	45.192
