20 74.36
20.2909066988 74.49
20.5860447329 74.59
20.8854756485 74.68
21.1892618872 74.75
21.4974667984 74.83
21.8101546533 74.92
22.1273906578 75.02
22.4492409662 75.13
22.7757726951 75.23
23.1070539374 75.32
23.4431537764 75.40
23.7841423001 75.49
24.130090616 75.57
24.4810708661 75.66
24.8371562415 75.75
25.1984209979 75.83
25.5649404712 75.91
25.936791093 75.99
26.3140504067 76.07
26.6967970834 76.14
27.0851109387 76.21
27.4790729492 76.28
27.878765269 76.34
28.2842712475 76.40
28.6956754462 76.46
29.1130636568 76.52
29.5365229188 76.58
29.9661415375 76.63
30.402009103 76.69
30.8442165082 76.75
31.2928559682 76.82
31.7480210394 76.88
32.209806639 76.94
32.6783090648 76.98
33.1536260154 77.01
33.6358566101 77.06
34.1251014105 77.10
34.6214624402 77.14
35.1250432075 77.17
35.6359487256 77.19
36.1542855356 77.20
36.6801617282 77.22
37.2136869661 77.24
37.7549725073 77.25
38.3041312279 77.25
38.8612776461 77.23
39.4265279456 77.22
40 77.21
40.5818133975 77.19
41.1720894657 77.17
41.7709512971 77.14
42.3785237744 77.12
42.9949335968 77.09
43.6203093066 77.06
44.2547813156 77.02
44.8984819324 76.97
45.5515453903 76.93
46.2141078749 76.88
46.8863075528 76.83
47.5682846001 76.78
48.260181232 76.73
48.9621417322 76.67
49.6743124829 76.60
50.3968419958 76.54
51.1298809424 76.48
51.873582186 76.43
52.6281008133 76.36
53.3935941668 76.30
54.1702218775 76.23
54.9581458983 76.16
55.757530538 76.09
56.5685424949 76.02
57.3913508924 75.95
58.2261273137 75.88
59.0730458376 75.81
59.9322830751 75.73
60.804018206 75.65
61.6884330163 75.58
62.5857119363 75.49
63.4960420787 75.41
64.419613278 75.33
65.3566181296 75.25
66.3072520307 75.16
67.2717132203 75.07
68.2502028209 74.98
69.2429248805 74.90
70.2500864149 74.80
71.2718974512 74.70
72.3085710713 74.60
73.3603234564 74.50
74.4273739322 74.40
75.5099450145 74.30
76.6082624559 74.19
77.7225552923 74.08
78.8530558912 73.97
80 73.85
81.163626795 73.74
82.3441789315 73.62
83.5419025942 73.49
84.7570475487 73.36
85.9898671937 73.23
87.2406186132 73.10
88.5095626311 72.97
89.7969638648 72.82
91.1030907805 72.68
92.4282157498 72.53
93.7726151055 72.38
95.1365692002 72.24
96.520362464 72.08
97.9242834644 71.94
99.3486249659 71.81
100.7936839916 71.70
102.2597618848 71.57
103.7471643721 71.44
105.2562016267 71.30
106.7871883336 71.15
108.340443755 70.99
109.9162917966 70.84
111.5150610759 70.67
113.1370849898 70.51
114.7827017849 70.33
116.4522546274 70.16
118.1460916752 70.01
119.8645661501 69.86
121.6080364119 69.69
123.3768660326 69.50
125.1714238726 69.32
126.9920841575 69.15
128.8392265559 68.98
130.7132362593 68.78
132.6145040614 68.60
134.5434264406 68.45
136.5004056418 68.34
138.485849761 68.28
140.5001728299 68.22
142.5437949025 68.16
144.6171421426 68.07
146.7206469127 67.97
148.8547478643 67.81
151.0198900291 67.69
153.2165249118 67.64
155.4451105846 67.54
157.7061117824 67.43
160 67.31
162.32725359 67.20
164.688357863 67.10
167.0838051884 66.99
169.5140950975 66.88
171.9797343873 66.77
174.4812372264 66.66
177.0191252622 66.54
179.5939277295 66.43
182.2061815611 66.33
184.8564314996 66.23
187.5452302111 66.11
190.2731384004 65.98
193.0407249281 65.89
195.8485669287 65.81
198.6972499318 65.70
201.5873679832 65.61
204.5195237697 65.51
207.4943287442 65.39
210.5124032534 65.29
213.5743766672 65.18
216.6808875099 65.09
219.8325835933 65.00
223.0301221518 64.91
226.2741699797 64.83
229.5654035698 64.74
232.9045092548 64.68
236.2921833503 64.63
239.7291323003 64.57
243.2160728239 64.52
246.7537320653 64.49
250.3428477452 64.40
253.9841683149 64.47
257.6784531119 64.48
261.4264725186 64.47
265.2290081229 64.49
269.0868528812 64.53
273.0008112836 64.58
276.971699522 64.62
281.0003456597 64.68
285.0875898049 64.74
289.2342842852 64.80
293.4412938255 64.88
297.7094957287 64.95
302.0397800581 65.04
306.4330498235 65.11
310.8902211692 65.19
315.4122235649 65.28
320 65.37
324.65450718 65.46
329.3767157259 65.54
334.1676103768 65.64
339.028190195 65.72
343.9594687746 65.78
348.9624744529 65.88
354.0382505244 65.95
359.187855459 66.01
364.4123631221 66.09
369.7128629991 66.16
375.0904604222 66.23
380.5462768009 66.29
386.0814498562 66.35
391.6971338575 66.41
397.3944998635 66.46
403.1747359664 66.51
409.0390475393 66.56
414.9886574883 66.60
421.0248065068 66.64
427.1487533344 66.67
433.3617750198 66.70
439.6651671866 66.73
446.0602443037 66.76
452.5483399594 66.78
459.1308071395 66.80
465.8090185095 66.81
472.5843667007 66.81
479.4582646005 66.82
486.4321456477 66.82
493.5074641306 66.82
500.6856954905 66.80
507.9683366298 66.78
515.3569062238 66.77
522.8529450372 66.74
530.4580162458 66.71
538.1737057624 66.68
546.0016225673 66.66
553.9433990439 66.64
562.0006913195 66.60
570.1751796098 66.57
578.4685685703 66.54
586.882587651 66.51
595.4189914574 66.48
604.0795601163 66.45
612.8660996471 66.42
621.7804423383 66.39
630.8244471297 66.34
640 66.31
649.30901436 66.26
658.7534314519 66.25
668.3352207536 66.22
678.05638039 66.19
687.9189375493 66.16
697.9249489058 66.12
708.0765010489 66.09
718.375710918 66.05
728.8247262443 66.02
739.4257259983 65.99
750.1809208443 65.96
761.0925536018 65.94
772.1628997124 65.90
783.394267715 65.87
794.7889997271 65.85
806.3494719327 65.83
818.0780950787 65.80
829.9773149767 65.78
842.0496130136 65.75
854.2975066688 65.74
866.7235500396 65.73
879.3303343732 65.72
892.1204886074 65.73
905.0966799188 65.74
918.2616142791 65.75
931.618037019 65.76
945.1687334013 65.80
958.9165292011 65.83
972.8642912955 65.88
987.0149282611 65.92
1001.371390981 65.98
1015.9366732597 66.02
1030.7138124476 66.09
1045.7058900743 66.14
1060.9160324916 66.21
1076.3474115248 66.28
1092.0032451345 66.36
1107.8867980879 66.44
1124.0013826389 66.52
1140.3503592197 66.60
1156.9371371406 66.68
1173.765175302 66.77
1190.8379829148 66.85
1208.1591202326 66.93
1225.7321992942 67.01
1243.5608846767 67.09
1261.6488942595 67.18
1280 67.26
1298.6180287201 67.35
1317.5068629037 67.44
1336.6704415071 67.51
1356.1127607799 67.60
1375.8378750985 67.67
1395.8498978116 67.75
1416.1530020977 67.82
1436.751421836 67.90
1457.6494524886 67.98
1478.8514519966 68.04
1500.3618416887 68.11
1522.1851072035 68.19
1544.3257994247 68.27
1566.78853543 68.35
1589.5779994541 68.46
1612.6989438655 68.58
1636.1561901574 68.72
1659.9546299533 68.87
1684.0992260271 69.01
1708.5950133377 69.14
1733.4471000793 69.27
1758.6606687464 69.39
1784.2409772148 69.51
1810.1933598376 69.63
1836.5232285581 69.75
1863.2360740381 69.87
1890.3374668026 69.98
1917.8330584022 70.11
1945.7285825909 70.23
1974.0298565222 70.36
2002.742781962 70.50
2031.8733465194 70.65
2061.4276248951 70.80
2091.4117801487 70.97
2121.8320649832 71.13
2152.6948230496 71.28
2184.0064902691 71.42
2215.7735961758 71.56
2248.0027652779 71.70
2280.7007184393 71.83
2313.8742742813 71.95
2347.530350604 72.08
2381.6759658296 72.20
2416.3182404652 72.31
2451.4643985884 72.43
2487.1217693533 72.53
2523.297788519 72.56
2560.0000000001 72.66
2597.2360574402 72.83
2635.0137258074 72.95
2673.3408830143 73.04
2712.2255215599 73.11
2751.6757501971 73.16
2791.6997956232 73.20
2832.3060041955 73.22
2873.5028436721 73.23
2915.2989049772 73.21
2957.7029039931 73.18
3000.7236833774 73.13
3044.3702144071 73.06
3088.6515988494 72.99
3133.57707086 72.93
3179.1559989082 72.88
3225.397887731 72.82
3272.3123803148 72.74
3319.9092599067 72.67
3368.1984520542 72.58
3417.1900266754 72.49
3466.8942001586 72.38
3517.3213374928 72.27
3568.4819544296 72.15
3620.3867196753 72.01
3673.0464571163 71.86
3726.4721480761 71.70
3780.6749336053 71.52
3835.6661168044 71.35
3891.4571651819 71.17
3948.0597130445 71.00
4005.4855639241 70.81
4063.7466930387 70.63
4122.8552497902 70.45
4182.8235602974 70.27
4243.6641299665 70.09
4305.3896460992 69.91
4368.0129805382 69.74
4431.5471923516 69.58
4496.0055305558 69.44
4561.4014368787 69.32
4627.7485485626 69.21
4695.0607012081 69.14
4763.3519316592 69.10
4832.6364809305 69.09
4902.9287971769 69.10
4974.2435387067 69.15
5046.595577038 69.23
5120.0000000002 69.34
5194.4721148803 69.49
5270.0274516149 69.68
5346.6817660286 69.88
5424.4510431198 70.09
5503.3515003942 70.32
5583.3995912463 70.55
5664.6120083911 70.77
5747.0056873442 70.96
5830.5978099545 71.13
5915.4058079863 71.26
6001.4473667548 71.35
6088.7404288142 71.39
6177.3031976989 71.41
6267.1541417201 71.38
6358.3119978165 71.33
6450.795775462 71.25
6544.6247606297 71.16
6639.8185198134 71.07
6736.3969041085 70.98
6834.3800533509 70.92
6933.7884003172 70.88
7034.6426749857 70.87
7136.9639088592 70.94
7240.7734393506 71.06
7346.0929142326 71.25
7452.9442961523 71.49
7561.3498672106 71.76
7671.3322336089 72.04
7782.9143303638 72.27
7896.119426089 72.39
8010.9711278481 72.27
8127.4933860775 71.80
8245.7104995805 71.02
8365.6471205948 70.01
8487.328259933 68.85
8610.7792921984 67.62
8736.0259610765 66.37
8863.0943847033 65.16
8992.0110611117 63.99
9122.8028737575 62.87
9255.4970971253 61.81
9390.1214024162 60.87
9526.7038633184 59.96
9665.272961861 59.11
9805.8575943538 58.34
9948.4870774134 57.58
10093.191154076 56.91
10240.0000000005 56.31
10388.9442297607 55.67
10540.0549032298 55.11
10693.3635320572 54.61
10848.9020862397 54.11
11006.7030007884 53.63
11166.7991824927 53.20
11329.2240167822 52.91
11494.0113746885 52.56
11661.1956199091 52.26
11830.8116159726 52.03
12002.8947335097 51.81
12177.4808576284 51.71
12354.6063953979 51.64
12534.3082834402 51.52
12716.6239956331 51.62
12901.5915509241 51.78
13089.2495212594 51.97
13279.637039627 52.28
13472.7938082171 52.71
13668.7601067018 53.32
13867.5768006344 54.17
14069.2853499715 55.29
14273.9278177184 56.64
14481.5468787012 58.48
14692.1858284653 60.87
14905.8885923047 62.93
15122.6997344212 63.23
15342.6644672179 61.42
15565.8286607277 58.51
15792.2388521781 55.87
16021.9422556964 53.87
16254.9867721551 52.45
16491.4209991611 51.56
16731.2942411897 50.81
16974.656519866 50.39
17221.5585843969 50.24
17472.0519221531 50.43
17726.1887694067 50.74
17984.0221222235 51.25
18245.605747515 52.01
18510.9941942506 52.64
18780.2428048326 52.38
19053.4077266369 50.94
19330.545923722 47.82
19611.7151887077 43.72
19896.9741548268 41.53
20186.382308152 41.53
