20.000000	69.805
20.290907	69.897
20.586045	69.988
20.885476	70.080
21.189262	70.169
21.497467	70.258
21.810155	70.346
22.127391	70.430
22.449241	70.510
22.775773	70.585
23.107054	70.655
23.443154	70.723
23.784142	70.792
24.130091	70.864
24.481071	70.942
24.837156	71.024
25.198421	71.105
25.564940	71.183
25.936791	71.258
26.314050	71.330
26.696797	71.399
27.085111	71.467
27.479073	71.531
27.878765	71.586
28.284271	71.634
28.695675	71.675
29.113064	71.712
29.536523	71.746
29.966142	71.781
30.402009	71.815
30.844217	71.846
31.292856	71.873
31.748021	71.895
32.209807	71.913
32.678309	71.931
33.153626	71.948
33.635857	71.962
34.125101	71.972
34.621462	71.976
35.125043	71.980
35.635949	71.984
36.154286	71.990
36.680162	71.991
37.213687	71.984
37.754973	71.973
38.304131	71.959
38.861278	71.942
39.426528	71.921
40.000000	71.894
40.581813	71.865
41.172089	71.834
41.770951	71.803
42.378524	71.769
42.994934	71.733
43.620309	71.696
44.254781	71.657
44.898482	71.617
45.551545	71.577
46.214108	71.533
46.886308	71.480
47.568285	71.421
48.260181	71.357
48.962142	71.293
49.674312	71.231
50.396842	71.174
51.129881	71.120
51.873582	71.065
52.628101	71.006
53.393594	70.944
54.170222	70.880
54.958146	70.814
55.757531	70.740
56.568542	70.656
57.391351	70.563
58.226127	70.461
59.073046	70.355
59.932283	70.253
60.804018	70.158
61.688433	70.067
62.585712	69.980
63.496042	69.894
64.419613	69.805
65.356618	69.708
66.307252	69.600
67.271713	69.482
68.250203	69.358
69.242925	69.230
70.250086	69.100
71.271897	68.969
72.308571	68.841
73.360323	68.717
74.427374	68.591
75.509945	68.458
76.608262	68.314
77.722555	68.157
78.853056	67.990
80.000000	67.812
81.163627	67.620
82.344179	67.410
83.541903	67.177
84.757048	66.932
85.989867	66.701
87.240619	66.534
88.509563	66.461
89.796964	66.513
91.103091	66.600
92.428216	66.655
93.772615	66.630
95.136569	66.505
96.520362	66.291
97.924283	66.006
99.348625	65.710
100.793684	65.533
102.259762	65.480
103.747164	65.485
105.256202	65.494
106.787188	65.494
108.340444	65.478
109.916292	65.442
111.515061	65.374
113.137085	65.271
114.782702	65.152
116.452255	65.035
118.146092	64.923
119.864566	64.815
121.608036	64.701
123.376866	64.579
125.171424	64.456
126.992084	64.336
128.839227	64.217
130.713236	64.097
132.614504	63.975
134.543426	63.851
136.500406	63.727
138.485850	63.605
140.500173	63.492
142.543795	63.387
144.617142	63.290
146.720647	63.204
148.854748	63.127
151.019890	63.056
153.216525	62.989
155.445111	62.923
157.706112	62.857
160.000000	62.790
162.327254	62.720
164.688358	62.645
167.083805	62.564
169.514095	62.482
171.979734	62.403
174.481237	62.330
177.019125	62.265
179.593928	62.204
182.206182	62.144
184.856431	62.082
187.545230	62.019
190.273138	61.956
193.040725	61.892
195.848567	61.826
198.697250	61.761
201.587368	61.703
204.519524	61.653
207.494329	61.609
210.512403	61.563
213.574377	61.511
216.680888	61.457
219.832584	61.403
223.030122	61.350
226.274170	61.298
229.565404	61.252
232.904509	61.213
236.292183	61.183
239.729132	61.153
243.216073	61.120
246.753732	61.087
250.342848	61.052
253.984168	61.010
257.678453	60.958
261.426473	60.908
265.229008	60.861
269.086853	60.821
273.000811	60.793
276.971700	60.770
281.000346	60.746
285.087590	60.719
289.234284	60.691
293.441294	60.659
297.709496	60.624
302.039780	60.589
306.433050	60.557
310.890221	60.526
315.412224	60.492
320.000000	60.454
324.654507	60.419
329.376716	60.387
334.167610	60.357
339.028190	60.329
343.959469	60.304
348.962474	60.278
354.038251	60.249
359.187855	60.217
364.412363	60.187
369.712863	60.160
375.090460	60.137
380.546277	60.114
386.081450	60.093
391.697134	60.068
397.394500	60.037
403.174736	59.999
409.039048	59.962
414.988657	59.929
421.024807	59.894
427.148753	59.856
433.361775	59.819
439.665167	59.790
446.060244	59.767
452.548340	59.747
459.130807	59.727
465.809019	59.706
472.584367	59.685
479.458265	59.665
486.432146	59.644
493.507464	59.623
500.685695	59.602
507.968337	59.580
515.356906	59.555
522.852945	59.527
530.458016	59.499
538.173706	59.474
546.001623	59.456
553.943399	59.441
562.000691	59.428
570.175180	59.416
578.468569	59.406
586.882588	59.387
595.418991	59.363
604.079560	59.338
612.866100	59.317
621.780442	59.294
630.824447	59.265
640.000000	59.237
649.309014	59.217
658.753431	59.200
668.335221	59.178
678.056380	59.148
687.918938	59.119
697.924949	59.098
708.076501	59.081
718.375711	59.060
728.824726	59.035
739.425726	59.011
750.180921	58.993
761.092554	58.978
772.162900	58.968
783.394268	58.959
794.789000	58.948
806.349472	58.934
818.078095	58.922
829.977315	58.912
842.049613	58.903
854.297507	58.891
866.723550	58.883
879.330334	58.882
892.120489	58.891
905.096680	58.906
918.261614	58.925
931.618037	58.945
945.168733	58.966
958.916529	58.991
972.864291	59.018
987.014928	59.046
1001.371391	59.081
1015.936673	59.125
1030.713812	59.175
1045.705890	59.226
1060.916032	59.277
1076.347412	59.332
1092.003245	59.390
1107.886798	59.445
1124.001383	59.494
1140.350359	59.541
1156.937137	59.583
1173.765175	59.623
1190.837983	59.655
1208.159120	59.683
1225.732199	59.709
1243.560885	59.737
1261.648894	59.776
1280.000000	59.823
1298.618029	59.888
1317.506863	59.956
1336.670442	60.024
1356.112761	60.081
1375.837875	60.127
1395.849898	60.166
1416.153002	60.203
1436.751422	60.242
1457.649452	60.281
1478.851452	60.318
1500.361842	60.357
1522.185107	60.406
1544.325799	60.464
1566.788535	60.526
1589.577999	60.594
1612.698944	60.670
1636.156190	60.758
1659.954630	60.859
1684.099226	60.973
1708.595013	61.097
1733.447100	61.225
1758.660669	61.356
1784.240977	61.489
1810.193360	61.625
1836.523229	61.757
1863.236074	61.883
1890.337467	62.010
1917.833058	62.146
1945.728583	62.289
1974.029857	62.428
2002.742782	62.561
2031.873347	62.686
2061.427625	62.803
2091.411780	62.913
2121.832065	63.020
2152.694823	63.121
2184.006490	63.220
2215.773596	63.327
2248.002765	63.445
2280.700718	63.586
2313.874274	63.749
2347.530351	63.941
2381.675966	64.162
2416.318240	64.400
2451.464399	64.645
2487.121769	64.888
2523.297789	65.116
2560.000000	65.331
2597.236057	65.535
2635.013726	65.735
2673.340883	65.928
2712.225522	66.112
2751.675750	66.276
2791.699796	66.419
2832.306004	66.543
2873.502844	66.654
2915.298905	66.752
2957.702904	66.838
3000.723683	66.911
3044.370214	66.968
3088.651599	67.001
3133.577071	67.012
3179.155999	67.001
3225.397888	66.973
3272.312380	66.932
3319.909260	66.877
3368.198452	66.808
3417.190027	66.731
3466.894200	66.648
3517.321337	66.558
3568.481954	66.468
3620.386720	66.380
3673.046457	66.296
3726.472148	66.214
3780.674934	66.135
3835.666117	66.059
3891.457165	65.990
3948.059713	65.923
4005.485564	65.857
4063.746693	65.792
4122.855250	65.729
4182.823560	65.674
4243.664130	65.624
4305.389646	65.577
4368.012981	65.533
4431.547192	65.497
4496.005531	65.476
4561.401437	65.472
4627.748549	65.479
4695.060701	65.487
4763.351932	65.493
4832.636481	65.493
4902.928797	65.481
4974.243539	65.453
5046.595577	65.400
5120.000000	65.321
5194.472115	65.216
5270.027452	65.090
5346.681766	64.952
5424.451043	64.814
5503.351500	64.695
5583.399591	64.612
5664.612008	64.581
5747.005687	64.591
5830.597810	64.636
5915.405808	64.701
6001.447367	64.772
6088.740429	64.842
6177.303198	64.907
6267.154142	64.971
6358.311998	65.038
6450.795775	65.116
6544.624761	65.210
6639.818520	65.331
6736.396904	65.484
6834.380053	65.675
6933.788400	65.909
7034.642675	66.190
7136.963909	66.521
7240.773439	66.905
7346.092914	67.342
7452.944296	67.817
7561.349867	68.293
7671.332234	68.716
7782.914330	69.031
7896.119426	69.164
8010.971128	69.016
8127.493386	68.532
8245.710500	67.691
8365.647121	66.501
8487.328260	65.061
8610.779292	63.460
8736.025961	61.854
8863.094385	60.406
8992.011061	59.217
9122.802874	58.326
9255.497097	57.691
9390.121402	57.219
9526.703863	56.830
9665.272962	56.476
9805.857594	56.135
9948.487077	55.805
10093.191154	55.498
10240.000000	55.220
10388.944230	54.971
10540.054903	54.755
10693.363532	54.582
10848.902086	54.480
11006.703001	54.487
11166.799182	54.632
11329.224017	54.981
11494.011375	55.502
11661.195620	56.208
11830.811616	56.875
12002.894734	57.358
12177.480858	57.611
12354.606395	57.570
12534.308283	57.530
12716.623996	57.699
12901.591551	58.186
13089.249521	58.812
13279.637040	59.630
13472.793808	60.762
13668.760107	62.280
13867.576801	64.029
14069.285350	65.649
14273.927818	67.015
14481.546879	67.901
14692.185828	68.272
14905.888592	68.227
15122.699734	67.730
15342.664467	66.737
15565.828661	65.230
15792.238852	63.269
16021.942256	61.024
16254.986772	58.725
16491.420999	56.587
16731.294241	54.689
16974.656520	52.931
17221.558584	51.114
17472.051922	49.039
17726.188769	46.603
17984.022122	43.817
18245.605748	40.768
18510.994194	37.570
18780.242805	34.324
19053.407727	31.031
19330.545924	27.521
19611.715189	23.610
19896.974155	19.884
20186.382308	18.681
