20.000000	75.368
20.290907	75.346
20.586045	75.310
20.885476	75.262
21.189262	75.206
21.497467	75.147
21.810155	75.087
22.127391	75.031
22.449241	74.979
22.775773	74.933
23.107054	74.890
23.443154	74.847
23.784142	74.800
24.130091	74.750
24.481071	74.692
24.837156	74.628
25.198421	74.561
25.564940	74.496
25.936791	74.439
26.314050	74.393
26.696797	74.359
27.085111	74.329
27.479073	74.298
27.878765	74.261
28.284271	74.219
28.695675	74.180
29.113064	74.148
29.536523	74.124
29.966142	74.107
30.402009	74.089
30.844217	74.067
31.292856	74.043
31.748021	74.020
32.209807	73.997
32.678309	73.972
33.153626	73.943
33.635857	73.909
34.125101	73.872
34.621462	73.835
35.125043	73.797
35.635949	73.759
36.154286	73.717
36.680162	73.668
37.213687	73.616
37.754973	73.565
38.304131	73.516
38.861278	73.465
39.426528	73.408
40.000000	73.338
40.581813	73.258
41.172089	73.174
41.770951	73.096
42.378524	73.026
42.994934	72.958
43.620309	72.895
44.254781	72.842
44.898482	72.791
45.551545	72.731
46.214108	72.660
46.886308	72.587
47.568285	72.506
48.260181	72.425
48.962142	72.413
49.674312	72.462
50.396842	72.467
51.129881	72.360
51.873582	72.151
52.628101	71.945
53.393594	71.775
54.170222	71.637
54.958146	71.526
55.757531	71.443
56.568542	71.376
57.391351	71.311
58.226127	71.237
59.073046	71.149
59.932283	71.047
60.804018	70.936
61.688433	70.819
62.585712	70.704
63.496042	70.594
64.419613	70.491
65.356618	70.391
66.307252	70.290
67.271713	70.187
68.250203	70.079
69.242925	69.966
70.250086	69.849
71.271897	69.727
72.308571	69.603
73.360323	69.482
74.427374	69.364
75.509945	69.248
76.608262	69.133
77.722555	69.015
78.853056	68.897
80.000000	68.782
81.163627	68.679
82.344179	68.584
83.541903	68.486
84.757048	68.380
85.989867	68.268
87.240619	68.153
88.509563	68.036
89.796964	67.916
91.103091	67.801
92.428216	67.694
93.772615	67.595
95.136569	67.502
96.520362	67.403
97.924283	67.294
99.348625	67.183
100.793684	67.082
102.259762	66.992
103.747164	66.907
105.256202	66.821
106.787188	66.735
108.340444	66.647
109.916292	66.556
111.515061	66.460
113.137085	66.360
114.782702	66.258
116.452255	66.159
118.146092	66.062
119.864566	65.972
121.608036	65.882
123.376866	65.787
125.171424	65.684
126.992084	65.578
128.839227	65.484
130.713236	65.397
132.614504	65.302
134.543426	65.194
136.500406	65.075
138.485850	64.957
140.500173	64.844
142.543795	64.735
144.617142	64.645
146.720647	64.590
148.854748	64.535
151.019890	64.456
153.216525	64.351
155.445111	64.237
157.706112	64.115
160.000000	63.995
162.327254	63.886
164.688358	63.780
167.083805	63.683
169.514095	63.597
171.979734	63.517
174.481237	63.439
177.019125	63.360
179.593928	63.278
182.206182	63.191
184.856431	63.102
187.545230	63.015
190.273138	62.932
193.040725	62.854
195.848567	62.782
198.697250	62.710
201.587368	62.627
204.519524	62.533
207.494329	62.440
210.512403	62.354
213.574377	62.278
216.680888	62.209
219.832584	62.141
223.030122	62.075
226.274170	62.013
229.565404	61.955
232.904509	61.896
236.292183	61.836
239.729132	61.778
243.216073	61.735
246.753732	61.711
250.342848	61.675
253.984168	61.608
257.678453	61.534
261.426473	61.474
265.229008	61.423
269.086853	61.379
273.000811	61.345
276.971700	61.318
281.000346	61.295
285.087590	61.272
289.234284	61.248
293.441294	61.223
297.709496	61.199
302.039780	61.174
306.433050	61.150
310.890221	61.135
315.412224	61.129
320.000000	61.127
324.654507	61.124
329.376716	61.119
334.167610	61.114
339.028190	61.105
343.959469	61.092
348.962474	61.080
354.038251	61.078
359.187855	61.080
364.412363	61.078
369.712863	61.072
375.090460	61.070
380.546277	61.067
386.081450	61.062
391.697134	61.057
397.394500	61.050
403.174736	61.045
409.039048	61.045
414.988657	61.047
421.024807	61.048
427.148753	61.039
433.361775	61.021
439.665167	60.999
446.060244	60.984
452.548340	60.984
459.130807	60.986
465.809019	60.983
472.584367	60.982
479.458265	60.983
486.432146	60.980
493.507464	60.979
500.685695	60.987
507.968337	61.000
515.356906	61.011
522.852945	61.019
530.458016	61.031
538.173706	61.049
546.001623	61.076
553.943399	61.103
562.000691	61.128
570.175180	61.155
578.468569	61.192
586.882588	61.238
595.418991	61.294
604.079560	61.361
612.866100	61.438
621.780442	61.520
630.824447	61.606
640.000000	61.694
649.309014	61.781
658.753431	61.868
668.335221	61.960
678.056380	62.062
687.918938	62.171
697.924949	62.280
708.076501	62.386
718.375711	62.486
728.824726	62.581
739.425726	62.679
750.180921	62.780
761.092554	62.881
772.162900	62.976
783.394268	63.060
794.789000	63.133
806.349472	63.199
818.078095	63.260
829.977315	63.318
842.049613	63.374
854.297507	63.431
866.723550	63.489
879.330334	63.546
892.120489	63.605
905.096680	63.671
918.261614	63.749
931.618037	63.841
945.168733	63.948
958.916529	64.076
972.864291	64.225
987.014928	64.393
1001.371391	64.578
1015.936673	64.776
1030.713812	64.992
1045.705890	65.217
1060.916032	65.440
1076.347412	65.660
1092.003245	65.877
1107.886798	66.082
1124.001383	66.264
1140.350359	66.423
1156.937137	66.543
1173.765175	66.634
1190.837983	66.665
1208.159120	66.674
1225.732199	66.636
1243.560885	66.578
1261.648894	66.499
1280.000000	66.399
1298.618029	66.272
1317.506863	66.143
1336.670442	66.019
1356.112761	65.897
1375.837875	65.774
1395.849898	65.659
1416.153002	65.561
1436.751422	65.469
1457.649452	65.383
1478.851452	65.303
1500.361842	65.237
1522.185107	65.184
1544.325799	65.136
1566.788535	65.095
1589.577999	65.064
1612.698944	65.048
1636.156190	65.046
1659.954630	65.054
1684.099226	65.066
1708.595013	65.084
1733.447100	65.113
1758.660669	65.155
1784.240977	65.206
1810.193360	65.265
1836.523229	65.332
1863.236074	65.406
1890.337467	65.484
1917.833058	65.569
1945.728583	65.662
1974.029857	65.764
2002.742782	65.876
2031.873347	65.993
2061.427625	66.116
2091.411780	66.243
2121.832065	66.372
2152.694823	66.499
2184.006490	66.623
2215.773596	66.752
2248.002765	66.891
2280.700718	67.046
2313.874274	67.222
2347.530351	67.428
2381.675966	67.676
2416.318240	67.962
2451.464399	68.293
2487.121769	68.649
2523.297789	69.025
2560.000000	69.403
2597.236057	69.767
2635.013726	70.109
2673.340883	70.417
2712.225522	70.689
2751.675750	70.909
2791.699796	71.083
2832.306004	71.214
2873.502844	71.314
2915.298905	71.386
2957.702904	71.436
3000.723683	71.468
3044.370214	71.466
3088.651599	71.421
3133.577071	71.342
3179.155999	71.234
3225.397888	71.111
3272.312380	70.975
3319.909260	70.829
3368.198452	70.679
3417.190027	70.530
3466.894200	70.386
3517.321337	70.250
3568.481954	70.127
3620.386720	70.018
3673.046457	69.923
3726.472148	69.835
3780.674934	69.748
3835.666117	69.659
3891.457165	69.580
3948.059713	69.518
4005.485564	69.481
4063.746693	69.440
4122.855250	69.384
4182.823560	69.307
4243.664130	69.214
4305.389646	69.105
4368.012981	68.975
4431.547192	68.819
4496.005531	68.646
4561.401437	68.460
4627.748549	68.264
4695.060701	68.056
4763.351932	67.845
4832.636481	67.645
4902.928797	67.485
4974.243539	67.377
5046.595577	67.363
5120.000000	67.457
5194.472115	67.704
5270.027452	68.117
5346.681766	68.667
5424.451043	69.299
5503.351500	69.924
5583.399591	70.434
5664.612008	70.739
5747.005687	70.859
5830.597810	70.805
5915.405808	70.618
6001.447367	70.354
6088.740429	70.068
6177.303198	69.804
6267.154142	69.587
6358.311998	69.435
6450.795775	69.348
6544.624761	69.328
6639.818520	69.365
6736.396904	69.450
6834.380053	69.580
6933.788400	69.748
7034.642675	69.942
7136.963909	70.148
7240.773439	70.363
7346.092914	70.579
7452.944296	70.783
7561.349867	70.937
7671.332234	70.998
7782.914330	70.931
7896.119426	70.704
8010.971128	70.297
8127.493386	69.739
8245.710500	69.077
8365.647121	68.375
8487.328260	67.696
8610.779292	67.089
8736.025961	66.606
8863.094385	66.276
8992.011061	66.113
9122.802874	66.106
9255.497097	66.222
9390.121402	66.393
9526.703863	66.541
9665.272962	66.594
9805.857594	66.499
9948.487077	66.225
10093.191154	65.760
10240.000000	65.148
10388.944230	64.430
10540.054903	63.663
10693.363532	62.906
10848.902086	62.202
11006.703001	61.560
11166.799182	60.975
11329.224017	60.449
11494.011375	59.973
11661.195620	59.602
11830.811616	59.314
12002.894734	59.146
12177.480858	59.029
12354.606395	58.925
12534.308283	58.774
12716.623996	58.553
12901.591551	58.327
13089.249521	58.118
13279.637040	58.022
13472.793808	58.099
13668.760107	58.384
13867.576801	58.870
14069.285350	59.511
14273.927818	60.234
14481.546879	60.949
14692.185828	61.479
14905.888592	61.681
15122.699734	61.475
15342.664467	60.847
15565.828661	59.853
15792.238852	58.609
16021.942256	57.269
16254.986772	55.999
16491.420999	54.957
16731.294241	54.202
16974.656520	53.602
17221.558584	52.971
17472.051922	52.176
17726.188769	51.133
17984.022122	49.804
18245.605748	48.202
18510.994194	46.384
18780.242805	44.502
19053.407727	42.607
19330.545924	40.427
19611.715189	37.856
19896.974155	35.558
20186.382308	34.867
