20.000000	98.633
20.290907	98.682
20.586045	98.731
20.885476	98.782
21.189262	98.835
21.497467	98.891
21.810155	98.950
22.127391	99.012
22.449241	99.076
22.775773	99.144
23.107054	99.214
23.443154	99.285
23.784142	99.355
24.130091	99.423
24.481071	99.488
24.837156	99.550
25.198421	99.607
25.564940	99.660
25.936791	99.710
26.314050	99.758
26.696797	99.805
27.085111	99.852
27.479073	99.900
27.878765	99.948
28.284271	99.999
28.695675	100.050
29.113064	100.103
29.536523	100.157
29.966142	100.210
30.402009	100.262
30.844217	100.310
31.292856	100.356
31.748021	100.397
32.209807	100.435
32.678309	100.469
33.153626	100.501
33.635857	100.529
34.125101	100.555
34.621462	100.578
35.125043	100.598
35.635949	100.614
36.154286	100.625
36.680162	100.630
37.213687	100.627
37.754973	100.617
38.304131	100.599
38.861278	100.574
39.426528	100.543
40.000000	100.508
40.581813	100.471
41.172089	100.434
41.770951	100.396
42.378524	100.357
42.994934	100.317
43.620309	100.276
44.254781	100.233
44.898482	100.189
45.551545	100.147
46.214108	100.108
46.886308	100.074
47.568285	100.044
48.260181	100.020
48.962142	99.999
49.674312	99.982
50.396842	99.968
51.129881	99.958
51.873582	99.951
52.628101	99.946
53.393594	99.938
54.170222	99.928
54.958146	99.914
55.757531	99.895
56.568542	99.873
57.391351	99.847
58.226127	99.819
59.073046	99.792
59.932283	99.768
60.804018	99.748
61.688433	99.733
62.585712	99.725
63.496042	99.721
64.419613	99.719
65.356618	99.715
66.307252	99.706
67.271713	99.688
68.250203	99.662
69.242925	99.630
70.250086	99.593
71.271897	99.558
72.308571	99.530
73.360323	99.514
74.427374	99.514
75.509945	99.530
76.608262	99.562
77.722555	99.607
78.853056	99.662
80.000000	99.723
81.163627	99.785
82.344179	99.845
83.541903	99.898
84.757048	99.942
85.989867	99.972
87.240619	99.987
88.509563	99.985
89.796964	99.966
91.103091	99.932
92.428216	99.885
93.772615	99.826
95.136569	99.760
96.520362	99.688
97.924283	99.613
99.348625	99.535
100.793684	99.457
102.259762	99.379
103.747164	99.304
105.256202	99.233
106.787188	99.166
108.340444	99.103
109.916292	99.043
111.515061	98.983
113.137085	98.922
114.782702	98.856
116.452255	98.783
118.146092	98.699
119.864566	98.604
121.608036	98.495
123.376866	98.371
125.171424	98.233
126.992084	98.079
128.839227	97.909
130.713236	97.725
132.614504	97.526
134.543426	97.314
136.500406	97.090
138.485850	96.855
140.500173	96.609
142.543795	96.354
144.617142	96.095
146.720647	95.834
148.854748	95.577
151.019890	95.327
153.216525	95.088
155.445111	94.860
157.706112	94.639
160.000000	94.419
162.327254	94.194
164.688358	93.965
167.083805	93.730
169.514095	93.495
171.979734	93.266
174.481237	93.051
177.019125	92.858
179.593928	92.695
182.206182	92.566
184.856431	92.470
187.545230	92.400
190.273138	92.346
193.040725	92.300
195.848567	92.252
198.697250	92.198
201.587368	92.134
204.519524	92.061
207.494329	91.982
210.512403	91.899
213.574377	91.815
216.680888	91.734
219.832584	91.658
223.030122	91.589
226.274170	91.530
229.565404	91.482
232.904509	91.446
236.292183	91.421
239.729132	91.406
243.216073	91.398
246.753732	91.398
250.342848	91.405
253.984168	91.418
257.678453	91.435
261.426473	91.458
265.229008	91.485
269.086853	91.515
273.000811	91.549
276.971700	91.585
281.000346	91.622
285.087590	91.661
289.234284	91.699
293.441294	91.736
297.709496	91.774
302.039780	91.814
306.433050	91.856
310.890221	91.902
315.412224	91.949
320.000000	91.993
324.654507	92.033
329.376716	92.066
334.167610	92.093
339.028190	92.116
343.959469	92.137
348.962474	92.159
354.038251	92.184
359.187855	92.210
364.412363	92.236
369.712863	92.260
375.090460	92.283
380.546277	92.308
386.081450	92.334
391.697134	92.364
397.394500	92.395
403.174736	92.427
409.039048	92.459
414.988657	92.492
421.024807	92.528
427.148753	92.568
433.361775	92.614
439.665167	92.665
446.060244	92.720
452.548340	92.780
459.130807	92.842
465.809019	92.906
472.584367	92.972
479.458265	93.038
486.432146	93.104
493.507464	93.166
500.685695	93.223
507.968337	93.274
515.356906	93.319
522.852945	93.358
530.458016	93.394
538.173706	93.427
546.001623	93.458
553.943399	93.489
562.000691	93.522
570.175180	93.556
578.468569	93.593
586.882588	93.633
595.418991	93.676
604.079560	93.722
612.866100	93.770
621.780442	93.819
630.824447	93.868
640.000000	93.915
649.309014	93.960
658.753431	94.001
668.335221	94.041
678.056380	94.083
687.918938	94.126
697.924949	94.172
708.076501	94.218
718.375711	94.265
728.824726	94.308
739.425726	94.349
750.180921	94.390
761.092554	94.430
772.162900	94.470
783.394268	94.508
794.789000	94.542
806.349472	94.572
818.078095	94.598
829.977315	94.619
842.049613	94.635
854.297507	94.643
866.723550	94.644
879.330334	94.639
892.120489	94.627
905.096680	94.610
918.261614	94.588
931.618037	94.563
945.168733	94.534
958.916529	94.505
972.864291	94.476
987.014928	94.448
1001.371391	94.415
1015.936673	94.372
1030.713812	94.312
1045.705890	94.236
1060.916032	94.150
1076.347412	94.062
1092.003245	93.976
1107.886798	93.896
1124.001383	93.821
1140.350359	93.752
1156.937137	93.694
1173.765175	93.649
1190.837983	93.616
1208.159120	93.595
1225.732199	93.581
1243.560885	93.574
1261.648894	93.575
1280.000000	93.588
1298.618029	93.613
1317.506863	93.647
1336.670442	93.687
1356.112761	93.728
1375.837875	93.770
1395.849898	93.814
1416.153002	93.864
1436.751422	93.924
1457.649452	93.994
1478.851452	94.070
1500.361842	94.148
1522.185107	94.229
1544.325799	94.315
1566.788535	94.409
1589.577999	94.517
1612.698944	94.647
1636.156190	94.804
1659.954630	94.984
1684.099226	95.179
1708.595013	95.382
1733.447100	95.595
1758.660669	95.832
1784.240977	96.098
1810.193360	96.385
1836.523229	96.681
1863.236074	96.981
1890.337467	97.287
1917.833058	97.603
1945.728583	97.928
1974.029857	98.260
2002.742782	98.596
2031.873347	98.931
2061.427625	99.261
2091.411780	99.578
2121.832065	99.881
2152.694823	100.175
2184.006490	100.453
2215.773596	100.692
2248.002765	100.843
2280.700718	100.845
2313.874274	100.651
2347.530351	100.245
2381.675966	99.650
2416.318240	98.907
2451.464399	98.102
2487.121769	97.468
2523.297789	97.282
2560.000000	97.604
2597.236057	98.276
2635.013726	99.062
2673.340883	99.740
2712.225522	100.206
2751.675750	100.474
2791.699796	100.571
2832.306004	100.452
2873.502844	99.991
2915.298905	99.062
2957.702904	97.730
3000.723683	96.499
3044.370214	95.970
3088.651599	96.283
3133.577071	97.170
3179.155999	98.196
3225.397888	98.995
3272.312380	99.525
3319.909260	99.881
3368.198452	100.122
3417.190027	100.265
3466.894200	100.312
3517.321337	100.274
3568.481954	100.169
3620.386720	100.014
3673.046457	99.819
3726.472148	99.589
3780.674934	99.329
3835.666117	99.038
3891.457165	98.711
3948.059713	98.340
4005.485564	97.895
4063.746693	97.338
4122.855250	96.648
4182.823560	95.799
4243.664130	94.748
4305.389646	93.454
4368.012981	91.929
4431.547192	90.466
4496.005531	89.746
4561.401437	90.180
4627.748549	91.354
4695.060701	92.708
4763.351932	94.000
4832.636481	95.141
4902.928797	96.111
4974.243539	96.960
5046.595577	97.724
5120.000000	98.366
5194.472115	98.701
5270.027452	98.240
5346.681766	96.674
5424.451043	95.186
5503.351500	95.640
5583.399591	97.084
5664.612008	97.737
5747.005687	97.458
5830.597810	97.530
5915.405808	98.613
6001.447367	99.675
6088.740429	99.952
6177.303198	99.558
6267.154142	98.751
6358.311998	97.720
6450.795775	96.684
6544.624761	95.816
6639.818520	95.288
6736.396904	95.258
6834.380053	95.545
6933.788400	95.809
7034.642675	95.881
7136.963909	95.798
7240.773439	95.648
7346.092914	95.477
7452.944296	95.380
7561.349867	95.496
7671.332234	95.882
7782.914330	96.569
7896.119426	97.608
8010.971128	98.865
8127.493386	100.048
8245.710500	100.859
8365.647121	100.928
8487.328260	100.240
8610.779292	99.104
8736.025961	97.837
8863.094385	96.625
8992.011061	95.559
9122.802874	94.678
9255.497097	93.987
9390.121402	93.383
9526.703863	92.767
9665.272962	92.125
9805.857594	91.402
9948.487077	90.384
10093.191154	88.729
10240.000000	86.736
10388.944230	85.776
10540.054903	86.626
10693.363532	88.727
10848.902086	91.192
11006.703001	93.357
11166.799182	94.946
11329.224017	96.191
11494.011375	97.605
11661.195620	99.106
11830.811616	100.398
12002.894734	101.372
12177.480858	101.807
12354.606395	101.583
12534.308283	100.939
12716.623996	100.074
12901.591551	98.932
13089.249521	97.367
13279.637040	95.398
13472.793808	93.509
13668.760107	92.044
13867.576801	90.833
14069.285350	89.463
14273.927818	87.876
14481.546879	86.392
14692.185828	85.100
14905.888592	85.165
15122.699734	86.294
15342.664467	85.720
15565.828661	83.564
15792.238852	82.428
16021.942256	83.947
16254.986772	86.591
16491.420999	89.133
16731.294241	90.801
16974.656520	91.393
17221.558584	91.541
17472.051922	91.659
17726.188769	91.109
17984.022122	89.170
18245.605748	86.208
18510.994194	83.417
18780.242805	82.988
19053.407727	85.168
19330.545924	87.263
19611.715189	88.194
19896.974155	88.412
20186.382308	88.411
