20.000000	104.235
20.290907	104.247
20.586045	104.259
20.885476	104.271
21.189262	104.282
21.497467	104.292
21.810155	104.301
22.127391	104.311
22.449241	104.319
22.775773	104.328
23.107054	104.335
23.443154	104.341
23.784142	104.345
24.130091	104.346
24.481071	104.346
24.837156	104.344
25.198421	104.339
25.564940	104.331
25.936791	104.322
26.314050	104.310
26.696797	104.296
27.085111	104.279
27.479073	104.260
27.878765	104.240
28.284271	104.220
28.695675	104.203
29.113064	104.192
29.536523	104.184
29.966142	104.178
30.402009	104.167
30.844217	104.150
31.292856	104.127
31.748021	104.099
32.209807	104.070
32.678309	104.041
33.153626	104.012
33.635857	103.985
34.125101	103.961
34.621462	103.939
35.125043	103.921
35.635949	103.904
36.154286	103.887
36.680162	103.868
37.213687	103.844
37.754973	103.815
38.304131	103.779
38.861278	103.737
39.426528	103.690
40.000000	103.639
40.581813	103.585
41.172089	103.531
41.770951	103.478
42.378524	103.425
42.994934	103.373
43.620309	103.324
44.254781	103.278
44.898482	103.236
45.551545	103.200
46.214108	103.165
46.886308	103.128
47.568285	103.088
48.260181	103.044
48.962142	102.997
49.674312	102.949
50.396842	102.902
51.129881	102.856
51.873582	102.810
52.628101	102.762
53.393594	102.711
54.170222	102.657
54.958146	102.600
55.757531	102.542
56.568542	102.482
57.391351	102.420
58.226127	102.357
59.073046	102.293
59.932283	102.229
60.804018	102.165
61.688433	102.101
62.585712	102.037
63.496042	101.974
64.419613	101.911
65.356618	101.847
66.307252	101.782
67.271713	101.715
68.250203	101.647
69.242925	101.577
70.250086	101.506
71.271897	101.434
72.308571	101.361
73.360323	101.288
74.427374	101.215
75.509945	101.143
76.608262	101.070
77.722555	100.996
78.853056	100.921
80.000000	100.844
81.163627	100.766
82.344179	100.687
83.541903	100.608
84.757048	100.529
85.989867	100.450
87.240619	100.369
88.509563	100.288
89.796964	100.204
91.103091	100.119
92.428216	100.033
93.772615	99.945
95.136569	99.857
96.520362	99.767
97.924283	99.675
99.348625	99.583
100.793684	99.489
102.259762	99.395
103.747164	99.303
105.256202	99.214
106.787188	99.128
108.340444	99.048
109.916292	98.974
111.515061	98.907
113.137085	98.848
114.782702	98.797
116.452255	98.750
118.146092	98.706
119.864566	98.660
121.608036	98.611
123.376866	98.554
125.171424	98.489
126.992084	98.414
128.839227	98.330
130.713236	98.237
132.614504	98.138
134.543426	98.036
136.500406	97.932
138.485850	97.828
140.500173	97.728
142.543795	97.635
144.617142	97.552
146.720647	97.480
148.854748	97.422
151.019890	97.376
153.216525	97.341
155.445111	97.309
157.706112	97.276
160.000000	97.235
162.327254	97.185
164.688358	97.124
167.083805	97.052
169.514095	96.972
171.979734	96.883
174.481237	96.788
177.019125	96.690
179.593928	96.592
182.206182	96.495
184.856431	96.403
187.545230	96.314
190.273138	96.228
193.040725	96.143
195.848567	96.059
198.697250	95.975
201.587368	95.890
204.519524	95.805
207.494329	95.721
210.512403	95.640
213.574377	95.562
216.680888	95.490
219.832584	95.423
223.030122	95.362
226.274170	95.307
229.565404	95.256
232.904509	95.209
236.292183	95.161
239.729132	95.112
243.216073	95.061
246.753732	95.006
250.342848	94.948
253.984168	94.887
257.678453	94.825
261.426473	94.762
265.229008	94.698
269.086853	94.635
273.000811	94.573
276.971700	94.513
281.000346	94.454
285.087590	94.398
289.234284	94.342
293.441294	94.287
297.709496	94.233
302.039780	94.180
306.433050	94.130
310.890221	94.082
315.412224	94.037
320.000000	93.993
324.654507	93.949
329.376716	93.903
334.167610	93.857
339.028190	93.812
343.959469	93.768
348.962474	93.729
354.038251	93.693
359.187855	93.659
364.412363	93.626
369.712863	93.593
375.090460	93.560
380.546277	93.528
386.081450	93.498
391.697134	93.469
397.394500	93.441
403.174736	93.413
409.039048	93.386
414.988657	93.359
421.024807	93.334
427.148753	93.310
433.361775	93.288
439.665167	93.266
446.060244	93.246
452.548340	93.226
459.130807	93.205
465.809019	93.185
472.584367	93.164
479.458265	93.142
486.432146	93.121
493.507464	93.098
500.685695	93.075
507.968337	93.052
515.356906	93.030
522.852945	93.010
530.458016	92.993
538.173706	92.978
546.001623	92.965
553.943399	92.955
562.000691	92.947
570.175180	92.942
578.468569	92.941
586.882588	92.942
595.418991	92.946
604.079560	92.951
612.866100	92.959
621.780442	92.969
630.824447	92.981
640.000000	92.995
649.309014	93.009
658.753431	93.023
668.335221	93.040
678.056380	93.060
687.918938	93.085
697.924949	93.115
708.076501	93.147
718.375711	93.181
728.824726	93.214
739.425726	93.247
750.180921	93.280
761.092554	93.316
772.162900	93.356
783.394268	93.399
794.789000	93.446
806.349472	93.497
818.078095	93.550
829.977315	93.606
842.049613	93.664
854.297507	93.725
866.723550	93.789
879.330334	93.857
892.120489	93.930
905.096680	94.010
918.261614	94.094
931.618037	94.183
945.168733	94.274
958.916529	94.368
972.864291	94.465
987.014928	94.564
1001.371391	94.667
1015.936673	94.772
1030.713812	94.877
1045.705890	94.983
1060.916032	95.090
1076.347412	95.197
1092.003245	95.305
1107.886798	95.412
1124.001383	95.520
1140.350359	95.628
1156.937137	95.734
1173.765175	95.838
1190.837983	95.941
1208.159120	96.042
1225.732199	96.142
1243.560885	96.241
1261.648894	96.338
1280.000000	96.432
1298.618029	96.522
1317.506863	96.610
1336.670442	96.697
1356.112761	96.784
1375.837875	96.871
1395.849898	96.957
1416.153002	97.045
1436.751422	97.136
1457.649452	97.230
1478.851452	97.321
1500.361842	97.406
1522.185107	97.486
1544.325799	97.565
1566.788535	97.645
1589.577999	97.733
1612.698944	97.837
1636.156190	97.962
1659.954630	98.104
1684.099226	98.257
1708.595013	98.413
1733.447100	98.567
1758.660669	98.720
1784.240977	98.874
1810.193360	99.027
1836.523229	99.177
1863.236074	99.331
1890.337467	99.495
1917.833058	99.673
1945.728583	99.863
1974.029857	100.059
2002.742782	100.253
2031.873347	100.447
2061.427625	100.642
2091.411780	100.840
2121.832065	101.045
2152.694823	101.262
2184.006490	101.493
2215.773596	101.738
2248.002765	101.994
2280.700718	102.251
2313.874274	102.506
2347.530351	102.756
2381.675966	103.002
2416.318240	103.243
2451.464399	103.473
2487.121769	103.677
2523.297789	103.841
2560.000000	103.941
2597.236057	103.952
2635.013726	103.848
2673.340883	103.622
2712.225522	103.287
2751.675750	102.862
2791.699796	102.373
2832.306004	101.853
2873.502844	101.334
2915.298905	100.850
2957.702904	100.441
3000.723683	100.136
3044.370214	99.940
3088.651599	99.835
3133.577071	99.796
3179.155999	99.799
3225.397888	99.827
3272.312380	99.872
3319.909260	99.926
3368.198452	99.979
3417.190027	100.010
3466.894200	100.006
3517.321337	99.992
3568.481954	100.009
3620.386720	100.068
3673.046457	100.175
3726.472148	100.348
3780.674934	100.603
3835.666117	100.926
3891.457165	101.286
3948.059713	101.656
4005.485564	102.003
4063.746693	102.281
4122.855250	102.484
4182.823560	102.655
4243.664130	102.800
4305.389646	102.874
4368.012981	102.833
4431.547192	102.647
4496.005531	102.295
4561.401437	101.780
4627.748549	101.131
4695.060701	100.422
4763.351932	99.717
4832.636481	99.073
4902.928797	98.544
4974.243539	98.167
5046.595577	97.939
5120.000000	97.822
5194.472115	97.768
5270.027452	97.736
5346.681766	97.677
5424.451043	97.535
5503.351500	97.276
5583.399591	96.907
5664.612008	96.457
5747.005687	95.907
5830.597810	95.149
5915.405808	94.218
6001.447367	93.520
6088.740429	93.176
6177.303198	92.983
6267.154142	92.853
6358.311998	92.796
6450.795775	92.819
6544.624761	92.920
6639.818520	93.098
6736.396904	93.356
6834.380053	93.696
6933.788400	94.128
7034.642675	94.663
7136.963909	95.311
7240.773439	96.089
7346.092914	97.012
7452.944296	98.093
7561.349867	99.331
7671.332234	100.693
7782.914330	102.064
7896.119426	103.230
8010.971128	103.955
8127.493386	104.111
8245.710500	103.760
8365.647121	103.113
8487.328260	102.402
8610.779292	101.807
8736.025961	101.440
8863.094385	101.317
8992.011061	101.409
9122.802874	101.657
9255.497097	101.946
9390.121402	102.076
9526.703863	101.828
9665.272962	101.095
9805.857594	99.955
9948.487077	98.613
10093.191154	97.277
10240.000000	96.091
10388.944230	95.082
10540.054903	94.188
10693.363532	93.377
10848.902086	92.643
11006.703001	92.033
11166.799182	91.665
11329.224017	91.561
11494.011375	91.678
11661.195620	91.898
11830.811616	92.082
12002.894734	92.156
12177.480858	92.104
12354.606395	91.976
12534.308283	91.843
12716.623996	91.796
12901.591551	91.810
13089.249521	91.657
13279.637040	91.088
13472.793808	89.973
13668.760107	88.326
13867.576801	86.366
14069.285350	84.390
14273.927818	82.593
14481.546879	81.007
14692.185828	79.564
14905.888592	78.590
15122.699734	78.984
15342.664467	80.328
15565.828661	82.391
15792.238852	84.574
16021.942256	86.190
16254.986772	87.118
16491.420999	87.768
16731.294241	88.659
16974.656520	90.479
17221.558584	92.556
17472.051922	91.847
17726.188769	86.602
17984.022122	77.873
18245.605748	68.420
18510.994194	66.953
18780.242805	69.960
19053.407727	72.218
19330.545924	73.850
19611.715189	75.083
19896.974155	76.261
20186.382308	76.295
