20.000000	100.767
20.290907	100.748
20.586045	100.730
20.885476	100.715
21.189262	100.706
21.497467	100.704
21.810155	100.706
22.127391	100.712
22.449241	100.716
22.775773	100.716
23.107054	100.707
23.443154	100.684
23.784142	100.645
24.130091	100.586
24.481071	100.506
24.837156	100.402
25.198421	100.275
25.564940	100.128
25.936791	99.965
26.314050	99.791
26.696797	99.611
27.085111	99.433
27.479073	99.265
27.878765	99.115
28.284271	98.991
28.695675	98.899
29.113064	98.845
29.536523	98.832
29.966142	98.855
30.402009	98.909
30.844217	98.981
31.292856	99.058
31.748021	99.123
32.209807	99.163
32.678309	99.167
33.153626	99.133
33.635857	99.061
34.125101	98.954
34.621462	98.818
35.125043	98.661
35.635949	98.493
36.154286	98.324
36.680162	98.163
37.213687	98.015
37.754973	97.880
38.304131	97.756
38.861278	97.640
39.426528	97.531
40.000000	97.428
40.581813	97.329
41.172089	97.237
41.770951	97.149
42.378524	97.063
42.994934	96.972
43.620309	96.871
44.254781	96.761
44.898482	96.646
45.551545	96.530
46.214108	96.419
46.886308	96.314
47.568285	96.218
48.260181	96.130
48.962142	96.054
49.674312	95.993
50.396842	95.949
51.129881	95.922
51.873582	95.912
52.628101	95.916
53.393594	95.933
54.170222	95.960
54.958146	95.995
55.757531	96.035
56.568542	96.079
57.391351	96.128
58.226127	96.181
59.073046	96.242
59.932283	96.315
60.804018	96.403
61.688433	96.511
62.585712	96.639
63.496042	96.789
64.419613	96.956
65.356618	97.137
66.307252	97.326
67.271713	97.519
68.250203	97.711
69.242925	97.899
70.250086	98.080
71.271897	98.253
72.308571	98.416
73.360323	98.569
74.427374	98.712
75.509945	98.845
76.608262	98.967
77.722555	99.079
78.853056	99.180
80.000000	99.270
81.163627	99.349
82.344179	99.419
83.541903	99.480
84.757048	99.532
85.989867	99.576
87.240619	99.611
88.509563	99.637
89.796964	99.654
91.103091	99.661
92.428216	99.656
93.772615	99.641
95.136569	99.613
96.520362	99.572
97.924283	99.516
99.348625	99.446
100.793684	99.363
102.259762	99.266
103.747164	99.157
105.256202	99.038
106.787188	98.909
108.340444	98.770
109.916292	98.623
111.515061	98.470
113.137085	98.313
114.782702	98.154
116.452255	97.994
118.146092	97.835
119.864566	97.678
121.608036	97.524
123.376866	97.375
125.171424	97.231
126.992084	97.092
128.839227	96.960
130.713236	96.833
132.614504	96.711
134.543426	96.595
136.500406	96.484
138.485850	96.375
140.500173	96.269
142.543795	96.164
144.617142	96.061
146.720647	95.959
148.854748	95.859
151.019890	95.762
153.216525	95.667
155.445111	95.574
157.706112	95.479
160.000000	95.379
162.327254	95.271
164.688358	95.155
167.083805	95.030
169.514095	94.898
171.979734	94.764
174.481237	94.635
177.019125	94.517
179.593928	94.419
182.206182	94.346
184.856431	94.300
187.545230	94.279
190.273138	94.278
193.040725	94.289
195.848567	94.305
198.697250	94.318
201.587368	94.322
204.519524	94.314
207.494329	94.293
210.512403	94.257
213.574377	94.209
216.680888	94.152
219.832584	94.090
223.030122	94.024
226.274170	93.957
229.565404	93.890
232.904509	93.823
236.292183	93.755
239.729132	93.688
243.216073	93.623
246.753732	93.560
250.342848	93.502
253.984168	93.447
257.678453	93.395
261.426473	93.345
265.229008	93.296
269.086853	93.248
273.000811	93.200
276.971700	93.153
281.000346	93.108
285.087590	93.064
289.234284	93.023
293.441294	92.982
297.709496	92.942
302.039780	92.904
306.433050	92.870
310.890221	92.839
315.412224	92.812
320.000000	92.788
324.654507	92.765
329.376716	92.742
334.167610	92.719
339.028190	92.698
343.959469	92.680
348.962474	92.667
354.038251	92.662
359.187855	92.660
364.412363	92.662
369.712863	92.663
375.090460	92.663
380.546277	92.663
386.081450	92.661
391.697134	92.658
397.394500	92.650
403.174736	92.640
409.039048	92.626
414.988657	92.610
421.024807	92.591
427.148753	92.570
433.361775	92.548
439.665167	92.525
446.060244	92.503
452.548340	92.484
459.130807	92.468
465.809019	92.459
472.584367	92.457
479.458265	92.462
486.432146	92.469
493.507464	92.476
500.685695	92.482
507.968337	92.485
515.356906	92.488
522.852945	92.491
530.458016	92.496
538.173706	92.504
546.001623	92.513
553.943399	92.524
562.000691	92.539
570.175180	92.556
578.468569	92.576
586.882588	92.598
595.418991	92.620
604.079560	92.641
612.866100	92.662
621.780442	92.684
630.824447	92.708
640.000000	92.733
649.309014	92.761
658.753431	92.792
668.335221	92.829
678.056380	92.872
687.918938	92.924
697.924949	92.983
708.076501	93.047
718.375711	93.114
728.824726	93.180
739.425726	93.243
750.180921	93.303
761.092554	93.364
772.162900	93.424
783.394268	93.484
794.789000	93.543
806.349472	93.598
818.078095	93.644
829.977315	93.679
842.049613	93.697
854.297507	93.698
866.723550	93.686
879.330334	93.668
892.120489	93.653
905.096680	93.646
918.261614	93.647
931.618037	93.652
945.168733	93.655
958.916529	93.654
972.864291	93.648
987.014928	93.638
1001.371391	93.629
1015.936673	93.618
1030.713812	93.599
1045.705890	93.568
1060.916032	93.530
1076.347412	93.487
1092.003245	93.445
1107.886798	93.404
1124.001383	93.366
1140.350359	93.329
1156.937137	93.292
1173.765175	93.256
1190.837983	93.224
1208.159120	93.199
1225.732199	93.185
1243.560885	93.185
1261.648894	93.204
1280.000000	93.240
1298.618029	93.294
1317.506863	93.362
1336.670442	93.441
1356.112761	93.528
1375.837875	93.624
1395.849898	93.730
1416.153002	93.852
1436.751422	93.988
1457.649452	94.133
1478.851452	94.277
1500.361842	94.409
1522.185107	94.523
1544.325799	94.619
1566.788535	94.704
1589.577999	94.795
1612.698944	94.903
1636.156190	95.028
1659.954630	95.165
1684.099226	95.309
1708.595013	95.450
1733.447100	95.577
1758.660669	95.680
1784.240977	95.746
1810.193360	95.761
1836.523229	95.705
1863.236074	95.570
1890.337467	95.353
1917.833058	95.063
1945.728583	94.725
1974.029857	94.387
2002.742782	94.105
2031.873347	93.928
2061.427625	93.869
2091.411780	93.902
2121.832065	93.978
2152.694823	94.054
2184.006490	94.121
2215.773596	94.202
2248.002765	94.328
2280.700718	94.513
2313.874274	94.748
2347.530351	95.011
2381.675966	95.282
2416.318240	95.549
2451.464399	95.814
2487.121769	96.080
2523.297789	96.359
2560.000000	96.667
2597.236057	97.011
2635.013726	97.395
2673.340883	97.817
2712.225522	98.271
2751.675750	98.748
2791.699796	99.235
2832.306004	99.704
2873.502844	100.126
2915.298905	100.485
2957.702904	100.784
3000.723683	101.026
3044.370214	101.211
3088.651599	101.336
3133.577071	101.404
3179.155999	101.423
3225.397888	101.396
3272.312380	101.327
3319.909260	101.218
3368.198452	101.069
3417.190027	100.872
3466.894200	100.627
3517.321337	100.356
3568.481954	100.106
3620.386720	99.932
3673.046457	99.871
3726.472148	99.923
3780.674934	100.034
3835.666117	100.123
3891.457165	100.133
3948.059713	100.050
4005.485564	99.875
4063.746693	99.630
4122.855250	99.350
4182.823560	99.066
4243.664130	98.804
4305.389646	98.584
4368.012981	98.420
4431.547192	98.309
4496.005531	98.245
4561.401437	98.217
4627.748549	98.215
4695.060701	98.254
4763.351932	98.394
4832.636481	98.693
4902.928797	99.144
4974.243539	99.656
5046.595577	100.105
5120.000000	100.430
5194.472115	100.697
5270.027452	101.060
5346.681766	101.670
5424.451043	102.547
5503.351500	103.380
5583.399591	103.581
5664.612008	102.743
5747.005687	100.963
5830.597810	98.670
5915.405808	96.279
6001.447367	94.092
6088.740429	92.340
6177.303198	91.190
6267.154142	90.638
6358.311998	90.690
6450.795775	91.566
6544.624761	93.107
6639.818520	94.538
6736.396904	95.302
6834.380053	95.455
6933.788400	95.325
7034.642675	95.189
7136.963909	95.248
7240.773439	95.570
7346.092914	95.982
7452.944296	96.266
7561.349867	96.341
7671.332234	96.089
7782.914330	95.225
7896.119426	93.879
8010.971128	93.262
8127.493386	94.326
8245.710500	96.331
8365.647121	97.880
8487.328260	98.192
8610.779292	97.333
8736.025961	95.676
8863.094385	93.822
8992.011061	92.693
9122.802874	92.605
9255.497097	93.049
9390.121402	93.603
9526.703863	93.940
9665.272962	93.845
9805.857594	93.294
9948.487077	92.365
10093.191154	91.247
10240.000000	90.243
10388.944230	89.364
10540.054903	88.548
10693.363532	88.303
10848.902086	88.973
11006.703001	90.239
11166.799182	91.395
11329.224017	91.476
11494.011375	89.961
11661.195620	88.015
11830.811616	87.711
12002.894734	88.968
12177.480858	90.560
12354.606395	91.765
12534.308283	92.316
12716.623996	91.601
12901.591551	90.149
13089.249521	90.175
13279.637040	91.054
13472.793808	91.028
13668.760107	90.471
13867.576801	89.855
14069.285350	89.453
14273.927818	90.120
14481.546879	91.659
14692.185828	92.095
14905.888592	90.467
15122.699734	88.004
15342.664467	88.159
15565.828661	88.878
15792.238852	88.821
16021.942256	87.991
16254.986772	87.666
16491.420999	89.546
16731.294241	92.205
16974.656520	93.664
17221.558584	92.259
17472.051922	86.982
17726.188769	80.500
17984.022122	81.474
18245.605748	83.960
18510.994194	85.533
18780.242805	87.672
19053.407727	90.131
19330.545924	91.027
19611.715189	89.638
19896.974155	87.962
20186.382308	87.926
