20.000000	94.621
20.290907	94.560
20.586045	94.499
20.885476	94.438
21.189262	94.378
21.497467	94.319
21.810155	94.261
22.127391	94.207
22.449241	94.155
22.775773	94.105
23.107054	94.057
23.443154	94.010
23.784142	93.961
24.130091	93.911
24.481071	93.857
24.837156	93.798
25.198421	93.735
25.564940	93.668
25.936791	93.596
26.314050	93.521
26.696797	93.444
27.085111	93.367
27.479073	93.293
27.878765	93.223
28.284271	93.160
28.695675	93.104
29.113064	93.054
29.536523	93.007
29.966142	92.960
30.402009	92.912
30.844217	92.862
31.292856	92.809
31.748021	92.751
32.209807	92.688
32.678309	92.619
33.153626	92.546
33.635857	92.469
34.125101	92.391
34.621462	92.311
35.125043	92.230
35.635949	92.148
36.154286	92.064
36.680162	91.977
37.213687	91.888
37.754973	91.798
38.304131	91.707
38.861278	91.616
39.426528	91.526
40.000000	91.439
40.581813	91.357
41.172089	91.284
41.770951	91.222
42.378524	91.169
42.994934	91.123
43.620309	91.081
44.254781	91.042
44.898482	91.004
45.551545	90.970
46.214108	90.943
46.886308	90.927
47.568285	90.924
48.260181	90.937
48.962142	90.965
49.674312	91.007
50.396842	91.061
51.129881	91.130
51.873582	91.214
52.628101	91.313
53.393594	91.423
54.170222	91.540
54.958146	91.659
55.757531	91.775
56.568542	91.882
57.391351	91.974
58.226127	92.046
59.073046	92.093
59.932283	92.109
60.804018	92.093
61.688433	92.044
62.585712	91.964
63.496042	91.856
64.419613	91.725
65.356618	91.577
66.307252	91.420
67.271713	91.259
68.250203	91.096
69.242925	90.936
70.250086	90.782
71.271897	90.636
72.308571	90.496
73.360323	90.361
74.427374	90.229
75.509945	90.095
76.608262	89.960
77.722555	89.822
78.853056	89.683
80.000000	89.540
81.163627	89.392
82.344179	89.240
83.541903	89.087
84.757048	88.939
85.989867	88.802
87.240619	88.677
88.509563	88.564
89.796964	88.462
91.103091	88.371
92.428216	88.291
93.772615	88.221
95.136569	88.162
96.520362	88.112
97.924283	88.071
99.348625	88.037
100.793684	88.007
102.259762	87.984
103.747164	87.962
105.256202	87.941
106.787188	87.919
108.340444	87.896
109.916292	87.871
111.515061	87.843
113.137085	87.812
114.782702	87.782
116.452255	87.753
118.146092	87.724
119.864566	87.691
121.608036	87.656
123.376866	87.624
125.171424	87.592
126.992084	87.559
128.839227	87.520
130.713236	87.477
132.614504	87.433
134.543426	87.392
136.500406	87.357
138.485850	87.326
140.500173	87.296
142.543795	87.267
144.617142	87.238
146.720647	87.206
148.854748	87.170
151.019890	87.134
153.216525	87.105
155.445111	87.079
157.706112	87.051
160.000000	87.017
162.327254	86.978
164.688358	86.934
167.083805	86.887
169.514095	86.838
171.979734	86.786
174.481237	86.736
177.019125	86.690
179.593928	86.647
182.206182	86.609
184.856431	86.583
187.545230	86.572
190.273138	86.579
193.040725	86.602
195.848567	86.636
198.697250	86.673
201.587368	86.713
204.519524	86.754
207.494329	86.792
210.512403	86.827
213.574377	86.859
216.680888	86.889
219.832584	86.919
223.030122	86.945
226.274170	86.968
229.565404	86.990
232.904509	87.008
236.292183	87.018
239.729132	87.017
243.216073	87.009
246.753732	87.004
250.342848	87.011
253.984168	87.034
257.678453	87.070
261.426473	87.115
265.229008	87.167
269.086853	87.220
273.000811	87.274
276.971700	87.326
281.000346	87.373
285.087590	87.413
289.234284	87.448
293.441294	87.477
297.709496	87.497
302.039780	87.508
306.433050	87.510
310.890221	87.506
315.412224	87.499
320.000000	87.488
324.654507	87.471
329.376716	87.441
334.167610	87.398
339.028190	87.345
343.959469	87.283
348.962474	87.213
354.038251	87.138
359.187855	87.056
364.412363	86.966
369.712863	86.864
375.090460	86.751
380.546277	86.631
386.081450	86.512
391.697134	86.401
397.394500	86.293
403.174736	86.182
409.039048	86.072
414.988657	85.963
421.024807	85.853
427.148753	85.746
433.361775	85.641
439.665167	85.536
446.060244	85.435
452.548340	85.339
459.130807	85.251
465.809019	85.169
472.584367	85.094
479.458265	85.026
486.432146	84.964
493.507464	84.901
500.685695	84.838
507.968337	84.782
515.356906	84.737
522.852945	84.702
530.458016	84.672
538.173706	84.652
546.001623	84.645
553.943399	84.651
562.000691	84.669
570.175180	84.691
578.468569	84.716
586.882588	84.747
595.418991	84.785
604.079560	84.835
612.866100	84.889
621.780442	84.940
630.824447	84.995
640.000000	85.056
649.309014	85.117
658.753431	85.177
668.335221	85.235
678.056380	85.300
687.918938	85.376
697.924949	85.458
708.076501	85.533
718.375711	85.597
728.824726	85.645
739.425726	85.689
750.180921	85.739
761.092554	85.800
772.162900	85.872
783.394268	85.956
794.789000	86.060
806.349472	86.203
818.078095	86.395
829.977315	86.623
842.049613	86.862
854.297507	87.085
866.723550	87.279
879.330334	87.445
892.120489	87.600
905.096680	87.781
918.261614	87.994
931.618037	88.243
945.168733	88.513
958.916529	88.774
972.864291	88.994
987.014928	89.158
1001.371391	89.275
1015.936673	89.369
1030.713812	89.450
1045.705890	89.517
1060.916032	89.574
1076.347412	89.612
1092.003245	89.620
1107.886798	89.602
1124.001383	89.573
1140.350359	89.541
1156.937137	89.516
1173.765175	89.502
1190.837983	89.495
1208.159120	89.488
1225.732199	89.486
1243.560885	89.491
1261.648894	89.499
1280.000000	89.508
1298.618029	89.512
1317.506863	89.504
1336.670442	89.475
1356.112761	89.437
1375.837875	89.396
1395.849898	89.344
1416.153002	89.270
1436.751422	89.195
1457.649452	89.130
1478.851452	89.081
1500.361842	89.054
1522.185107	89.067
1544.325799	89.158
1566.788535	89.339
1589.577999	89.553
1612.698944	89.729
1636.156190	89.856
1659.954630	89.966
1684.099226	90.086
1708.595013	90.223
1733.447100	90.363
1758.660669	90.502
1784.240977	90.636
1810.193360	90.760
1836.523229	90.879
1863.236074	91.010
1890.337467	91.158
1917.833058	91.329
1945.728583	91.506
1974.029857	91.677
2002.742782	91.867
2031.873347	92.092
2061.427625	92.346
2091.411780	92.611
2121.832065	92.877
2152.694823	93.174
2184.006490	93.507
2215.773596	93.864
2248.002765	94.235
2280.700718	94.664
2313.874274	95.184
2347.530351	95.772
2381.675966	96.404
2416.318240	97.059
2451.464399	97.694
2487.121769	98.289
2523.297789	98.847
2560.000000	99.376
2597.236057	99.843
2635.013726	100.270
2673.340883	100.725
2712.225522	101.231
2751.675750	101.776
2791.699796	102.303
2832.306004	102.765
2873.502844	103.120
2915.298905	103.347
2957.702904	103.453
3000.723683	103.447
3044.370214	103.302
3088.651599	102.963
3133.577071	102.411
3179.155999	101.677
3225.397888	100.835
3272.312380	99.937
3319.909260	99.032
3368.198452	98.199
3417.190027	97.497
3466.894200	96.906
3517.321337	96.370
3568.481954	95.902
3620.386720	95.567
3673.046457	95.432
3726.472148	95.520
3780.674934	95.749
3835.666117	95.960
3891.457165	95.950
3948.059713	95.658
4005.485564	95.182
4063.746693	94.594
4122.855250	93.903
4182.823560	93.103
4243.664130	92.256
4305.389646	91.471
4368.012981	90.784
4431.547192	90.144
4496.005531	89.653
4561.401437	89.523
4627.748549	89.880
4695.060701	90.721
4763.351932	91.921
4832.636481	93.347
4902.928797	94.868
4974.243539	96.353
5046.595577	97.744
5120.000000	98.833
5194.472115	99.056
5270.027452	98.065
5346.681766	96.438
5424.451043	95.183
5503.351500	94.641
5583.399591	94.552
5664.612008	94.611
5747.005687	94.675
5830.597810	94.745
5915.405808	94.869
6001.447367	95.003
6088.740429	95.019
6177.303198	94.807
6267.154142	94.303
6358.311998	93.479
6450.795775	92.390
6544.624761	91.317
6639.818520	90.632
6736.396904	90.529
6834.380053	90.997
6933.788400	91.824
7034.642675	92.723
7136.963909	93.509
7240.773439	94.242
7346.092914	95.060
7452.944296	96.024
7561.349867	96.959
7671.332234	97.536
7782.914330	97.503
7896.119426	97.006
8010.971128	96.417
8127.493386	95.951
8245.710500	95.677
8365.647121	95.715
8487.328260	96.306
8610.779292	97.430
8736.025961	98.446
8863.094385	98.423
8992.011061	97.209
9122.802874	95.515
9255.497097	93.794
9390.121402	91.827
9526.703863	89.583
9665.272962	87.172
9805.857594	84.343
9948.487077	81.099
10093.191154	78.511
10240.000000	78.853
10388.944230	82.934
10540.054903	88.280
10693.363532	92.458
10848.902086	94.445
11006.703001	94.981
11166.799182	95.170
11329.224017	95.523
11494.011375	95.242
11661.195620	93.486
11830.811616	91.018
12002.894734	90.005
12177.480858	90.268
12354.606395	90.169
12534.308283	88.650
12716.623996	86.054
12901.591551	83.162
13089.249521	80.800
13279.637040	80.053
13472.793808	80.294
13668.760107	80.343
13867.576801	80.228
14069.285350	80.383
14273.927818	80.564
14481.546879	80.319
14692.185828	79.628
14905.888592	79.360
15122.699734	80.216
15342.664467	81.204
15565.828661	81.502
15792.238852	81.429
16021.942256	81.597
16254.986772	81.634
16491.420999	80.981
16731.294241	80.545
16974.656520	80.805
17221.558584	80.734
17472.051922	79.450
17726.188769	77.067
17984.022122	73.626
18245.605748	71.560
18510.994194	72.570
18780.242805	74.971
19053.407727	77.773
19330.545924	80.177
19611.715189	82.041
19896.974155	84.768
20186.382308	84.862
