20 81.04
20.2909066988 81.13
20.5860447329 81.21
20.8854756485 81.30
21.1892618872 81.39
21.4974667984 81.49
21.8101546533 81.59
22.1273906578 81.70
22.4492409662 81.82
22.7757726951 81.94
23.1070539374 82.07
23.4431537764 82.20
23.7841423001 82.34
24.130090616 82.48
24.4810708661 82.63
24.8371562415 82.79
25.1984209979 82.96
25.5649404712 83.16
25.936791093 83.36
26.3140504067 83.57
26.6967970834 83.79
27.0851109387 84.01
27.4790729492 84.22
27.878765269 84.40
28.2842712475 84.56
28.6956754462 84.67
29.1130636568 84.73
29.5365229188 84.77
29.9661415375 84.79
30.402009103 84.82
30.8442165082 84.88
31.2928559682 84.96
31.7480210394 85.06
32.209806639 85.18
32.6783090648 85.31
33.1536260154 85.44
33.6358566101 85.58
34.1251014105 85.71
34.6214624402 85.84
35.1250432075 85.97
35.6359487256 86.11
36.1542855356 86.25
36.6801617282 86.39
37.2136869661 86.53
37.7549725073 86.67
38.3041312279 86.82
38.8612776461 86.96
39.4265279456 87.11
40 87.25
40.5818133975 87.40
41.1720894657 87.55
41.7709512971 87.69
42.3785237744 87.84
42.9949335968 87.98
43.6203093066 88.11
44.2547813156 88.25
44.8984819324 88.38
45.5515453903 88.52
46.2141078749 88.66
46.8863075528 88.81
47.5682846001 88.95
48.260181232 89.09
48.9621417322 89.24
49.6743124829 89.38
50.3968419958 89.51
51.1298809424 89.65
51.873582186 89.79
52.6281008133 89.93
53.3935941668 90.07
54.1702218775 90.21
54.9581458983 90.35
55.757530538 90.50
56.5685424949 90.65
57.3913508924 90.80
58.2261273137 90.95
59.0730458376 91.10
59.9322830751 91.25
60.804018206 91.40
61.6884330163 91.54
62.5857119363 91.68
63.4960420787 91.82
64.419613278 91.96
65.3566181296 92.11
66.3072520307 92.25
67.2717132203 92.39
68.2502028209 92.53
69.2429248805 92.66
70.2500864149 92.80
71.2718974512 92.93
72.3085710713 93.07
73.3603234564 93.20
74.4273739322 93.33
75.5099450145 93.46
76.6082624559 93.59
77.7225552923 93.72
78.8530558912 93.85
80 93.97
81.163626795 94.09
82.3441789315 94.21
83.5419025942 94.33
84.7570475487 94.44
85.9898671937 94.56
87.2406186132 94.67
88.5095626311 94.78
89.7969638648 94.89
91.1030907805 94.99
92.4282157498 95.09
93.7726151055 95.19
95.1365692002 95.28
96.520362464 95.37
97.9242834644 95.46
99.3486249659 95.55
100.7936839916 95.63
102.2597618848 95.71
103.7471643721 95.78
105.2562016267 95.86
106.7871883336 95.93
108.340443755 95.99
109.9162917966 96.05
111.5150610759 96.11
113.1370849898 96.17
114.7827017849 96.22
116.4522546274 96.27
118.1460916752 96.32
119.8645661501 96.36
121.6080364119 96.40
123.3768660326 96.43
125.1714238726 96.47
126.9920841575 96.49
128.8392265559 96.51
130.7132362593 96.53
132.6145040614 96.54
134.5434264406 96.56
136.5004056418 96.56
138.485849761 96.57
140.5001728299 96.58
142.5437949025 96.58
144.6171421426 96.58
146.7206469127 96.59
148.8547478643 96.59
151.0198900291 96.59
153.2165249118 96.60
155.4451105846 96.60
157.7061117824 96.60
160 96.59
162.32725359 96.58
164.688357863 96.57
167.0838051884 96.54
169.5140950975 96.51
171.9797343873 96.48
174.4812372264 96.43
177.0191252622 96.39
179.5939277295 96.34
182.2061815611 96.29
184.8564314996 96.25
187.5452302111 96.21
190.2731384004 96.18
193.0407249281 96.15
195.8485669287 96.12
198.6972499318 96.09
201.5873679832 96.07
204.5195237697 96.05
207.4943287442 96.03
210.5124032534 96.01
213.5743766672 95.99
216.6808875099 95.97
219.8325835933 95.95
223.0301221518 95.93
226.2741699797 95.90
229.5654035698 95.88
232.9045092548 95.86
236.2921833503 95.84
239.7291323003 95.82
243.2160728239 95.80
246.7537320653 95.79
250.3428477452 95.77
253.9841683149 95.75
257.6784531119 95.73
261.4264725186 95.71
265.2290081229 95.69
269.0868528812 95.66
273.0008112836 95.63
276.971699522 95.60
281.0003456597 95.57
285.0875898049 95.54
289.2342842852 95.50
293.4412938255 95.47
297.7094957287 95.43
302.0397800581 95.40
306.4330498235 95.38
310.8902211692 95.35
315.4122235649 95.33
320 95.31
324.65450718 95.29
329.3767157259 95.26
334.1676103768 95.22
339.028190195 95.18
343.9594687746 95.13
348.9624744529 95.08
354.0382505244 95.02
359.187855459 94.97
364.4123631221 94.93
369.7128629991 94.89
375.0904604222 94.86
380.5462768009 94.85
386.0814498562 94.84
391.6971338575 94.83
397.3944998635 94.83
403.1747359664 94.83
409.0390475393 94.82
414.9886574883 94.82
421.0248065068 94.82
427.1487533344 94.81
433.3617750198 94.81
439.6651671866 94.80
446.0602443037 94.80
452.5483399594 94.80
459.1308071395 94.79
465.8090185095 94.79
472.5843667007 94.79
479.4582646005 94.78
486.4321456477 94.77
493.5074641306 94.77
500.6856954905 94.76
507.9683366298 94.75
515.3569062238 94.73
522.8529450372 94.72
530.4580162458 94.71
538.1737057624 94.70
546.0016225673 94.69
553.9433990439 94.67
562.0006913195 94.66
570.1751796098 94.64
578.4685685703 94.62
586.882587651 94.60
595.4189914574 94.58
604.0795601163 94.55
612.8660996471 94.52
621.7804423383 94.49
630.8244471297 94.46
640 94.43
649.30901436 94.40
658.7534314519 94.37
668.3352207536 94.35
678.05638039 94.33
687.9189375493 94.32
697.9249489058 94.31
708.0765010489 94.30
718.375710918 94.30
728.8247262443 94.29
739.4257259983 94.28
750.1809208443 94.27
761.0925536018 94.26
772.1628997124 94.25
783.394267715 94.24
794.7889997271 94.23
806.3494719327 94.22
818.0780950787 94.21
829.9773149767 94.20
842.0496130136 94.18
854.2975066688 94.17
866.7235500396 94.15
879.3303343732 94.13
892.1204886074 94.11
905.0966799188 94.08
918.2616142791 94.05
931.618037019 94.02
945.1687334013 93.99
958.9165292011 93.95
972.8642912955 93.89
987.0149282611 93.83
1001.371390981 93.75
1015.9366732597 93.67
1030.7138124476 93.59
1045.7058900743 93.52
1060.9160324916 93.47
1076.3474115248 93.43
1092.0032451345 93.41
1107.8867980879 93.39
1124.0013826389 93.37
1140.3503592197 93.35
1156.9371371406 93.34
1173.765175302 93.33
1190.8379829148 93.32
1208.1591202326 93.32
1225.7321992942 93.31
1243.5608846767 93.31
1261.6488942595 93.32
1280 93.32
1298.6180287201 93.32
1317.5068629037 93.32
1336.6704415071 93.33
1356.1127607799 93.34
1375.8378750985 93.36
1395.8498978116 93.39
1416.1530020977 93.41
1436.751421836 93.44
1457.6494524886 93.46
1478.8514519966 93.48
1500.3618416887 93.49
1522.1851072035 93.49
1544.3257994247 93.48
1566.78853543 93.48
1589.5779994541 93.47
1612.6989438655 93.48
1636.1561901574 93.51
1659.9546299533 93.56
1684.0992260271 93.62
1708.5950133377 93.69
1733.4471000793 93.78
1758.6606687464 93.87
1784.2409772148 93.96
1810.1933598376 94.07
1836.5232285581 94.19
1863.2360740381 94.32
1890.3374668026 94.48
1917.8330584022 94.68
1945.7285825909 94.90
1974.0298565222 95.16
2002.742781962 95.43
2031.8733465194 95.73
2061.4276248951 96.05
2091.4117801487 96.39
2121.8320649832 96.74
2152.6948230496 97.10
2184.0064902691 97.47
2215.7735961758 97.86
2248.0027652779 98.26
2280.7007184393 98.67
2313.8742742813 99.09
2347.530350604 99.51
2381.6759658296 99.93
2416.3182404652 100.35
2451.4643985884 100.76
2487.1217693533 101.17
2523.297788519 101.56
2560.0000000001 101.94
2597.2360574402 102.28
2635.0137258074 102.59
2673.3408830143 102.85
2712.2255215599 103.05
2751.6757501971 103.18
2791.6997956232 103.27
2832.3060041955 103.32
2873.5028436721 103.36
2915.2989049772 103.38
2957.7029039931 103.35
3000.7236833774 103.27
3044.3702144071 103.13
3088.6515988494 102.95
3133.57707086 102.75
3179.1559989082 102.53
3225.397887731 102.30
3272.3123803148 102.06
3319.9092599067 101.83
3368.1984520542 101.60
3417.1900266754 101.37
3466.8942001586 101.13
3517.3213374928 100.89
3568.4819544296 100.64
3620.3867196753 100.39
3673.0464571163 100.17
3726.4721480761 99.99
3780.6749336053 99.84
3835.6661168044 99.73
3891.4571651819 99.65
3948.0597130445 99.62
4005.4855639241 99.61
4063.7466930387 99.62
4122.8552497902 99.63
4182.8235602974 99.64
4243.6641299665 99.64
4305.3896460992 99.61
4368.0129805382 99.57
4431.5471923516 99.52
4496.0055305558 99.46
4561.4014368787 99.40
4627.7485485626 99.35
4695.0607012081 99.33
4763.3519316592 99.34
4832.6364809305 99.37
4902.9287971769 99.38
4974.2435387067 99.37
5046.595577038 99.34
5120.0000000002 99.27
5194.4721148803 99.12
5270.0274516149 98.88
5346.6817660286 98.55
5424.4510431198 98.16
5503.3515003942 97.70
5583.3995912463 97.18
5664.6120083911 96.63
5747.0056873442 96.09
5830.5978099545 95.58
5915.4058079863 95.11
6001.4473667548 94.72
6088.7404288142 94.38
6177.3031976989 94.08
6267.1541417201 93.76
6358.3119978165 93.40
6450.795775462 93.01
6544.6247606297 92.58
6639.8185198134 92.11
6736.3969041085 91.62
6834.3800533509 91.10
6933.7884003172 90.57
7034.6426749857 90.05
7136.9639088592 89.56
7240.7734393506 89.10
7346.0929142326 88.66
7452.9442961523 88.23
7561.3498672106 87.80
7671.3322336089 87.35
7782.9143303638 86.92
7896.119426089 86.50
8010.9711278481 86.06
8127.4933860775 85.58
8245.7104995805 85.03
8365.6471205948 84.44
8487.328259933 83.84
8610.7792921984 83.29
8736.0259610765 82.88
8863.0943847033 82.68
8992.0110611117 82.74
9122.8028737575 83.04
9255.4970971253 83.52
9390.1214024162 83.98
9526.7038633184 84.23
9665.272961861 84.17
9805.8575943538 83.82
9948.4870774134 83.26
10093.191154076 82.61
10240.0000000005 82.00
10388.9442297607 81.56
10540.0549032298 81.34
10693.3635320572 81.33
10848.9020862397 81.49
11006.7030007884 81.79
11166.7991824927 82.19
11329.2240167822 82.61
11494.0113746885 82.96
11661.1956199091 83.16
11830.8116159726 83.17
12002.8947335097 82.99
12177.4808576284 82.66
12354.6063953979 82.27
12534.3082834402 81.87
12716.6239956331 81.54
12901.5915509241 81.35
13089.2495212594 81.32
13279.637039627 81.48
13472.7938082171 81.76
13668.7601067018 82.00
13867.5768006344 82.02
14069.2853499715 81.74
14273.9278177184 81.17
14481.5468787012 80.37
14692.1858284653 79.44
14905.8885923047 78.46
15122.6997344212 77.47
15342.6644672179 76.51
15565.8286607277 75.59
15792.2388521781 74.69
16021.9422556964 73.81
16254.9867721551 72.90
16491.4209991611 72.01
16731.2942411897 71.26
16974.656519866 70.71
17221.5585843969 70.45
17472.0519221531 70.57
17726.1887694067 70.95
17984.0221222235 71.40
18245.605747515 71.82
18510.9941942506 72.17
18780.2428048326 72.50
19053.4077266369 72.86
19330.545923722 73.33
19611.7151887077 73.99
19896.9741548268 74.81
20186.382308152 74.84
