20.000000	70.272
20.290907	70.348
20.586045	70.431
20.885476	70.521
21.189262	70.624
21.497467	70.747
21.810155	70.897
22.127391	71.079
22.449241	71.289
22.775773	71.517
23.107054	71.747
23.443154	71.966
23.784142	72.170
24.130091	72.366
24.481071	72.565
24.837156	72.780
25.198421	73.015
25.564940	73.266
25.936791	73.519
26.314050	73.758
26.696797	73.971
27.085111	74.156
27.479073	74.320
27.878765	74.477
28.284271	74.639
28.695675	74.815
29.113064	75.002
29.536523	75.197
29.966142	75.395
30.402009	75.595
30.844217	75.797
31.292856	76.001
31.748021	76.209
32.209807	76.418
32.678309	76.628
33.153626	76.840
33.635857	77.054
34.125101	77.269
34.621462	77.487
35.125043	77.705
35.635949	77.923
36.154286	78.141
36.680162	78.357
37.213687	78.569
37.754973	78.777
38.304131	78.979
38.861278	79.176
39.426528	79.370
40.000000	79.565
40.581813	79.762
41.172089	79.963
41.770951	80.169
42.378524	80.380
42.994934	80.594
43.620309	80.810
44.254781	81.029
44.898482	81.247
45.551545	81.465
46.214108	81.680
46.886308	81.892
47.568285	82.100
48.260181	82.306
48.962142	82.509
49.674312	82.711
50.396842	82.912
51.129881	83.112
51.873582	83.311
52.628101	83.509
53.393594	83.705
54.170222	83.899
54.958146	84.091
55.757531	84.281
56.568542	84.469
57.391351	84.655
58.226127	84.839
59.073046	85.021
59.932283	85.202
60.804018	85.382
61.688433	85.561
62.585712	85.738
63.496042	85.913
64.419613	86.086
65.356618	86.255
66.307252	86.421
67.271713	86.584
68.250203	86.743
69.242925	86.898
70.250086	87.050
71.271897	87.198
72.308571	87.342
73.360323	87.483
74.427374	87.622
75.509945	87.757
76.608262	87.889
77.722555	88.017
78.853056	88.140
80.000000	88.259
81.163627	88.373
82.344179	88.484
83.541903	88.591
84.757048	88.695
85.989867	88.796
87.240619	88.892
88.509563	88.986
89.796964	89.075
91.103091	89.160
92.428216	89.241
93.772615	89.318
95.136569	89.391
96.520362	89.461
97.924283	89.528
99.348625	89.591
100.793684	89.652
102.259762	89.710
103.747164	89.766
105.256202	89.819
106.787188	89.869
108.340444	89.916
109.916292	89.960
111.515061	90.001
113.137085	90.041
114.782702	90.078
116.452255	90.114
118.146092	90.149
119.864566	90.182
121.608036	90.214
123.376866	90.244
125.171424	90.273
126.992084	90.299
128.839227	90.322
130.713236	90.344
132.614504	90.363
134.543426	90.382
136.500406	90.401
138.485850	90.419
140.500173	90.437
142.543795	90.455
144.617142	90.473
146.720647	90.493
148.854748	90.514
151.019890	90.536
153.216525	90.562
155.445111	90.589
157.706112	90.616
160.000000	90.641
162.327254	90.663
164.688358	90.681
167.083805	90.695
169.514095	90.705
171.979734	90.709
174.481237	90.710
177.019125	90.710
179.593928	90.709
182.206182	90.712
184.856431	90.718
187.545230	90.726
190.273138	90.737
193.040725	90.748
195.848567	90.758
198.697250	90.765
201.587368	90.771
204.519524	90.774
207.494329	90.776
210.512403	90.778
213.574377	90.778
216.680888	90.778
219.832584	90.778
223.030122	90.777
226.274170	90.776
229.565404	90.774
232.904509	90.772
236.292183	90.768
239.729132	90.762
243.216073	90.753
246.753732	90.743
250.342848	90.731
253.984168	90.718
257.678453	90.701
261.426473	90.683
265.229008	90.662
269.086853	90.638
273.000811	90.614
276.971700	90.588
281.000346	90.562
285.087590	90.537
289.234284	90.512
293.441294	90.488
297.709496	90.466
302.039780	90.447
306.433050	90.433
310.890221	90.424
315.412224	90.419
320.000000	90.420
324.654507	90.423
329.376716	90.428
334.167610	90.435
339.028190	90.446
343.959469	90.463
348.962474	90.487
354.038251	90.518
359.187855	90.556
364.412363	90.597
369.712863	90.641
375.090460	90.687
380.546277	90.734
386.081450	90.783
391.697134	90.831
397.394500	90.876
403.174736	90.916
409.039048	90.952
414.988657	90.985
421.024807	91.014
427.148753	91.041
433.361775	91.065
439.665167	91.088
446.060244	91.109
452.548340	91.130
459.130807	91.149
465.809019	91.166
472.584367	91.184
479.458265	91.201
486.432146	91.217
493.507464	91.233
500.685695	91.249
507.968337	91.265
515.356906	91.281
522.852945	91.299
530.458016	91.318
538.173706	91.339
546.001623	91.361
553.943399	91.382
562.000691	91.402
570.175180	91.420
578.468569	91.434
586.882588	91.444
595.418991	91.449
604.079560	91.450
612.866100	91.448
621.780442	91.444
630.824447	91.440
640.000000	91.436
649.309014	91.432
658.753431	91.430
668.335221	91.433
678.056380	91.444
687.918938	91.460
697.924949	91.479
708.076501	91.498
718.375711	91.518
728.824726	91.539
739.425726	91.562
750.180921	91.588
761.092554	91.616
772.162900	91.645
783.394268	91.677
794.789000	91.711
806.349472	91.748
818.078095	91.787
829.977315	91.826
842.049613	91.864
854.297507	91.899
866.723550	91.933
879.330334	91.965
892.120489	91.997
905.096680	92.029
918.261614	92.059
931.618037	92.087
945.168733	92.108
958.916529	92.122
972.864291	92.128
987.014928	92.129
1001.371391	92.130
1015.936673	92.131
1030.713812	92.132
1045.705890	92.133
1060.916032	92.136
1076.347412	92.147
1092.003245	92.170
1107.886798	92.208
1124.001383	92.261
1140.350359	92.323
1156.937137	92.391
1173.765175	92.462
1190.837983	92.535
1208.159120	92.612
1225.732199	92.693
1243.560885	92.780
1261.648894	92.873
1280.000000	92.973
1298.618029	93.080
1317.506863	93.192
1336.670442	93.309
1356.112761	93.432
1375.837875	93.559
1395.849898	93.688
1416.153002	93.821
1436.751422	93.959
1457.649452	94.100
1478.851452	94.236
1500.361842	94.365
1522.185107	94.486
1544.325799	94.601
1566.788535	94.713
1589.577999	94.826
1612.698944	94.948
1636.156190	95.083
1659.954630	95.227
1684.099226	95.373
1708.595013	95.514
1733.447100	95.645
1758.660669	95.767
1784.240977	95.880
1810.193360	95.985
1836.523229	96.079
1863.236074	96.166
1890.337467	96.254
1917.833058	96.346
1945.728583	96.442
1974.029857	96.541
2002.742782	96.643
2031.873347	96.750
2061.427625	96.864
2091.411780	96.984
2121.832065	97.113
2152.694823	97.249
2184.006490	97.393
2215.773596	97.544
2248.002765	97.702
2280.700718	97.865
2313.874274	98.030
2347.530351	98.199
2381.675966	98.367
2416.318240	98.536
2451.464399	98.704
2487.121769	98.871
2523.297789	99.039
2560.000000	99.202
2597.236057	99.356
2635.013726	99.493
2673.340883	99.611
2712.225522	99.702
2751.675750	99.762
2791.699796	99.791
2832.306004	99.802
2873.502844	99.798
2915.298905	99.776
2957.702904	99.738
3000.723683	99.685
3044.370214	99.614
3088.651599	99.520
3133.577071	99.410
3179.155999	99.287
3225.397888	99.156
3272.312380	99.023
3319.909260	98.887
3368.198452	98.749
3417.190027	98.607
3466.894200	98.462
3517.321337	98.319
3568.481954	98.184
3620.386720	98.063
3673.046457	97.956
3726.472148	97.868
3780.674934	97.806
3835.666117	97.770
3891.457165	97.759
3948.059713	97.772
4005.485564	97.804
4063.746693	97.850
4122.855250	97.902
4182.823560	97.949
4243.664130	97.991
4305.389646	98.039
4368.012981	98.100
4431.547192	98.174
4496.005531	98.261
4561.401437	98.353
4627.748549	98.451
4695.060701	98.565
4763.351932	98.696
4832.636481	98.826
4902.928797	98.935
4974.243539	99.029
5046.595577	99.097
5120.000000	99.114
5194.472115	99.076
5270.027452	98.980
5346.681766	98.801
5424.451043	98.513
5503.351500	98.130
5583.399591	97.717
5664.612008	97.278
5747.005687	96.753
5830.597810	96.149
5915.405808	95.529
6001.447367	94.920
6088.740429	94.315
6177.303198	93.713
6267.154142	93.118
6358.311998	92.542
6450.795775	92.003
6544.624761	91.504
6639.818520	91.043
6736.396904	90.614
6834.380053	90.221
6933.788400	89.865
7034.642675	89.548
7136.963909	89.281
7240.773439	89.061
7346.092914	88.874
7452.944296	88.724
7561.349867	88.620
7671.332234	88.569
7782.914330	88.570
7896.119426	88.592
8010.971128	88.617
8127.493386	88.651
8245.710500	88.662
8365.647121	88.664
8487.328260	88.707
8610.779292	88.800
8736.025961	88.959
8863.094385	89.175
8992.011061	89.411
9122.802874	89.603
9255.497097	89.698
9390.121402	89.661
9526.703863	89.455
9665.272962	89.067
9805.857594	88.516
9948.487077	87.830
10093.191154	87.126
10240.000000	86.468
10388.944230	85.910
10540.054903	85.592
10693.363532	85.543
10848.902086	85.566
11006.703001	85.602
11166.799182	85.606
11329.224017	85.498
11494.011375	85.325
11661.195620	85.081
11830.811616	84.674
12002.894734	84.240
12177.480858	83.927
12354.606395	83.753
12534.308283	83.703
12716.623996	83.638
12901.591551	83.550
13089.249521	83.432
13279.637040	83.337
13472.793808	83.321
13668.760107	83.260
13867.576801	82.919
14069.285350	82.125
14273.927818	80.991
14481.546879	79.650
14692.185828	78.121
14905.888592	76.589
15122.699734	75.320
15342.664467	74.357
15565.828661	73.522
15792.238852	72.736
16021.942256	72.069
16254.986772	71.596
16491.420999	71.340
16731.294241	71.258
16974.656520	71.276
17221.558584	71.399
17472.051922	71.529
17726.188769	71.417
17984.022122	71.083
18245.605748	71.078
18510.994194	71.680
18780.242805	72.514
19053.407727	73.319
19330.545924	73.995
19611.715189	74.585
19896.974155	75.458
20186.382308	75.488
