20.000000	62.050
20.290907	62.195
20.586045	62.343
20.885476	62.398
21.189262	62.545
21.497467	62.624
21.810155	62.720
22.127391	62.788
22.449241	62.966
22.775773	63.046
23.107054	63.127
23.443154	63.272
23.784142	63.395
24.130091	63.524
24.481071	63.597
24.837156	63.769
25.198421	63.837
25.564940	63.938
25.936791	64.034
26.314050	64.129
26.696797	64.150
27.085111	64.221
27.479073	64.343
27.878765	64.388
28.284271	64.436
28.695675	64.524
29.113064	64.628
29.536523	64.692
29.966142	64.792
30.402009	64.800
30.844217	64.886
31.292856	64.979
31.748021	65.044
32.209807	65.132
32.678309	65.188
33.153626	65.200
33.635857	65.287
34.125101	65.343
34.621462	65.350
35.125043	65.393
35.635949	65.400
36.154286	65.445
36.680162	65.450
37.213687	65.491
37.754973	65.500
38.304131	65.540
38.861278	65.550
39.426528	65.593
40.000000	65.600
40.581813	65.600
41.172089	65.600
41.770951	65.678
42.378524	65.700
42.994934	65.741
43.620309	65.750
44.254781	65.790
44.898482	65.800
45.551545	65.761
46.214108	65.793
46.886308	65.800
47.568285	65.841
48.260181	65.850
48.962142	65.890
49.674312	65.900
50.396842	65.900
51.129881	65.900
51.873582	65.900
52.628101	65.861
53.393594	65.850
54.170222	65.850
54.958146	65.850
55.757531	65.891
56.568542	65.900
57.391351	65.900
58.226127	65.860
59.073046	65.850
59.932283	65.850
60.804018	65.811
61.688433	65.800
62.585712	65.800
63.496042	65.760
64.419613	65.750
65.356618	65.708
66.307252	65.660
67.271713	65.650
68.250203	65.607
69.242925	65.600
70.250086	65.600
71.271897	65.560
72.308571	65.550
73.360323	65.507
74.427374	65.500
75.509945	65.417
76.608262	65.359
77.722555	65.350
78.853056	65.271
80.000000	65.209
81.163627	65.160
82.344179	65.071
83.541903	65.050
84.757048	65.050
85.989867	65.009
87.240619	65.000
88.509563	64.916
89.796964	64.900
91.103091	64.815
92.428216	64.760
93.772615	64.709
95.136569	64.659
96.520362	64.610
97.924283	64.560
99.348625	64.509
100.793684	64.457
102.259762	64.419
103.747164	64.400
105.256202	64.369
106.787188	64.350
108.340444	64.316
109.916292	64.208
111.515061	64.162
113.137085	64.150
114.782702	64.150
116.452255	64.114
118.146092	64.100
119.864566	64.100
121.608036	64.060
123.376866	63.981
125.171424	63.937
126.992084	63.801
128.839227	63.708
130.713236	63.529
132.614504	63.419
134.543426	63.323
136.500406	63.300
138.485850	63.263
140.500173	63.212
142.543795	63.200
144.617142	63.160
146.720647	63.150
148.854748	63.104
151.019890	63.049
153.216525	62.976
155.445111	62.914
157.706112	62.815
160.000000	62.750
162.327254	62.672
164.688358	62.566
167.083805	62.481
169.514095	62.412
171.979734	62.351
174.481237	62.267
177.019125	62.199
179.593928	62.114
182.206182	62.026
184.856431	61.907
187.545230	61.858
190.273138	61.774
193.040725	61.716
195.848567	61.561
198.697250	61.505
201.587368	61.371
204.519524	61.350
207.494329	61.267
210.512403	61.250
213.574377	61.164
216.680888	61.061
219.832584	61.003
223.030122	60.886
226.274170	60.850
229.565404	60.722
232.904509	60.700
236.292183	60.585
239.729132	60.459
243.216073	60.370
246.753732	60.304
250.342848	60.175
253.984168	60.113
257.678453	59.966
261.426473	59.907
265.229008	59.860
269.086853	59.773
273.000811	59.712
276.971700	59.589
281.000346	59.550
285.087590	59.473
289.234284	59.369
293.441294	59.307
297.709496	59.254
302.039780	59.169
306.433050	59.150
310.890221	59.072
315.412224	59.050
320.000000	59.050
324.654507	59.004
329.376716	59.000
334.167610	58.917
339.028190	58.900
343.959469	58.860
348.962474	58.810
354.038251	58.760
359.187855	58.750
364.412363	58.662
369.712863	58.650
375.090460	58.568
380.546277	58.512
386.081450	58.418
391.697134	58.400
397.394500	58.312
403.174736	58.300
409.039048	58.300
414.988657	58.217
421.024807	58.116
427.148753	58.057
433.361775	58.005
439.665167	57.960
446.060244	57.866
452.548340	57.810
459.130807	57.757
465.809019	57.709
472.584367	57.660
479.458265	57.650
486.432146	57.650
493.507464	57.571
500.685695	57.550
507.968337	57.550
515.356906	57.510
522.852945	57.458
530.458016	57.450
538.173706	57.411
546.001623	57.400
553.943399	57.400
562.000691	57.312
570.175180	57.300
578.468569	57.300
586.882588	57.257
595.418991	57.209
604.079560	57.200
612.866100	57.200
621.780442	57.200
630.824447	57.200
640.000000	57.200
649.309014	57.200
658.753431	57.200
668.335221	57.200
678.056380	57.240
687.918938	57.290
697.924949	57.340
708.076501	57.390
718.375711	57.484
728.824726	57.540
739.425726	57.634
750.180921	57.733
761.092554	57.833
772.162900	57.892
783.394268	58.028
794.789000	58.091
806.349472	58.185
818.078095	58.284
829.977315	58.300
842.049613	58.426
854.297507	58.493
866.723550	58.582
879.330334	58.640
892.120489	58.734
905.096680	58.835
918.261614	58.930
931.618037	59.032
945.168733	59.130
958.916529	59.234
972.864291	59.335
987.014928	59.430
1001.371391	59.531
1015.936673	59.669
1030.713812	59.784
1045.705890	59.969
1060.916032	60.161
1076.347412	60.365
1092.003245	60.481
1107.886798	60.742
1124.001383	60.922
1140.350359	61.159
1156.937137	61.364
1173.765175	61.643
1190.837983	61.781
1208.159120	62.050
1225.732199	62.223
1243.560885	62.371
1261.648894	62.603
1280.000000	62.775
1298.618029	63.047
1317.506863	63.222
1336.670442	63.497
1356.112761	63.631
1375.837875	63.900
1395.849898	64.076
1416.153002	64.304
1436.751422	64.476
1457.649452	64.752
1478.851452	64.881
1500.361842	65.148
1522.185107	65.283
1544.325799	65.467
1566.788535	65.704
1589.577999	65.912
1612.698944	66.194
1636.156190	66.333
1659.954630	66.641
1684.099226	66.826
1708.595013	67.097
1733.447100	67.273
1758.660669	67.548
1784.240977	67.723
1810.193360	67.995
1836.523229	68.133
1863.236074	68.356
1890.337467	68.483
1917.833058	68.663
1945.728583	68.781
1974.029857	68.882
2002.742782	68.941
2031.873347	68.991
2061.427625	69.000
2091.411780	69.000
2121.832065	68.917
2152.694823	68.859
2184.006490	68.728
2215.773596	68.658
2248.002765	68.445
2280.700718	68.319
2313.874274	68.056
2347.530351	67.919
2381.675966	67.656
2416.318240	67.479
2451.464399	67.328
2487.121769	67.057
2523.297789	66.919
2560.000000	66.657
2597.236057	66.518
2635.013726	66.255
2673.340883	66.118
2712.225522	65.893
2751.675750	65.727
2791.699796	65.577
2832.306004	65.469
2873.502844	65.327
2915.298905	65.259
2957.702904	65.167
3000.723683	65.067
3044.370214	65.050
3088.651599	64.969
3133.577071	64.950
3179.155999	64.950
3225.397888	64.991
3272.312380	65.000
3319.909260	65.041
3368.198452	65.132
3417.190027	65.191
3466.894200	65.282
3517.321337	65.383
3568.481954	65.563
3620.386720	65.682
3673.046457	65.907
3726.472148	66.115
3780.674934	66.233
3835.666117	66.495
3891.457165	66.674
3948.059713	66.989
4005.485564	67.173
4063.746693	67.488
4122.855250	67.633
4182.823560	67.895
4243.664130	68.031
4305.389646	68.174
4368.012981	68.241
4431.547192	68.209
4496.005531	68.200
4561.401437	68.036
4627.748549	67.837
4695.060701	67.677
4763.351932	67.282
4832.636481	66.954
4902.928797	66.410
4974.243539	66.095
5046.595577	65.479
5120.000000	65.021
5194.472115	64.417
5270.027452	63.974
5346.681766	63.364
5424.451043	62.961
5503.351500	62.369
5583.399591	62.005
5664.612008	61.539
5747.005687	61.204
5830.597810	60.742
5915.405808	60.487
6001.447367	60.286
6088.740429	59.961
6177.303198	59.818
6267.154142	59.594
6358.311998	59.468
6450.795775	59.409
6544.624761	59.400
6639.818520	59.441
6736.396904	59.532
6834.380053	59.755
6933.788400	59.964
7034.642675	60.450
7136.963909	60.838
7240.773439	61.601
7346.092914	62.161
7452.944296	62.661
7561.349867	63.611
7671.332234	64.211
7782.914330	64.998
7896.119426	65.438
8010.971128	65.787
8127.493386	65.850
8245.710500	65.522
8365.647121	65.121
8487.328260	64.392
8610.779292	63.840
8736.025961	63.049
8863.094385	62.489
8992.011061	61.784
9122.802874	61.362
9255.497097	61.053
9390.121402	60.630
9526.703863	60.468
9665.272962	60.327
9805.857594	60.341
9948.487077	60.350
10093.191154	60.432
10240.000000	60.491
10388.944230	60.418
10540.054903	60.154
10693.363532	59.895
10848.902086	59.071
11006.703001	58.449
11166.799182	57.245
11329.224017	56.424
11494.011375	55.645
11661.195620	54.309
11830.811616	53.433
12002.894734	52.111
12177.480858	51.276
12354.606395	50.039
12534.308283	49.308
12716.623996	48.378
12901.591551	47.872
13089.249521	47.390
13279.637040	47.177
13472.793808	47.315
13668.760107	47.514
13867.576801	48.125
14069.285350	48.579
14273.927818	49.019
14481.546879	49.838
14692.185828	50.369
14905.888592	51.149
15122.699734	51.505
15342.664467	51.796
15565.828661	51.850
15792.238852	51.563
16021.942256	51.254
16254.986772	50.790
16491.420999	50.495
16731.294241	50.286
16974.656520	50.291
17221.558584	50.464
17472.051922	50.664
17726.188769	50.864
17984.022122	51.188
18245.605748	51.455
18510.994194	51.828
18780.242805	52.023
19053.407727	52.132
19330.545924	52.109
19611.715189	52.063
19896.974155	52.017
20186.382308	52.000
