10.150000	75.146
10.300000	74.824
10.440000	74.589
10.600000	74.405
10.750000	74.350
10.900000	74.377
11.060000	74.407
11.200000	74.449
11.380000	74.452
11.500000	74.396
11.720000	74.235
11.800000	74.159
12.060000	73.901
12.200000	73.861
12.410000	73.925
12.500000	74.023
12.650000	74.293
12.800000	74.621
13.150000	75.469
13.200000	75.575
13.400000	75.960
13.600000	76.235
13.800000	76.381
14.000000	76.389
14.300000	76.152
14.500000	75.820
14.750000	75.480
15.000000	75.419
15.250000	76.284
15.500000	77.804
15.750000	79.744
16.000000	81.508
16.250000	82.949
16.500000	84.003
16.750000	84.650
17.000000	84.891
17.250000	84.725
17.500000	84.145
17.750000	83.144
18.000000	81.785
18.250000	80.128
18.500000	78.709
18.750000	77.900
19.000000	78.017
19.250000	78.481
19.500000	78.938
19.750000	79.141
20.000000	79.095
20.299999	78.945
20.600000	78.902
20.900000	79.109
21.200001	79.470
21.400000	79.665
21.799999	79.826
22.000000	79.774
22.400000	79.507
22.700001	79.341
23.000000	79.351
23.299999	79.513
23.600000	79.724
24.000000	79.910
24.299999	79.913
24.700001	79.778
25.000000	79.669
25.400000	79.642
25.799999	79.779
26.200001	79.961
26.500000	80.044
26.900000	80.046
27.200001	80.000
27.600000	79.964
28.000000	80.021
28.500000	80.155
29.000000	80.182
29.500000	80.062
30.000000	79.969
30.400000	80.040
30.700001	80.176
31.100000	80.381
31.500000	80.524
32.000000	80.561
32.500000	80.516
33.000000	80.513
33.500000	80.588
34.000000	80.689
34.500000	80.767
35.000000	80.812
35.500000	80.826
36.000000	80.815
36.500000	80.809
37.000000	80.853
37.500000	80.949
38.200001	81.070
38.700001	81.108
39.500000	81.183
40.000000	81.266
40.599998	81.324
41.200001	81.278
41.799999	81.185
42.500000	81.155
43.099998	81.206
43.700001	81.254
44.400002	81.254
45.000000	81.228
45.500000	81.217
46.200001	81.230
46.799999	81.251
47.500000	81.258
48.200001	81.258
48.700001	81.277
49.400002	81.348
50.000000	81.418
50.799999	81.467
51.500000	81.488
52.200001	81.547
53.000000	81.662
53.799999	81.743
54.500000	81.747
55.200001	81.742
56.000000	81.803
57.000000	81.939
58.000000	82.049
59.000000	82.156
60.000000	82.220
60.799999	82.254
61.500000	82.308
62.200001	82.369
63.000000	82.405
64.000000	82.404
65.000000	82.443
66.000000	82.515
67.000000	82.533
68.000000	82.569
69.000000	82.680
70.000000	82.798
71.000000	82.874
72.000000	82.893
73.000000	82.911
74.000000	82.913
75.000000	82.855
76.199997	82.799
77.500000	82.847
78.800003	82.893
80.000000	82.888
81.199997	82.964
82.500000	83.006
83.800003	82.897
85.000000	82.860
86.199997	82.942
87.500000	82.994
88.500000	82.999
90.000000	83.018
91.199997	83.034
92.500000	83.012
93.800003	82.942
95.000000	82.845
96.199997	82.780
97.500000	82.824
98.800003	82.951
100.000000	82.990
101.500000	82.936
103.000000	82.889
104.400002	82.885
106.000000	82.912
107.500000	82.896
109.000000	82.840
110.599998	82.717
112.000000	82.624
113.800003	82.627
115.000000	82.651
117.199997	82.605
118.000000	82.575
120.599998	82.655
122.000000	82.685
124.099998	82.655
125.000000	82.645
126.500000	82.627
128.000000	82.617
131.500000	82.555
132.000000	82.541
134.000000	82.517
136.000000	82.531
138.000000	82.528
140.000000	82.530
143.000000	82.516
145.000000	82.512
147.500000	82.543
150.000000	82.557
152.500000	82.536
155.000000	82.563
157.500000	82.615
160.000000	82.644
162.500000	82.548
165.000000	82.493
167.500000	82.548
170.000000	82.585
172.500000	82.567
175.000000	82.512
177.500000	82.479
180.000000	82.439
182.500000	82.386
185.000000	82.366
187.500000	82.413
190.000000	82.478
192.500000	82.548
195.000000	82.645
197.500000	82.695
200.000000	82.618
203.000000	82.510
206.000000	82.498
209.000000	82.542
212.000000	82.620
214.000000	82.652
218.000000	82.648
220.000000	82.646
224.000000	82.646
227.000000	82.664
230.000000	82.689
233.000000	82.690
236.000000	82.666
240.000000	82.687
243.000000	82.733
247.000000	82.717
250.000000	82.694
254.000000	82.711
258.000000	82.736
262.000000	82.751
265.000000	82.763
269.000000	82.779
272.000000	82.801
276.000000	82.834
280.000000	82.898
285.000000	82.936
290.000000	82.904
295.000000	82.922
300.000000	82.953
304.000000	82.992
307.000000	83.015
311.000000	83.025
315.000000	83.028
320.000000	83.046
325.000000	83.064
330.000000	83.083
335.000000	83.129
340.000000	83.173
345.000000	83.191
350.000000	83.245
355.000000	83.299
360.000000	83.335
365.000000	83.381
370.000000	83.427
375.000000	83.461
382.000000	83.505
387.000000	83.552
395.000000	83.625
400.000000	83.671
406.000000	83.752
412.000000	83.829
418.000000	83.880
425.000000	83.928
431.000000	83.968
437.000000	84.007
444.000000	84.060
450.000000	84.116
455.000000	84.169
462.000000	84.248
468.000000	84.315
475.000000	84.391
482.000000	84.464
487.000000	84.509
494.000000	84.575
500.000000	84.638
508.000000	84.707
515.000000	84.762
522.000000	84.818
530.000000	84.871
538.000000	84.921
545.000000	84.969
552.000000	85.027
560.000000	85.082
570.000000	85.139
580.000000	85.171
590.000000	85.170
600.000000	85.148
608.000000	85.137
615.000000	85.157
622.000000	85.211
630.000000	85.310
640.000000	85.447
650.000000	85.582
660.000000	85.723
670.000000	85.870
680.000000	86.031
690.000000	86.220
700.000000	86.404
710.000000	86.548
720.000000	86.635
730.000000	86.648
740.000000	86.580
750.000000	86.437
762.000000	86.179
775.000000	85.844
788.000000	85.547
800.000000	85.409
812.000000	85.463
825.000000	85.669
838.000000	85.916
850.000000	86.151
862.000000	86.409
875.000000	86.709
885.000000	86.948
900.000000	87.328
912.000000	87.657
925.000000	87.991
938.000000	88.288
950.000000	88.577
962.000000	88.866
975.000000	89.119
988.000000	89.337
1000.000000	89.567
1015.000000	89.868
1030.000000	90.134
1044.000000	90.270
1060.000000	90.281
1075.000000	90.207
1090.000000	90.127
1106.000000	90.080
1120.000000	90.035
1138.000000	89.914
1150.000000	89.815
1172.000000	89.823
1180.000000	89.850
1206.000000	89.640
1220.000000	89.421
1241.000000	89.042
1250.000000	88.860
1265.000000	88.541
1280.000000	88.251
1315.000000	87.747
1320.000000	87.697
1340.000000	87.599
1360.000000	87.661
1380.000000	87.746
1400.000000	87.657
1430.000000	87.100
1450.000000	86.815
1475.000000	86.533
1500.000000	86.033
1525.000000	85.355
1550.000000	84.731
1575.000000	84.401
1600.000000	84.381
1625.000000	84.660
1650.000000	84.955
1675.000000	85.217
1700.000000	85.502
1725.000000	85.670
1750.000000	85.702
1775.000000	85.676
1800.000000	85.638
1825.000000	85.562
1850.000000	85.487
1875.000000	85.366
1900.000000	85.269
1925.000000	85.225
1950.000000	85.166
1975.000000	85.077
2000.000000	85.001
2030.000000	84.912
2060.000000	84.741
2090.000000	84.609
2120.000000	84.646
2140.000000	84.685
2180.000000	84.963
2200.000000	85.215
2240.000000	85.792
2270.000000	86.272
2300.000000	86.713
2330.000000	87.035
2360.000000	87.273
2400.000000	87.615
2430.000000	87.980
2470.000000	88.512
2500.000000	88.906
2540.000000	89.469
2580.000000	90.074
2620.000000	90.538
2650.000000	90.685
2690.000000	90.727
2720.000000	90.664
2760.000000	90.458
2800.000000	90.226
2850.000000	89.942
2900.000000	89.602
2950.000000	89.246
3000.000000	88.913
3040.000000	88.851
3070.000000	88.878
3110.000000	88.878
3150.000000	88.811
3200.000000	88.752
3250.000000	88.763
3300.000000	88.952
3350.000000	89.208
3400.000000	89.642
3450.000000	90.166
3500.000000	90.597
3550.000000	90.920
3600.000000	91.084
3650.000000	91.070
3700.000000	90.986
3750.000000	90.885
3820.000000	90.891
3870.000000	91.046
3950.000000	91.166
4000.000000	91.154
4060.000000	90.992
4120.000000	90.925
4180.000000	90.951
4250.000000	91.213
4310.000000	91.674
4370.000000	92.259
4440.000000	92.877
4500.000000	93.317
4550.000000	93.649
4620.000000	94.063
4680.000000	94.381
4750.000000	94.446
4820.000000	94.111
4870.000000	93.605
4940.000000	92.535
5000.000000	91.356
5080.000000	89.469
5150.000000	87.640
5220.000000	85.765
5300.000000	83.535
5380.000000	81.270
5450.000000	79.184
5520.000000	76.877
5600.000000	73.996
5700.000000	71.907
5800.000000	74.636
5900.000000	78.118
6000.000000	80.622
6080.000000	82.496
6150.000000	84.211
6220.000000	85.744
6300.000000	86.871
6400.000000	87.091
6500.000000	86.453
6600.000000	85.899
6700.000000	85.470
6800.000000	84.665
6900.000000	83.548
7000.000000	82.718
7100.000000	82.339
7200.000000	81.985
7300.000000	81.410
7400.000000	80.812
7500.000000	80.589
7620.000000	80.610
7750.000000	80.257
7880.000000	79.537
8000.000000	79.270
8120.000000	79.995
8250.000000	81.699
8380.000000	83.810
8500.000000	85.176
8620.000000	85.063
8750.000000	83.072
8850.000000	80.696
9000.000000	77.024
9120.000000	74.712
9250.000000	73.408
9380.000000	74.095
9500.000000	76.433
9620.000000	79.041
9750.000000	81.401
9880.000000	83.276
10000.000000	84.545
10150.000000	85.555
10300.000000	86.325
10440.000000	86.969
10600.000000	87.517
10750.000000	87.778
10900.000000	87.709
11060.000000	86.982
11200.000000	85.826
11380.000000	84.486
11500.000000	83.850
11720.000000	83.009
11800.000000	82.761
12060.000000	81.555
12200.000000	80.742
12410.000000	79.455
12500.000000	78.795
12650.000000	77.328
12800.000000	75.663
13150.000000	75.294
13200.000000	75.449
13400.000000	75.787
13600.000000	75.904
13800.000000	75.888
14000.000000	75.831
14300.000000	75.700
14500.000000	75.658
14750.000000	75.361
15000.000000	74.665
15250.000000	73.547
15500.000000	72.968
15750.000000	74.845
16000.000000	77.674
16250.000000	79.914
16500.000000	81.345
16750.000000	81.842
17000.000000	81.550
17250.000000	80.462
17500.000000	78.649
17750.000000	76.407
18000.000000	74.644
18250.000000	74.112
18500.000000	74.541
18750.000000	75.436
19000.000000	76.329
19250.000000	76.881
19500.000000	76.964
19750.000000	76.640
20000.000000	76.065
