10.000000	55.810
10.150000	55.975
10.300000	56.201
10.440000	56.628
10.600000	57.210
10.750000	57.845
10.900000	58.566
11.060000	59.374
11.200000	60.094
11.380000	60.949
11.500000	61.461
11.720000	62.227
11.800000	62.444
12.060000	62.909
12.200000	63.002
12.410000	62.924
12.500000	62.808
12.650000	62.501
12.800000	62.059
13.150000	60.552
13.200000	60.298
13.400000	59.251
13.600000	58.272
13.800000	57.517
14.000000	57.116
14.300000	57.075
14.500000	57.165
14.750000	57.111
15.000000	56.750
15.250000	56.091
15.500000	55.276
15.750000	54.579
16.000000	54.278
16.250000	54.428
16.500000	54.813
16.750000	55.174
17.000000	55.370
17.250000	55.376
17.500000	55.244
17.750000	55.057
18.000000	54.889
18.250000	54.763
18.500000	54.648
18.750000	54.481
19.000000	54.206
19.250000	53.820
19.500000	53.403
19.750000	53.142
20.000000	53.265
20.299999	54.027
20.600000	55.213
20.900000	56.439
21.200001	57.469
21.400000	58.013
21.799999	58.803
22.000000	59.086
22.400000	59.543
22.700001	59.851
23.000000	60.139
23.299999	60.370
23.600000	60.498
24.000000	60.460
24.299999	60.289
24.700001	59.979
25.000000	59.811
25.400000	59.807
25.799999	60.038
26.200001	60.346
26.500000	60.528
26.900000	60.661
27.200001	60.703
27.600000	60.760
28.000000	60.888
28.500000	61.149
29.000000	61.410
29.500000	61.598
30.000000	61.787
30.400000	62.031
30.700001	62.282
31.100000	62.655
31.500000	62.988
32.000000	63.254
32.500000	63.373
33.000000	63.472
33.500000	63.644
34.000000	63.855
34.500000	64.009
35.000000	64.080
35.500000	64.132
36.000000	64.231
36.500000	64.373
37.000000	64.505
37.500000	64.602
38.200001	64.746
38.700001	64.928
39.500000	65.365
40.000000	65.670
40.599998	66.010
41.200001	66.302
41.799999	66.545
42.500000	66.772
43.099998	66.926
43.700001	67.083
44.400002	67.330
45.000000	67.602
45.500000	67.835
46.200001	68.112
46.799999	68.307
47.500000	68.551
48.200001	68.848
48.700001	69.065
49.400002	69.323
50.000000	69.503
50.799999	69.743
51.500000	69.950
52.200001	70.088
53.000000	70.146
53.799999	70.211
54.500000	70.359
55.200001	70.574
56.000000	70.833
57.000000	71.154
58.000000	71.493
59.000000	71.815
60.000000	72.094
60.799999	72.303
61.500000	72.496
62.200001	72.704
63.000000	72.949
64.000000	73.256
65.000000	73.560
66.000000	73.846
67.000000	74.121
68.000000	74.401
69.000000	74.680
70.000000	74.949
71.000000	75.205
72.000000	75.451
73.000000	75.692
74.000000	75.933
75.000000	76.180
76.199997	76.492
77.500000	76.834
78.800003	77.158
80.000000	77.437
81.199997	77.706
82.500000	77.999
83.800003	78.303
85.000000	78.589
86.199997	78.871
87.500000	79.169
88.500000	79.392
90.000000	79.718
91.199997	79.972
92.500000	80.243
93.800003	80.511
95.000000	80.754
96.199997	80.993
97.500000	81.251
98.800003	81.503
100.000000	81.726
101.500000	81.998
103.000000	82.268
104.400002	82.521
106.000000	82.799
107.500000	83.041
109.000000	83.267
110.599998	83.497
112.000000	83.690
113.800003	83.928
115.000000	84.079
117.199997	84.345
118.000000	84.439
120.599998	84.717
122.000000	84.836
124.099998	84.987
125.000000	85.052
126.500000	85.163
128.000000	85.269
131.500000	85.468
132.000000	85.492
134.000000	85.584
136.000000	85.664
138.000000	85.729
140.000000	85.780
143.000000	85.833
145.000000	85.852
147.500000	85.865
150.000000	85.869
152.500000	85.864
155.000000	85.851
157.500000	85.830
160.000000	85.796
162.500000	85.756
165.000000	85.721
167.500000	85.692
170.000000	85.664
172.500000	85.630
175.000000	85.590
177.500000	85.545
180.000000	85.502
182.500000	85.462
185.000000	85.422
187.500000	85.378
190.000000	85.333
192.500000	85.289
195.000000	85.242
197.500000	85.194
200.000000	85.150
203.000000	85.099
206.000000	85.047
209.000000	84.992
212.000000	84.934
214.000000	84.895
218.000000	84.819
220.000000	84.784
224.000000	84.716
227.000000	84.664
230.000000	84.611
233.000000	84.561
236.000000	84.513
240.000000	84.454
243.000000	84.409
247.000000	84.347
250.000000	84.299
254.000000	84.237
258.000000	84.194
262.000000	84.166
265.000000	84.145
269.000000	84.108
272.000000	84.076
276.000000	84.037
280.000000	84.002
285.000000	83.963
290.000000	83.927
295.000000	83.890
300.000000	83.857
304.000000	83.831
307.000000	83.811
311.000000	83.786
315.000000	83.766
320.000000	83.746
325.000000	83.727
330.000000	83.705
335.000000	83.678
340.000000	83.653
345.000000	83.636
350.000000	83.624
355.000000	83.612
360.000000	83.601
365.000000	83.594
370.000000	83.593
375.000000	83.591
382.000000	83.586
387.000000	83.584
395.000000	83.584
400.000000	83.585
406.000000	83.587
412.000000	83.590
418.000000	83.592
425.000000	83.594
431.000000	83.597
437.000000	83.600
444.000000	83.603
450.000000	83.607
455.000000	83.613
462.000000	83.622
468.000000	83.630
475.000000	83.642
482.000000	83.656
487.000000	83.665
494.000000	83.678
500.000000	83.691
508.000000	83.712
515.000000	83.731
522.000000	83.750
530.000000	83.772
538.000000	83.792
545.000000	83.808
552.000000	83.823
560.000000	83.843
570.000000	83.871
580.000000	83.900
590.000000	83.930
600.000000	83.962
608.000000	83.990
615.000000	84.015
622.000000	84.040
630.000000	84.070
640.000000	84.107
650.000000	84.144
660.000000	84.184
670.000000	84.226
680.000000	84.268
690.000000	84.310
700.000000	84.354
710.000000	84.400
720.000000	84.445
730.000000	84.492
740.000000	84.541
750.000000	84.590
762.000000	84.649
775.000000	84.712
788.000000	84.774
800.000000	84.830
812.000000	84.884
825.000000	84.943
838.000000	85.002
850.000000	85.054
862.000000	85.104
875.000000	85.158
885.000000	85.199
900.000000	85.259
912.000000	85.305
925.000000	85.352
938.000000	85.397
950.000000	85.436
962.000000	85.471
975.000000	85.508
988.000000	85.543
1000.000000	85.574
1015.000000	85.612
1030.000000	85.647
1044.000000	85.678
1060.000000	85.713
1075.000000	85.745
1090.000000	85.775
1106.000000	85.805
1120.000000	85.831
1138.000000	85.863
1150.000000	85.884
1172.000000	85.919
1180.000000	85.932
1206.000000	85.968
1220.000000	85.986
1241.000000	86.009
1250.000000	86.017
1265.000000	86.028
1280.000000	86.038
1315.000000	86.053
1320.000000	86.055
1340.000000	86.064
1360.000000	86.079
1380.000000	86.104
1400.000000	86.148
1430.000000	86.275
1450.000000	86.423
1475.000000	86.707
1500.000000	87.122
1525.000000	87.688
1550.000000	88.402
1575.000000	89.237
1600.000000	90.150
1625.000000	91.090
1650.000000	92.002
1675.000000	92.845
1700.000000	93.599
1725.000000	94.254
1750.000000	94.812
1775.000000	95.281
1800.000000	95.675
1825.000000	96.006
1850.000000	96.286
1875.000000	96.524
1900.000000	96.726
1925.000000	96.897
1950.000000	97.043
1975.000000	97.166
2000.000000	97.271
2030.000000	97.372
2060.000000	97.449
2090.000000	97.505
2120.000000	97.543
2140.000000	97.561
2180.000000	97.578
2200.000000	97.578
2240.000000	97.559
2270.000000	97.530
2300.000000	97.491
2330.000000	97.443
2360.000000	97.390
2400.000000	97.310
2430.000000	97.246
2470.000000	97.156
2500.000000	97.084
2540.000000	96.984
2580.000000	96.883
2620.000000	96.784
2650.000000	96.709
2690.000000	96.600
2720.000000	96.506
2760.000000	96.362
2800.000000	96.202
2850.000000	95.997
2900.000000	95.803
2950.000000	95.631
3000.000000	95.480
3040.000000	95.373
3070.000000	95.300
3110.000000	95.213
3150.000000	95.136
3200.000000	95.049
3250.000000	94.969
3300.000000	94.895
3350.000000	94.825
3400.000000	94.753
3450.000000	94.675
3500.000000	94.582
3550.000000	94.475
3600.000000	94.363
3650.000000	94.272
3700.000000	94.234
3750.000000	94.274
3820.000000	94.445
3870.000000	94.600
3950.000000	94.799
4000.000000	94.852
4060.000000	94.824
4120.000000	94.701
4180.000000	94.487
4250.000000	94.126
4310.000000	93.731
4370.000000	93.272
4440.000000	92.684
4500.000000	92.160
4550.000000	91.722
4620.000000	91.109
4680.000000	90.580
4750.000000	89.949
4820.000000	89.308
4870.000000	88.848
4940.000000	88.211
5000.000000	87.683
5080.000000	87.020
5150.000000	86.473
5220.000000	85.943
5300.000000	85.340
5380.000000	84.725
5450.000000	84.186
5520.000000	83.671
5600.000000	83.117
5700.000000	82.438
5800.000000	81.742
5900.000000	81.055
6000.000000	80.450
6080.000000	80.051
6150.000000	79.761
6220.000000	79.519
6300.000000	79.296
6400.000000	79.107
6500.000000	79.024
6600.000000	79.023
6700.000000	79.062
6800.000000	79.109
6900.000000	79.165
7000.000000	79.249
7100.000000	79.366
7200.000000	79.491
7300.000000	79.599
7400.000000	79.658
7500.000000	79.633
7620.000000	79.447
7750.000000	79.111
7880.000000	78.857
8000.000000	78.922
8120.000000	79.376
8250.000000	80.250
8380.000000	81.348
8500.000000	82.390
8620.000000	83.346
8750.000000	84.238
8850.000000	84.833
9000.000000	85.611
9120.000000	86.102
9250.000000	86.403
9380.000000	86.384
9500.000000	86.081
9620.000000	85.570
9750.000000	84.883
9880.000000	84.146
10000.000000	83.464
10150.000000	82.648
10300.000000	81.909
10440.000000	81.318
10600.000000	80.733
10750.000000	80.126
10900.000000	79.313
11060.000000	78.366
11200.000000	77.816
11380.000000	77.627
11500.000000	77.688
11720.000000	78.002
11800.000000	78.172
12060.000000	78.812
12200.000000	79.124
12410.000000	79.502
12500.000000	79.642
12650.000000	79.873
12800.000000	80.125
13150.000000	80.871
13200.000000	81.002
13400.000000	81.614
13600.000000	82.341
13800.000000	83.079
14000.000000	83.693
14300.000000	84.223
14500.000000	84.309
14750.000000	84.205
15000.000000	84.024
15250.000000	83.871
15500.000000	83.743
15750.000000	83.549
16000.000000	83.178
16250.000000	82.552
16500.000000	81.647
16750.000000	80.495
17000.000000	79.171
17250.000000	77.750
17500.000000	76.291
17750.000000	74.820
18000.000000	73.359
18250.000000	71.950
18500.000000	70.656
18750.000000	69.501
19000.000000	68.435
19250.000000	67.379
19500.000000	66.289
19750.000000	65.230
20000.000000	64.502
