10.000000	94.519
10.150000	94.497
10.300000	94.486
10.440000	94.484
10.600000	94.494
10.750000	94.518
10.900000	94.553
11.060000	94.600
11.200000	94.651
11.380000	94.721
11.500000	94.771
11.720000	94.863
11.800000	94.895
12.060000	94.993
12.200000	95.040
12.410000	95.103
12.500000	95.126
12.650000	95.161
12.800000	95.192
13.150000	95.250
13.200000	95.257
13.400000	95.282
13.600000	95.304
13.800000	95.321
14.000000	95.336
14.300000	95.355
14.500000	95.365
14.750000	95.377
15.000000	95.390
15.250000	95.403
15.500000	95.418
15.750000	95.434
16.000000	95.451
16.250000	95.469
16.500000	95.492
16.750000	95.520
17.000000	95.556
17.250000	95.601
17.500000	95.653
17.750000	95.708
18.000000	95.759
18.250000	95.801
18.500000	95.829
18.750000	95.842
19.000000	95.840
19.250000	95.829
19.500000	95.814
19.750000	95.799
20.000000	95.789
20.299999	95.782
20.600000	95.778
20.900000	95.770
21.200001	95.754
21.400000	95.738
21.799999	95.698
22.000000	95.677
22.400000	95.641
22.700001	95.622
23.000000	95.613
23.299999	95.612
23.600000	95.618
24.000000	95.630
24.299999	95.635
24.700001	95.621
25.000000	95.589
25.400000	95.518
25.799999	95.438
26.200001	95.392
26.500000	95.399
26.900000	95.462
27.200001	95.528
27.600000	95.599
28.000000	95.612
28.500000	95.540
29.000000	95.419
29.500000	95.303
30.000000	95.205
30.400000	95.129
30.700001	95.071
31.100000	94.995
31.500000	94.926
32.000000	94.843
32.500000	94.744
33.000000	94.620
33.500000	94.489
34.000000	94.373
34.500000	94.278
35.000000	94.193
35.500000	94.100
36.000000	93.981
36.500000	93.827
37.000000	93.654
37.500000	93.514
38.200001	93.454
38.700001	93.472
39.500000	93.428
40.000000	93.353
40.599998	93.290
41.200001	93.279
41.799999	93.276
42.500000	93.245
43.099998	93.206
43.700001	93.152
44.400002	93.065
45.000000	92.988
45.500000	92.927
46.200001	92.818
46.799999	92.679
47.500000	92.473
48.200001	92.256
48.700001	92.111
49.400002	91.913
50.000000	91.716
50.799999	91.395
51.500000	91.109
52.200001	90.836
53.000000	90.468
53.799999	90.060
54.500000	89.771
55.200001	89.543
56.000000	89.266
57.000000	88.870
58.000000	88.506
59.000000	88.186
60.000000	87.782
60.799999	87.455
61.500000	87.253
62.200001	87.085
63.000000	86.865
64.000000	86.621
65.000000	86.486
66.000000	86.468
67.000000	86.553
68.000000	86.654
69.000000	86.757
70.000000	86.905
71.000000	87.082
72.000000	87.242
73.000000	87.402
74.000000	87.610
75.000000	87.868
76.199997	88.181
77.500000	88.465
78.800003	88.725
80.000000	89.006
81.199997	89.286
82.500000	89.524
83.800003	89.757
85.000000	89.984
86.199997	90.202
87.500000	90.442
88.500000	90.633
90.000000	90.925
91.199997	91.148
92.500000	91.381
93.800003	91.611
95.000000	91.819
96.199997	92.012
97.500000	92.204
98.800003	92.376
100.000000	92.513
101.500000	92.640
103.000000	92.716
104.400002	92.750
106.000000	92.758
107.500000	92.742
109.000000	92.691
110.599998	92.602
112.000000	92.503
113.800003	92.358
115.000000	92.266
117.199997	92.128
118.000000	92.082
120.599998	91.838
122.000000	91.682
124.099998	91.444
125.000000	91.323
126.500000	91.103
128.000000	90.875
131.500000	90.381
132.000000	90.312
134.000000	90.027
136.000000	89.747
138.000000	89.499
140.000000	89.279
143.000000	88.986
145.000000	88.797
147.500000	88.536
150.000000	88.257
152.500000	87.939
155.000000	87.594
157.500000	87.224
160.000000	86.834
162.500000	86.435
165.000000	86.022
167.500000	85.608
170.000000	85.211
172.500000	84.874
175.000000	84.642
177.500000	84.544
180.000000	84.562
182.500000	84.654
185.000000	84.753
187.500000	84.805
190.000000	84.808
192.500000	84.782
195.000000	84.748
197.500000	84.710
200.000000	84.670
203.000000	84.622
206.000000	84.581
209.000000	84.550
212.000000	84.532
214.000000	84.522
218.000000	84.511
220.000000	84.510
224.000000	84.505
227.000000	84.513
230.000000	84.519
233.000000	84.518
236.000000	84.519
240.000000	84.517
243.000000	84.512
247.000000	84.497
250.000000	84.477
254.000000	84.437
258.000000	84.388
262.000000	84.332
265.000000	84.287
269.000000	84.218
272.000000	84.166
276.000000	84.144
280.000000	84.262
285.000000	84.573
290.000000	84.802
295.000000	84.876
300.000000	84.876
304.000000	84.862
307.000000	84.853
311.000000	84.852
315.000000	84.845
320.000000	84.820
325.000000	84.794
330.000000	84.776
335.000000	84.761
340.000000	84.741
345.000000	84.718
350.000000	84.695
355.000000	84.679
360.000000	84.677
365.000000	84.678
370.000000	84.670
375.000000	84.663
382.000000	84.647
387.000000	84.628
395.000000	84.580
400.000000	84.547
406.000000	84.509
412.000000	84.469
418.000000	84.426
425.000000	84.370
431.000000	84.318
437.000000	84.274
444.000000	84.236
450.000000	84.208
455.000000	84.186
462.000000	84.153
468.000000	84.125
475.000000	84.086
482.000000	84.031
487.000000	83.985
494.000000	83.925
500.000000	83.875
508.000000	83.804
515.000000	83.750
522.000000	83.709
530.000000	83.678
538.000000	83.651
545.000000	83.623
552.000000	83.587
560.000000	83.545
570.000000	83.499
580.000000	83.452
590.000000	83.407
600.000000	83.367
608.000000	83.335
615.000000	83.308
622.000000	83.285
630.000000	83.263
640.000000	83.235
650.000000	83.209
660.000000	83.184
670.000000	83.156
680.000000	83.129
690.000000	83.106
700.000000	83.083
710.000000	83.058
720.000000	83.031
730.000000	83.007
740.000000	82.983
750.000000	82.957
762.000000	82.922
775.000000	82.878
788.000000	82.829
800.000000	82.782
812.000000	82.732
825.000000	82.668
838.000000	82.601
850.000000	82.539
862.000000	82.471
875.000000	82.404
885.000000	82.364
900.000000	82.331
912.000000	82.348
925.000000	82.415
938.000000	82.508
950.000000	82.589
962.000000	82.653
975.000000	82.695
988.000000	82.715
1000.000000	82.725
1015.000000	82.735
1030.000000	82.752
1044.000000	82.776
1060.000000	82.817
1075.000000	82.872
1090.000000	82.940
1106.000000	83.032
1120.000000	83.120
1138.000000	83.238
1150.000000	83.315
1172.000000	83.429
1180.000000	83.457
1206.000000	83.459
1220.000000	83.394
1241.000000	83.211
1250.000000	83.108
1265.000000	82.917
1280.000000	82.721
1315.000000	82.333
1320.000000	82.291
1340.000000	82.153
1360.000000	82.061
1380.000000	81.994
1400.000000	81.934
1430.000000	81.839
1450.000000	81.767
1475.000000	81.651
1500.000000	81.489
1525.000000	81.284
1550.000000	81.202
1575.000000	81.610
1600.000000	82.222
1625.000000	82.558
1650.000000	82.728
1675.000000	82.881
1700.000000	83.053
1725.000000	83.247
1750.000000	83.457
1775.000000	83.675
1800.000000	83.895
1825.000000	84.114
1850.000000	84.333
1875.000000	84.558
1900.000000	84.787
1925.000000	85.021
1950.000000	85.253
1975.000000	85.476
2000.000000	85.690
2030.000000	85.935
2060.000000	86.175
2090.000000	86.416
2120.000000	86.665
2140.000000	86.840
2180.000000	87.229
2200.000000	87.447
2240.000000	87.926
2270.000000	88.294
2300.000000	88.651
2330.000000	88.993
2360.000000	89.322
2400.000000	89.725
2430.000000	89.972
2470.000000	90.196
2500.000000	90.304
2540.000000	90.421
2580.000000	90.570
2620.000000	90.781
2650.000000	90.960
2690.000000	91.181
2720.000000	91.318
2760.000000	91.458
2800.000000	91.556
2850.000000	91.640
2900.000000	91.694
2950.000000	91.714
3000.000000	91.699
3040.000000	91.657
3070.000000	91.604
3110.000000	91.504
3150.000000	91.366
3200.000000	91.143
3250.000000	90.866
3300.000000	90.551
3350.000000	90.215
3400.000000	89.884
3450.000000	89.598
3500.000000	89.409
3550.000000	89.288
3600.000000	89.146
3650.000000	89.001
3700.000000	88.899
3750.000000	88.802
3820.000000	88.553
3870.000000	88.258
3950.000000	87.586
4000.000000	87.040
4060.000000	86.335
4120.000000	85.782
4180.000000	85.525
4250.000000	85.560
4310.000000	85.816
4370.000000	86.282
4440.000000	87.089
4500.000000	87.913
4550.000000	88.596
4620.000000	89.491
4680.000000	90.278
4750.000000	91.276
4820.000000	92.219
4870.000000	92.766
4940.000000	93.339
5000.000000	93.706
5080.000000	94.063
5150.000000	94.266
5220.000000	94.441
5300.000000	94.623
5380.000000	94.633
5450.000000	94.458
5520.000000	94.149
5600.000000	93.704
5700.000000	93.112
5800.000000	92.520
5900.000000	91.973
6000.000000	91.497
6080.000000	91.168
6150.000000	90.929
6220.000000	90.726
6300.000000	90.509
6400.000000	90.224
6500.000000	89.967
6600.000000	89.804
6700.000000	89.710
6800.000000	89.614
6900.000000	89.445
7000.000000	89.198
7100.000000	88.952
7200.000000	88.780
7300.000000	88.699
7400.000000	88.686
7500.000000	88.729
7620.000000	88.901
7750.000000	89.297
7880.000000	89.662
8000.000000	89.595
8120.000000	89.000
8250.000000	87.849
8380.000000	86.435
8500.000000	85.187
8620.000000	84.148
8750.000000	83.189
8850.000000	82.443
9000.000000	81.163
9120.000000	80.086
9250.000000	79.113
9380.000000	78.583
9500.000000	78.501
9620.000000	78.631
9750.000000	78.869
9880.000000	79.217
10000.000000	79.696
10150.000000	80.581
10300.000000	81.811
10440.000000	83.111
10600.000000	84.357
10750.000000	84.913
10900.000000	84.749
11060.000000	83.999
11200.000000	83.097
11380.000000	81.555
11500.000000	80.333
11720.000000	78.531
11800.000000	78.129
12060.000000	77.661
12200.000000	77.910
12410.000000	78.389
12500.000000	78.516
12650.000000	78.660
12800.000000	78.821
13150.000000	79.612
13200.000000	79.728
13400.000000	80.060
13600.000000	80.124
13800.000000	79.827
14000.000000	79.233
14300.000000	78.318
14500.000000	77.378
14750.000000	74.713
15000.000000	69.833
15250.000000	65.710
15500.000000	66.143
15750.000000	69.049
16000.000000	73.492
16250.000000	77.182
16500.000000	79.250
16750.000000	79.767
17000.000000	79.429
17250.000000	78.806
17500.000000	77.744
17750.000000	76.257
18000.000000	75.051
18250.000000	74.610
18500.000000	75.038
18750.000000	75.824
19000.000000	76.210
19250.000000	75.651
19500.000000	73.883
19750.000000	70.921
20000.000000	67.006
