10 56.75
10.072464 56.83
10.145453 56.91
10.218971 57.00
10.293022 57.09
10.36761 57.19
10.442738 57.28
10.518411 57.39
10.594631 57.49
10.671404 57.60
10.748734 57.72
10.826623 57.83
10.905077 57.95
10.9841 58.07
11.063695 58.19
11.143867 58.31
11.224621 58.43
11.305959 58.55
11.387886 58.67
11.470407 58.79
11.553527 58.91
11.637249 59.03
11.721577 59.14
11.806517 59.25
11.892071 59.36
11.978246 59.47
12.065045 59.57
12.152473 59.67
12.240536 59.77
12.329235 59.86
12.418578 59.96
12.508568 60.05
12.599211 60.13
12.69051 60.21
12.782471 60.30
12.875097 60.37
12.968395 60.45
13.06237 60.52
13.157025 60.60
13.252366 60.67
13.348398 60.74
13.445127 60.81
13.542556 60.88
13.640691 60.95
13.739536 61.01
13.839099 61.08
13.939383 61.14
14.040393 61.21
14.142136 61.27
14.244616 61.33
14.347837 61.39
14.451808 61.45
14.556532 61.51
14.662014 61.57
14.768262 61.62
14.875278 61.68
14.98307 61.73
15.091644 61.79
15.201005 61.84
15.311157 61.89
15.422109 61.95
15.533863 62.00
15.646428 62.05
15.759809 62.10
15.87401 62.15
15.98904 62.20
16.104904 62.26
16.221605 62.31
16.339155 62.37
16.457554 62.42
16.576813 62.48
16.696936 62.53
16.817928 62.59
16.939798 62.65
17.062551 62.71
17.186193 62.78
17.310732 62.84
17.436172 62.91
17.562521 62.98
17.689787 63.05
17.817974 63.12
17.94709 63.20
18.077143 63.27
18.208138 63.35
18.34008 63.43
18.47298 63.51
18.606844 63.60
18.741676 63.68
18.877487 63.77
19.01428 63.85
19.152065 63.94
19.29085 64.02
19.430639 64.10
19.571442 64.18
19.713264 64.26
19.856115 64.34
20 64.42
20.144928 64.50
20.290907 64.57
20.437943 64.65
20.586044 64.73
20.73522 64.80
20.885475 64.89
21.036821 64.97
21.189262 65.05
21.342808 65.14
21.497467 65.23
21.653246 65.32
21.810154 65.41
21.968201 65.50
22.12739 65.59
22.287735 65.67
22.449242 65.75
22.611917 65.82
22.775772 65.89
22.940815 65.95
23.107054 66.01
23.274498 66.07
23.443153 66.12
23.613033 66.17
23.784142 66.22
23.956491 66.28
24.130091 66.34
24.304947 66.40
24.481071 66.47
24.65847 66.54
24.837156 66.62
25.017136 66.70
25.198421 66.78
25.38102 66.87
25.564941 66.96
25.750195 67.05
25.93679 67.13
26.124741 67.22
26.314051 67.30
26.504732 67.39
26.696796 67.47
26.890253 67.54
27.085112 67.62
27.281382 67.70
27.479073 67.77
27.678198 67.85
27.878765 67.92
28.080786 68.00
28.284271 68.07
28.489231 68.14
28.695675 68.21
28.903616 68.28
29.113064 68.35
29.324028 68.41
29.536524 68.48
29.750557 68.55
29.966141 68.63
30.183289 68.72
30.40201 68.83
30.622314 68.94
30.844217 69.07
31.067726 69.20
31.292856 69.33
31.519617 69.46
31.74802 69.57
31.978081 69.68
32.209808 69.77
32.443211 69.85
32.67831 69.91
32.915108 69.98
33.153625 70.04
33.393871 70.10
33.635857 70.16
33.879597 70.22
34.125103 70.29
34.372387 70.35
34.621464 70.42
34.872345 70.48
35.125042 70.54
35.379574 70.60
35.635948 70.67
35.89418 70.74
36.154285 70.82
36.416275 70.91
36.680161 71.01
36.945961 71.11
37.213688 71.21
37.483353 71.32
37.754974 71.42
38.028561 71.52
38.304131 71.62
38.581699 71.72
38.861279 71.83
39.142883 71.93
39.426529 72.03
39.712231 72.13
40 72.23
40.289856 72.34
40.581814 72.44
40.875885 72.54
41.172089 72.64
41.47044 72.75
41.77095 72.85
42.073643 72.95
42.378525 73.04
42.685616 73.13
42.994934 73.22
43.306492 73.31
43.620308 73.40
43.936401 73.49
44.25478 73.59
44.57547 73.70
44.898483 73.81
45.223835 73.92
45.551544 74.03
45.88163 74.14
46.214108 74.26
46.548996 74.37
46.886307 74.50
47.226067 74.62
47.568283 74.75
47.912983 74.88
48.260181 75.00
48.609894 75.12
48.962143 75.24
49.31694 75.35
49.674313 75.46
50.034271 75.56
50.396843 75.66
50.762039 75.75
51.129883 75.85
51.500389 75.95
51.873581 76.07
52.249481 76.19
52.628101 76.33
53.009464 76.47
53.393593 76.60
53.780506 76.73
54.170223 76.86
54.562763 76.98
54.958145 77.11
55.356396 77.23
55.75753 77.35
56.161572 77.47
56.568542 77.59
56.978462 77.71
57.39135 77.82
57.807232 77.92
58.226128 78.03
58.648056 78.13
59.073048 78.24
59.501114 78.34
59.932281 78.45
60.366577 78.56
60.80402 78.66
61.244629 78.77
61.688435 78.87
62.135452 78.97
62.585712 79.08
63.039234 79.18
63.49604 79.28
63.956161 79.38
64.419617 79.47
64.886421 79.56
65.356621 79.66
65.830215 79.74
66.307251 79.83
66.787743 79.92
67.271713 80.00
67.759193 80.08
68.250206 80.17
68.744774 80.25
69.242928 80.33
69.74469 80.41
70.250084 80.49
70.759148 80.57
71.271896 80.65
71.788361 80.73
72.308571 80.81
72.83255 80.88
73.360321 80.95
73.891922 81.02
74.427376 81.09
74.966705 81.16
75.509949 81.22
76.057121 81.29
76.608261 81.35
77.163399 81.41
77.722557 81.47
78.285767 81.53
78.853058 81.58
79.424461 81.64
80 81.69
80.579712 81.74
81.163628 81.79
81.75177 81.84
82.344177 81.88
82.94088 81.92
83.541901 81.96
84.147285 82.00
84.75705 82.04
85.371231 82.08
85.989868 82.12
86.612984 82.16
87.240616 82.20
87.872803 82.23
88.50956 82.26
89.15094 82.29
89.796967 82.31
90.44767 82.34
91.103088 82.36
91.76326 82.39
92.428215 82.42
93.097992 82.44
93.772614 82.46
94.452133 82.48
95.136566 82.50
95.825966 82.52
96.520363 82.54
97.219788 82.55
97.924286 82.56
98.633881 82.57
99.348625 82.59
100.068542 82.60
100.793686 82.61
101.524078 82.62
102.259766 82.62
103.000778 82.62
103.747162 82.62
104.498962 82.62
105.256203 82.62
106.018929 82.61
106.787186 82.59
107.561012 82.58
108.340446 82.56
109.125526 82.54
109.91629 82.53
110.712791 82.51
111.51506 82.48
112.323143 82.45
113.137085 82.41
113.956924 82.38
114.7827 82.35
115.614464 82.33
116.452255 82.31
117.296112 82.29
118.146095 82.28
119.002228 82.26
119.864563 82.24
120.733154 82.22
121.60804 82.20
122.489258 82.20
123.376869 82.20
124.270905 82.21
125.171425 82.22
126.078468 82.22
126.992081 82.23
127.912323 82.25
128.839233 82.26
129.772842 82.27
130.713242 82.28
131.660431 82.29
132.614502 82.30
133.575485 82.30
134.543427 82.31
135.518387 82.32
136.500412 82.34
137.489548 82.36
138.485855 82.37
139.48938 82.38
140.500168 82.39
141.518295 82.41
142.543793 82.42
143.576721 82.43
144.617142 82.44
145.6651 82.44
146.720642 82.45
147.783844 82.46
148.854752 82.47
149.933411 82.48
151.019897 82.48
152.114243 82.49
153.216522 82.49
154.326797 82.50
155.445114 82.50
156.571533 82.50
157.706116 82.51
158.848923 82.52
160 82.52
161.159424 82.53
162.327255 82.53
163.50354 82.54
164.688354 82.54
165.88176 82.54
167.083801 82.54
168.294571 82.55
169.514099 82.55
170.742462 82.55
171.979736 82.56
173.225967 82.57
174.481232 82.58
175.745605 82.58
177.019119 82.59
178.30188 82.59
179.593933 82.60
180.89534 82.60
182.206177 82.60
183.52652 82.60
184.85643 82.59
186.195984 82.60
187.545227 82.60
188.904266 82.60
190.273132 82.60
191.651932 82.61
193.040726 82.61
194.439575 82.61
195.848572 82.61
197.267761 82.61
198.69725 82.61
200.137085 82.60
201.587372 82.60
203.048157 82.60
204.519531 82.61
206.001556 82.61
207.494324 82.61
208.997925 82.61
210.512405 82.60
212.037857 82.60
213.574371 82.60
215.122025 82.60
216.680893 82.60
218.251053 82.60
219.832581 82.60
221.425583 82.60
223.030121 82.59
224.646286 82.58
226.27417 82.58
227.913849 82.58
229.565399 82.57
231.228928 82.56
232.90451 82.56
234.592224 82.54
236.292191 82.53
238.004456 82.52
239.729126 82.51
241.466309 82.50
243.21608 82.50
244.978516 82.49
246.753738 82.48
248.541809 82.47
250.34285 82.46
252.156937 82.44
253.984161 82.43
255.824646 82.41
257.678467 82.40
259.545685 82.38
261.426483 82.37
263.320862 82.36
265.229004 82.36
267.15097 82.36
269.086853 82.36
271.036774 82.37
273.000824 82.38
274.979095 82.38
276.97171 82.39
278.97876 82.40
281.000336 82.41
283.036591 82.43
285.087585 82.44
287.153442 82.45
289.234283 82.46
291.3302 82.47
293.441284 82.48
295.567688 82.50
297.709503 82.51
299.866821 82.52
302.039795 82.53
304.228485 82.54
306.433044 82.55
308.653595 82.56
310.890228 82.57
313.143066 82.58
315.412231 82.58
317.697845 82.59
320 82.59
322.318848 82.60
324.65451 82.61
327.00708 82.62
329.376709 82.63
331.763519 82.64
334.167603 82.65
336.589142 82.66
339.028198 82.66
341.484924 82.68
343.959473 82.69
346.451935 82.71
348.962463 82.72
351.491211 82.73
354.038239 82.74
356.60376 82.75
359.187866 82.77
361.79068 82.78
364.412354 82.80
367.05304 82.81
369.71286 82.83
372.391968 82.84
375.090454 82.85
377.808533 82.86
380.546265 82.87
383.303864 82.88
386.081451 82.89
388.87915 82.90
391.697144 82.91
394.535522 82.92
397.394501 82.93
400.27417 82.94
403.174744 82.96
406.096313 82.97
409.039062 82.98
412.003113 82.99
414.988647 83.00
417.99585 83.01
421.024811 83.03
424.075714 83.04
427.148743 83.06
430.244049 83.07
433.361786 83.09
436.502106 83.11
439.665161 83.12
442.851166 83.14
446.060242 83.16
449.292572 83.18
452.54834 83.19
455.827698 83.21
459.130798 83.23
462.457855 83.25
465.809021 83.26
469.184448 83.28
472.584381 83.30
476.008911 83.32
479.458252 83.33
482.932617 83.35
486.432159 83.37
489.957031 83.39
493.507477 83.41
497.083618 83.42
500.685699 83.44
504.313873 83.47
507.968323 83.48
511.649292 83.50
515.356934 83.53
519.09137 83.55
522.852966 83.57
526.641724 83.59
530.458008 83.61
534.301941 83.63
538.173706 83.65
542.073547 83.67
546.001648 83.70
549.958191 83.72
553.94342 83.75
557.95752 83.77
562.000671 83.79
566.073181 83.81
570.175171 83.84
574.306885 83.86
578.468567 83.89
582.6604 83.91
586.882568 83.94
591.135376 83.96
595.419006 83.99
599.733643 84.02
604.07959 84.04
608.45697 84.06
612.866089 84.08
617.30719 84.11
621.780457 84.13
626.286133 84.16
630.824463 84.18
635.395691 84.21
640 84.24
644.637695 84.26
649.309021 84.29
654.01416 84.31
658.753418 84.33
663.527039 84.36
668.335205 84.39
673.178284 84.41
678.056396 84.44
682.969849 84.46
687.918945 84.49
692.90387 84.52
697.924927 84.54
702.982422 84.57
708.076477 84.59
713.20752 84.62
718.375732 84.65
723.58136 84.68
728.824707 84.70
734.106079 84.73
739.42572 84.76
744.783936 84.78
750.180908 84.81
755.617065 84.84
761.092529 84.87
766.607727 84.89
772.162903 84.92
777.758301 84.95
783.394287 84.97
789.071045 85.00
794.789001 85.03
800.54834 85.06
806.349487 85.09
812.192627 85.11
818.078125 85.14
824.006226 85.17
829.977295 85.19
835.991699 85.22
842.049622 85.25
848.151428 85.28
854.297485 85.30
860.488098 85.33
866.723572 85.35
873.004211 85.38
879.330322 85.40
885.702332 85.43
892.120483 85.45
898.585144 85.48
905.09668 85.51
911.655396 85.53
918.261597 85.56
924.91571 85.58
931.618042 85.61
938.368896 85.63
945.168762 85.65
952.017822 85.68
958.916504 85.70
965.865234 85.73
972.864319 85.75
979.914062 85.77
987.014954 85.80
994.167236 85.82
1001.371399 85.85
1008.627747 85.88
1015.936646 85.90
1023.298584 85.93
1030.713867 85.95
1038.182739 85.98
1045.705933 86.00
1053.283447 86.03
1060.916016 86.06
1068.603882 86.09
1076.347412 86.12
1084.147095 86.15
1092.003296 86.19
1099.916382 86.22
1107.886841 86.25
1115.915039 86.28
1124.001343 86.32
1132.146362 86.36
1140.350342 86.39
1148.61377 86.43
1156.937134 86.47
1165.320801 86.51
1173.765137 86.55
1182.270752 86.59
1190.838013 86.63
1199.467285 86.68
1208.15918 86.72
1216.91394 86.77
1225.732178 86.81
1234.61438 86.86
1243.560913 86.91
1252.572266 86.95
1261.648926 87.00
1270.791382 87.06
1280 87.11
1289.275391 87.17
1298.618042 87.22
1308.02832 87.28
1317.506836 87.33
1327.054077 87.39
1336.67041 87.45
1346.356567 87.51
1356.112793 87.58
1365.939697 87.64
1375.837891 87.71
1385.807739 87.78
1395.849854 87.85
1405.964844 87.92
1416.152954 87.99
1426.415039 88.06
1436.751465 88.14
1447.16272 88.22
1457.649414 88.29
1468.212158 88.37
1478.85144 88.45
1489.567871 88.53
1500.361816 88.62
1511.234131 88.70
1522.185059 88.78
1533.215454 88.87
1544.325806 88.95
1555.516602 89.04
1566.788574 89.13
1578.14209 89.22
1589.578003 89.31
1601.09668 89.40
1612.698975 89.49
1624.385254 89.58
1636.15625 89.67
1648.012451 89.76
1659.95459 89.85
1671.983398 89.94
1684.099243 90.03
1696.302856 90.12
1708.594971 90.21
1720.976196 90.30
1733.447144 90.38
1746.008423 90.46
1758.660645 90.54
1771.404663 90.62
1784.240967 90.70
1797.170288 90.77
1810.193359 90.85
1823.310791 90.92
1836.523193 91.00
1849.831421 91.07
1863.236084 91.14
1876.737793 91.22
1890.337524 91.29
1904.035645 91.36
1917.833008 91.43
1931.730469 91.50
1945.728638 91.57
1959.828125 91.63
1974.029907 91.69
1988.334473 91.75
2002.742798 91.79
2017.255493 91.84
2031.873291 91.89
2046.597168 91.93
2061.427734 91.97
2076.365479 92.01
2091.411865 92.06
2106.566895 92.11
2121.832031 92.17
2137.207764 92.21
2152.694824 92.25
2168.294189 92.28
2184.006592 92.32
2199.832764 92.35
2215.773682 92.38
2231.830078 92.40
2248.002686 92.42
2264.292725 92.45
2280.700684 92.47
2297.227539 92.48
2313.874268 92.49
2330.641602 92.48
2347.530273 92.47
2364.541504 92.45
2381.676025 92.44
2398.93457 92.42
2416.318359 92.40
2433.827881 92.39
2451.464355 92.37
2469.22876 92.36
2487.121826 92.34
2505.144531 92.32
2523.297852 92.31
2541.582764 92.31
2560 92.32
2578.550781 92.34
2597.236084 92.38
2616.056641 92.42
2635.013672 92.46
2654.108154 92.49
2673.34082 92.51
2692.713135 92.54
2712.225586 92.56
2731.879395 92.56
2751.675781 92.55
2771.615479 92.53
2791.699707 92.50
2811.929688 92.48
2832.305908 92.48
2852.830078 92.51
2873.50293 92.54
2894.325439 92.58
2915.298828 92.62
2936.424316 92.67
2957.702881 92.73
2979.135742 92.78
3000.723633 92.83
3022.468262 92.88
3044.370117 92.94
3066.430908 93.00
3088.651611 93.06
3111.033203 93.11
3133.577148 93.14
3156.28418 93.18
3179.156006 93.24
3202.193359 93.33
3225.397949 93.44
3248.770508 93.54
3272.3125 93.61
3296.024902 93.68
3319.90918 93.76
3343.966797 93.85
3368.198486 93.93
3392.605713 94.03
3417.189941 94.13
3441.952393 94.24
3466.894287 94.37
3492.016846 94.51
3517.321289 94.64
3542.809326 94.77
3568.481934 94.90
3594.340576 95.01
3620.386719 95.10
3646.621582 95.17
3673.046387 95.20
3699.662842 95.21
3726.472168 95.19
3753.475586 95.15
3780.675049 95.08
3808.071289 95.01
3835.666016 94.94
3863.460938 94.88
3891.457275 94.82
3919.65625 94.77
3948.059814 94.72
3976.668945 94.67
4005.485596 94.62
4034.510986 94.57
4063.746582 94.52
4093.194336 94.47
4122.855469 94.42
4152.730957 94.35
4182.82373 94.28
4213.133789 94.21
4243.664062 94.15
4274.415527 94.10
4305.389648 94.06
4336.588379 94.03
4368.013184 93.99
4399.665527 93.96
4431.547363 93.93
4463.660156 93.89
4496.005371 93.85
4528.585449 93.80
4561.401367 93.75
4594.455078 93.70
4627.748535 93.66
4661.283203 93.63
4695.060547 93.60
4729.083008 93.58
4763.352051 93.56
4797.869141 93.52
4832.636719 93.47
4867.655762 93.39
4902.928711 93.32
4938.45752 93.25
4974.243652 93.17
5010.289062 93.07
5046.595703 92.94
5083.165527 92.80
5120 92.64
5157.101562 92.48
5194.472168 92.33
5232.113281 92.16
5270.027344 92.00
5308.216309 91.85
5346.681641 91.74
5385.42627 91.64
5424.451172 91.57
5463.758789 91.52
5503.351562 91.47
5543.230957 91.42
5583.399414 91.38
5623.859375 91.33
5664.611816 91.26
5705.660156 91.18
5747.005859 91.09
5788.650879 90.99
5830.597656 90.88
5872.848633 90.76
5915.405762 90.64
5958.271484 90.52
6001.447266 90.40
6044.936523 90.28
6088.740234 90.17
6132.861816 90.06
6177.303223 89.95
6222.066406 89.85
6267.154297 89.76
6312.568359 89.68
6358.312012 89.61
6404.386719 89.54
6450.795898 89.49
6497.541016 89.45
6544.625 89.41
6592.049805 89.39
6639.818359 89.37
6687.933594 89.36
6736.396973 89.36
6785.211426 89.35
6834.379883 89.34
6883.904785 89.35
6933.788574 89.36
6984.033691 89.39
7034.642578 89.42
7085.618652 89.47
7136.963867 89.52
7188.681152 89.59
7240.773438 89.67
7293.243164 89.77
7346.092773 89.87
7399.325684 89.98
7452.944336 90.11
7506.951172 90.25
7561.350098 90.40
7616.142578 90.54
7671.332031 90.66
7726.921875 90.74
7782.914551 90.77
7839.3125 90.73
7896.119629 90.62
7953.337891 90.42
8010.971191 90.14
8069.021973 89.77
8127.493164 89.32
8186.388672 88.79
8245.710938 88.21
8305.461914 87.57
8365.647461 86.90
8426.267578 86.20
8487.328125 85.48
8548.831055 84.77
8610.779297 84.06
8673.176758 83.40
8736.026367 82.79
8799.331055 82.26
8863.094727 81.82
8927.320312 81.49
8992.010742 81.25
9057.170898 81.06
9122.802734 80.91
9188.910156 80.77
9255.49707 80.61
9322.566406 80.46
9390.121094 80.30
9458.166016 80.14
9526.704102 79.99
9595.738281 79.86
9665.273438 79.75
9735.311523 79.66
9805.857422 79.59
9876.915039 79.55
9948.487305 79.54
10020.578125 79.56
10093.191406 79.64
10166.331055 79.74
10240 79.89
10314.203125 80.08
10388.944336 80.33
10464.226562 80.64
10540.054688 80.99
10616.432617 81.39
10693.363281 81.82
10770.852539 82.26
10848.902344 82.67
10927.517578 83.04
11006.703125 83.33
11086.461914 83.54
11166.798828 83.70
11247.71875 83.82
11329.223633 83.94
11411.320312 84.08
11494.011719 84.27
11577.301758 84.55
11661.195312 84.91
11745.697266 85.37
11830.811523 85.91
11916.542969 86.55
12002.894531 87.26
12089.873047 88.02
12177.480469 88.78
12265.723633 89.50
12354.606445 90.12
12444.132812 90.57
12534.308594 90.75
12625.136719 90.63
12716.624023 90.24
12808.773438 89.62
12901.591797 88.84
12995.082031 87.97
13089.25 87.11
13184.099609 86.26
13279.636719 85.45
13375.867188 84.70
13472.793945 84.02
13570.422852 83.39
13668.759766 82.82
13767.80957 82.29
13867.577148 81.80
13968.067383 81.33
14069.285156 80.89
14171.237305 80.48
14273.927734 80.07
14377.362305 79.61
14481.546875 79.03
14586.486328 78.28
14692.185547 77.35
14798.651367 76.25
14905.888672 75.03
15013.902344 73.70
15122.700195 72.38
15232.285156 71.25
15342.664062 70.39
15453.84375 69.81
15565.829102 69.44
15678.625 69.18
15792.239258 69.00
15906.675781 68.92
16021.942383 68.95
16138.043945 69.11
16254.986328 69.38
16372.777344 69.73
16491.421875 70.14
16610.923828 70.59
16731.294922 71.05
16852.535156 71.52
16974.65625 72.03
17097.662109 72.65
17221.558594 73.41
17346.353516 74.23
17472.052734 75.02
17598.662109 75.73
17726.189453 76.37
17854.640625 76.95
17984.021484 77.48
18114.341797 78.01
18245.605469 78.54
18377.820312 79.07
18510.994141 79.57
18645.132812 79.99
18780.242188 80.23
18916.332031 80.24
19053.408203 80.00
19191.476562 79.53
19330.546875 78.90
19470.623047 78.15
19611.714844 77.30
19753.830078 76.35
19896.974609 75.30
