10.000000	83.321
10.072464	83.410
10.145453	83.498
10.218971	83.587
10.293022	83.674
10.367610	83.762
10.442738	83.849
10.518411	83.935
10.594631	84.022
10.671404	84.108
10.748734	84.193
10.826623	84.278
10.905077	84.363
10.984100	84.448
11.063695	84.532
11.143867	84.616
11.224621	84.700
11.305959	84.784
11.387886	84.867
11.470407	84.950
11.553527	85.033
11.637249	85.116
11.721577	85.199
11.806517	85.282
11.892071	85.365
11.978246	85.448
12.065045	85.530
12.152473	85.613
12.240536	85.695
12.329235	85.777
12.418578	85.858
12.508568	85.940
12.599211	86.021
12.690510	86.101
12.782471	86.181
12.875097	86.260
12.968395	86.339
13.062370	86.417
13.157025	86.495
13.252366	86.571
13.348398	86.647
13.445127	86.722
13.542556	86.797
13.640691	86.871
13.739536	86.944
13.839099	87.017
13.939383	87.089
14.040393	87.161
14.142136	87.233
14.244616	87.305
14.347837	87.377
14.451808	87.449
14.556532	87.521
14.662014	87.594
14.768262	87.668
14.875278	87.741
14.983070	87.815
15.091644	87.890
15.201005	87.965
15.311157	88.041
15.422109	88.117
15.533863	88.193
15.646428	88.270
15.759809	88.346
15.874010	88.423
15.989040	88.499
16.104904	88.575
16.221605	88.651
16.339155	88.727
16.457554	88.802
16.576813	88.877
16.696936	88.951
16.817928	89.024
16.939798	89.097
17.062551	89.170
17.186193	89.241
17.310732	89.312
17.436172	89.383
17.562521	89.453
17.689787	89.522
17.817974	89.591
17.947090	89.659
18.077143	89.726
18.208138	89.793
18.340080	89.859
18.472980	89.925
18.606844	89.990
18.741676	90.055
18.877487	90.119
19.014280	90.183
19.152065	90.247
19.290850	90.310
19.430639	90.373
19.571442	90.435
19.713264	90.497
19.856115	90.559
20.000000	90.621
20.144928	90.682
20.290907	90.742
20.437943	90.802
20.586044	90.861
20.735220	90.919
20.885475	90.977
21.036821	91.033
21.189262	91.088
21.342808	91.142
21.497467	91.195
21.653246	91.247
21.810154	91.298
21.968201	91.349
22.127390	91.399
22.287735	91.450
22.449242	91.500
22.611917	91.550
22.775772	91.600
22.940815	91.651
23.107054	91.702
23.274498	91.753
23.443153	91.804
23.613033	91.854
23.784142	91.905
23.956491	91.954
24.130091	92.003
24.304947	92.051
24.481071	92.098
24.658470	92.144
24.837156	92.189
25.017136	92.232
25.198421	92.275
25.381020	92.316
25.564941	92.357
25.750195	92.396
25.936790	92.435
26.124741	92.473
26.314051	92.510
26.504732	92.547
26.696796	92.582
26.890253	92.617
27.085112	92.652
27.281382	92.685
27.479073	92.717
27.678198	92.749
27.878765	92.779
28.080786	92.809
28.284271	92.837
28.489231	92.865
28.695675	92.891
28.903616	92.917
29.113064	92.941
29.324028	92.965
29.536524	92.988
29.750557	93.011
29.966141	93.033
30.183289	93.054
30.402010	93.075
30.622314	93.096
30.844217	93.117
31.067726	93.138
31.292856	93.158
31.519617	93.179
31.748020	93.199
31.978081	93.219
32.209808	93.239
32.443211	93.258
32.678310	93.278
32.915108	93.297
33.153625	93.316
33.393871	93.334
33.635857	93.352
33.879597	93.370
34.125103	93.387
34.372387	93.403
34.621464	93.418
34.872345	93.431
35.125042	93.444
35.379574	93.456
35.635948	93.468
35.894180	93.479
36.154285	93.489
36.416275	93.499
36.680161	93.508
36.945961	93.517
37.213688	93.525
37.483353	93.532
37.754974	93.540
38.028561	93.550
38.304131	93.561
38.581699	93.575
38.861279	93.591
39.142883	93.610
39.426529	93.630
39.712231	93.651
40.000000	93.671
40.289856	93.690
40.581814	93.707
40.875885	93.722
41.172089	93.734
41.470440	93.745
41.770950	93.754
42.073643	93.762
42.378525	93.767
42.685616	93.769
42.994934	93.769
43.306492	93.766
43.620308	93.761
43.936401	93.755
44.254780	93.747
44.575470	93.739
44.898483	93.730
45.223835	93.720
45.551544	93.710
45.881630	93.699
46.214108	93.688
46.548996	93.677
46.886307	93.667
47.226067	93.656
47.568283	93.646
47.912983	93.635
48.260181	93.622
48.609894	93.609
48.962143	93.594
49.316940	93.578
49.674313	93.560
50.034271	93.538
50.396843	93.513
50.762039	93.483
51.129883	93.450
51.500389	93.415
51.873581	93.379
52.249481	93.342
52.628101	93.306
53.009464	93.268
53.393593	93.228
53.780506	93.185
54.170223	93.139
54.562763	93.091
54.958145	93.043
55.356396	92.994
55.757530	92.946
56.161572	92.895
56.568542	92.842
56.978462	92.786
57.391350	92.727
57.807232	92.667
58.226128	92.608
58.648056	92.549
59.073048	92.491
59.501114	92.433
59.932281	92.375
60.366577	92.317
60.804020	92.258
61.244629	92.199
61.688435	92.141
62.135452	92.086
62.585712	92.034
63.039234	91.988
63.496040	91.947
63.956161	91.911
64.419617	91.878
64.886421	91.845
65.356621	91.812
65.830215	91.779
66.307251	91.746
66.787743	91.713
67.271713	91.680
67.759193	91.644
68.250206	91.606
68.744774	91.569
69.242928	91.534
69.744690	91.504
70.250084	91.476
70.759148	91.450
71.271896	91.426
71.788361	91.405
72.308571	91.388
72.832550	91.375
73.360321	91.366
73.891922	91.360
74.427376	91.355
74.966705	91.351
75.509949	91.350
76.057121	91.352
76.608261	91.357
77.163399	91.366
77.722557	91.378
78.285767	91.393
78.853058	91.410
79.424461	91.428
80.000000	91.443
80.579712	91.456
81.163628	91.468
81.751770	91.479
82.344177	91.490
82.940880	91.499
83.541901	91.508
84.147285	91.517
84.757050	91.529
85.371231	91.544
85.989868	91.560
86.612984	91.575
87.240616	91.589
87.872803	91.602
88.509560	91.617
89.150940	91.634
89.796967	91.651
90.447670	91.667
91.103088	91.683
91.763260	91.698
92.428215	91.713
93.097992	91.728
93.772614	91.742
94.452133	91.756
95.136566	91.766
95.825966	91.773
96.520363	91.780
97.219788	91.788
97.924286	91.798
98.633881	91.808
99.348625	91.817
100.068542	91.824
100.793686	91.829
101.524078	91.832
102.259766	91.832
103.000778	91.831
103.747162	91.830
104.498962	91.827
105.256203	91.823
106.018929	91.821
106.787186	91.821
107.561012	91.822
108.340446	91.818
109.125526	91.811
109.916290	91.801
110.712791	91.789
111.515060	91.776
112.323143	91.764
113.137085	91.756
113.956924	91.749
114.782700	91.740
115.614464	91.728
116.452255	91.713
117.296112	91.695
118.146095	91.675
119.002228	91.654
119.864563	91.636
120.733154	91.618
121.608040	91.594
122.489258	91.563
123.376869	91.526
124.270905	91.488
125.171425	91.453
126.078468	91.419
126.992081	91.385
127.912323	91.350
128.839233	91.321
129.772842	91.303
130.713242	91.278
131.660431	91.237
132.614502	91.186
133.575485	91.133
134.543427	91.080
135.518387	91.031
136.500412	90.986
137.489548	90.943
138.485855	90.899
139.489380	90.852
140.500168	90.799
141.518295	90.743
142.543793	90.686
143.576721	90.631
144.617142	90.575
145.665100	90.515
146.720642	90.453
147.783844	90.389
148.854752	90.322
149.933411	90.252
151.019897	90.180
152.114243	90.105
153.216522	90.022
154.326797	89.934
155.445114	89.841
156.571533	89.743
157.706116	89.638
158.848923	89.522
160.000000	89.396
161.159424	89.270
162.327255	89.148
163.503540	89.033
164.688354	88.929
165.881760	88.839
167.083801	88.761
168.294571	88.698
169.514099	88.657
170.742462	88.632
171.979736	88.613
173.225967	88.594
174.481232	88.571
175.745605	88.549
177.019119	88.535
178.301880	88.525
179.593933	88.506
180.895340	88.477
182.206177	88.445
183.526520	88.406
184.856430	88.358
186.195984	88.307
187.545227	88.256
188.904266	88.202
190.273132	88.141
191.651932	88.071
193.040726	87.993
194.439575	87.910
195.848572	87.821
197.267761	87.731
198.697250	87.640
200.137085	87.544
201.587372	87.441
203.048157	87.333
204.519531	87.225
206.001556	87.121
207.494324	87.015
208.997925	86.906
210.512405	86.792
212.037857	86.669
213.574371	86.538
215.122025	86.404
216.680893	86.263
218.251053	86.115
219.832581	85.973
221.425583	85.841
223.030121	85.714
224.646286	85.586
226.274170	85.452
227.913849	85.305
229.565399	85.148
231.228928	84.994
232.904510	84.846
234.592224	84.702
236.292191	84.563
238.004456	84.429
239.729126	84.294
241.466309	84.158
243.216080	84.022
244.978516	83.888
246.753738	83.756
248.541809	83.620
250.342850	83.475
252.156937	83.307
253.984161	83.111
255.824646	82.874
257.678467	82.583
259.545685	82.233
261.426483	81.833
263.320862	81.399
265.229004	80.941
267.150970	80.464
269.086853	79.988
271.036774	79.534
273.000824	79.131
274.979095	78.809
276.971710	78.562
278.978760	78.356
281.000336	78.172
283.036591	78.002
285.087585	77.839
287.153442	77.675
289.234283	77.516
291.330200	77.377
293.441284	77.259
295.567688	77.157
297.709503	77.064
299.866821	76.978
302.039795	76.897
304.228485	76.810
306.433044	76.716
308.653595	76.633
310.890228	76.598
313.143066	76.670
315.412231	76.881
317.697845	77.163
320.000000	77.414
322.318848	77.606
324.654510	77.753
327.007080	77.868
329.376709	77.973
331.763519	78.080
334.167603	78.190
336.589142	78.304
339.028198	78.422
341.484924	78.545
343.959473	78.670
346.451935	78.786
348.962463	78.896
351.491211	79.008
354.038239	79.121
356.603760	79.236
359.187866	79.355
361.790680	79.475
364.412354	79.591
367.053040	79.702
369.712860	79.812
372.391968	79.925
375.090454	80.036
377.808533	80.143
380.546265	80.253
383.303864	80.367
386.081451	80.479
388.879150	80.588
391.697144	80.691
394.535522	80.790
397.394501	80.891
400.274170	80.992
403.174744	81.093
406.096313	81.194
409.039062	81.296
412.003113	81.395
414.988647	81.488
417.995850	81.582
421.024811	81.678
424.075714	81.770
427.148743	81.856
430.244049	81.944
433.361786	82.034
436.502106	82.124
439.665161	82.212
442.851166	82.294
446.060242	82.370
449.292572	82.444
452.548340	82.517
455.827698	82.588
459.130798	82.658
462.457855	82.727
465.809021	82.794
469.184448	82.858
472.584381	82.924
476.008911	82.990
479.458252	83.053
482.932617	83.113
486.432159	83.172
489.957031	83.231
493.507477	83.292
497.083618	83.351
500.685699	83.406
504.313873	83.459
507.968323	83.512
511.649292	83.564
515.356934	83.613
519.091370	83.662
522.852966	83.711
526.641724	83.759
530.458008	83.806
534.301941	83.853
538.173706	83.898
542.073547	83.943
546.001648	83.987
549.958191	84.031
553.943420	84.076
557.957520	84.120
562.000671	84.163
566.073181	84.206
570.175171	84.248
574.306885	84.292
578.468567	84.337
582.660400	84.380
586.882568	84.422
591.135376	84.463
595.419006	84.505
599.733643	84.548
604.079590	84.592
608.456970	84.635
612.866089	84.678
617.307190	84.721
621.780457	84.764
626.286133	84.807
630.824463	84.851
635.395691	84.896
640.000000	84.940
644.637695	84.984
649.309021	85.026
654.014160	85.071
658.753418	85.118
663.527039	85.167
668.335205	85.214
673.178284	85.260
678.056396	85.305
682.969849	85.350
687.918945	85.396
692.903870	85.440
697.924927	85.485
702.982422	85.529
708.076477	85.573
713.207520	85.617
718.375732	85.660
723.581360	85.704
728.824707	85.750
734.106079	85.796
739.425720	85.842
744.783936	85.886
750.180908	85.930
755.617065	85.974
761.092529	86.017
766.607727	86.061
772.162903	86.104
777.758301	86.148
783.394287	86.192
789.071045	86.237
794.789001	86.280
800.548340	86.324
806.349487	86.368
812.192627	86.413
818.078125	86.456
824.006226	86.499
829.977295	86.542
835.991699	86.586
842.049622	86.630
848.151428	86.676
854.297485	86.722
860.488098	86.768
866.723572	86.813
873.004211	86.858
879.330322	86.904
885.702332	86.950
892.120483	86.996
898.585144	87.042
905.096680	87.088
911.655396	87.134
918.261597	87.179
924.915710	87.223
931.618042	87.267
938.368896	87.312
945.168762	87.357
952.017822	87.403
958.916504	87.449
965.865234	87.494
972.864319	87.538
979.914062	87.583
987.014954	87.628
994.167236	87.674
1001.371399	87.721
1008.627747	87.769
1015.936646	87.817
1023.298584	87.866
1030.713867	87.916
1038.182739	87.963
1045.705933	88.007
1053.283447	88.048
1060.916016	88.086
1068.603882	88.124
1076.347412	88.161
1084.147095	88.199
1092.003296	88.238
1099.916382	88.279
1107.886841	88.322
1115.915039	88.366
1124.001343	88.409
1132.146362	88.453
1140.350342	88.496
1148.613770	88.539
1156.937134	88.583
1165.320801	88.625
1173.765137	88.668
1182.270752	88.711
1190.838013	88.752
1199.467285	88.793
1208.159180	88.831
1216.913940	88.865
1225.732178	88.893
1234.614380	88.915
1243.560913	88.930
1252.572266	88.938
1261.648926	88.945
1270.791382	88.956
1280.000000	88.979
1289.275391	89.021
1298.618042	89.083
1308.028320	89.159
1317.506836	89.240
1327.054077	89.320
1336.670410	89.393
1346.356567	89.458
1356.112793	89.515
1365.939697	89.567
1375.837891	89.614
1385.807739	89.658
1395.849854	89.701
1405.964844	89.744
1416.152954	89.788
1426.415039	89.832
1436.751465	89.877
1447.162720	89.923
1457.649414	89.968
1468.212158	90.012
1478.851440	90.055
1489.567871	90.098
1500.361816	90.139
1511.234131	90.177
1522.185059	90.209
1533.215454	90.228
1544.325806	90.235
1555.516602	90.261
1566.788574	90.325
1578.142090	90.391
1589.578003	90.442
1601.096680	90.483
1612.698975	90.519
1624.385254	90.552
1636.156250	90.581
1648.012451	90.605
1659.954590	90.627
1671.983398	90.662
1684.099243	90.706
1696.302856	90.741
1708.594971	90.766
1720.976196	90.773
1733.447144	90.747
1746.008423	90.681
1758.660645	90.651
1771.404663	90.748
1784.240967	90.884
1797.170288	90.973
1810.193359	91.024
1823.310791	91.060
1836.523193	91.091
1849.831421	91.117
1863.236084	91.142
1876.737793	91.165
1890.337524	91.189
1904.035645	91.213
1917.833008	91.238
1931.730469	91.264
1945.728638	91.287
1959.828125	91.306
1974.029907	91.317
1988.334473	91.319
2002.742798	91.312
2017.255493	91.296
2031.873291	91.274
2046.597168	91.252
2061.427734	91.236
2076.365479	91.227
2091.411865	91.220
2106.566895	91.212
2121.832031	91.205
2137.207764	91.203
2152.694824	91.208
2168.294189	91.222
2184.006592	91.245
2199.832764	91.273
2215.773682	91.305
2231.830078	91.340
2248.002686	91.374
2264.292725	91.407
2280.700684	91.437
2297.227539	91.464
2313.874268	91.487
2330.641602	91.505
2347.530273	91.522
2364.541504	91.538
2381.676025	91.555
2398.934570	91.573
2416.318359	91.592
2433.827881	91.611
2451.464355	91.631
2469.228760	91.651
2487.121826	91.673
2505.144531	91.697
2523.297852	91.723
2541.582764	91.754
2560.000000	91.790
2578.550781	91.836
2597.236084	91.904
2616.056641	91.985
2635.013672	92.066
2654.108154	92.154
2673.340820	92.253
2692.713135	92.360
2712.225586	92.472
2731.879395	92.585
2751.675781	92.700
2771.615479	92.822
2791.699707	92.958
2811.929688	93.118
2832.305908	93.282
2852.830078	93.427
2873.502930	93.571
2894.325439	93.732
2915.298828	93.906
2936.424316	94.087
2957.702881	94.273
2979.135742	94.462
3000.723633	94.654
3022.468262	94.847
3044.370117	95.041
3066.430908	95.235
3088.651611	95.428
3111.033203	95.620
3133.577148	95.808
3156.284180	95.991
3179.156006	96.167
3202.193359	96.335
3225.397949	96.493
3248.770508	96.639
3272.312500	96.771
3296.024902	96.890
3319.909180	96.998
3343.966797	97.096
3368.198486	97.174
3392.605713	97.222
3417.189941	97.235
3441.952393	97.216
3466.894287	97.169
3492.016846	97.096
3517.321289	96.999
3542.809326	96.882
3568.481934	96.753
3594.340576	96.626
3620.386719	96.521
3646.621582	96.461
3673.046387	96.468
3699.662842	96.547
3726.472168	96.680
3753.475586	96.828
3780.675049	96.943
3808.071289	96.986
3835.666016	96.938
3863.460938	96.796
3891.457275	96.571
3919.656250	96.288
3948.059814	95.971
3976.668945	95.636
4005.485596	95.297
4034.510986	94.968
4063.746582	94.658
4093.194336	94.372
4122.855469	94.122
4152.730957	93.914
4182.823730	93.738
4213.133789	93.572
4243.664062	93.391
4274.415527	93.174
4305.389648	92.888
4336.588379	92.563
4368.013184	92.291
4399.665527	92.078
4431.547363	91.893
4463.660156	91.722
4496.005371	91.542
4528.585449	91.322
4561.401367	91.052
4594.455078	90.739
4627.748535	90.397
4661.283203	90.039
4695.060547	89.674
4729.083008	89.317
4763.352051	88.980
4797.869141	88.670
4832.636719	88.393
4867.655762	88.141
4902.928711	87.893
4938.457520	87.632
4974.243652	87.358
5010.289062	87.078
5046.595703	86.798
5083.165527	86.518
5120.000000	86.238
5157.101562	85.956
5194.472168	85.667
5232.113281	85.367
5270.027344	85.052
5308.216309	84.714
5346.681641	84.345
5385.426270	83.940
5424.451172	83.498
5463.758789	83.044
5503.351562	82.644
5543.230957	82.391
5583.399414	82.367
5623.859375	82.597
5664.611816	83.024
5705.660156	83.559
5747.005859	84.120
5788.650879	84.651
5830.597656	85.116
5872.848633	85.499
5915.405762	85.797
5958.271484	86.018
6001.447266	86.172
6044.936523	86.269
6088.740234	86.323
6132.861816	86.343
6177.303223	86.341
6222.066406	86.331
6267.154297	86.325
6312.568359	86.328
6358.312012	86.337
6404.386719	86.345
6450.795898	86.346
6497.541016	86.343
6544.625000	86.345
6592.049805	86.361
6639.818359	86.393
6687.933594	86.443
6736.396973	86.508
6785.211426	86.584
6834.379883	86.669
6883.904785	86.764
6933.788574	86.870
6984.033691	86.986
7034.642578	87.119
7085.618652	87.269
7136.963867	87.440
7188.681152	87.633
7240.773438	87.848
7293.243164	88.081
7346.092773	88.329
7399.325684	88.590
7452.944336	88.857
7506.951172	89.122
7561.350098	89.374
7616.142578	89.596
7671.332031	89.771
7726.921875	89.893
7782.914551	89.977
7839.312500	90.059
7896.119629	90.169
7953.337891	90.312
8010.971191	90.467
8069.021973	90.606
8127.493164	90.718
8186.388672	90.809
8245.710938	90.896
8305.461914	90.985
8365.647461	91.072
8426.267578	91.150
8487.328125	91.220
8548.831055	91.276
8610.779297	91.340
8673.176758	91.463
8736.026367	91.653
8799.331055	91.884
8863.094727	92.141
8927.320312	92.397
8992.010742	92.601
9057.170898	92.682
9122.802734	92.570
9188.910156	92.227
9255.497070	91.661
9322.566406	90.908
9390.121094	89.995
9458.166016	88.954
9526.704102	87.854
9595.738281	86.809
9665.273438	85.924
9735.311523	85.231
9805.857422	84.709
9876.915039	84.342
9948.487305	84.180
10020.578125	84.352
10093.191406	85.014
10166.331055	86.205
10240.000000	87.745
10314.203125	89.297
10388.944336	90.518
10464.226562	91.201
10540.054688	91.333
10616.432617	91.002
10693.363281	90.322
10770.852539	89.451
10848.902344	88.574
10927.517578	87.836
11006.703125	87.297
11086.461914	86.959
11166.798828	86.797
11247.718750	86.772
11329.223633	86.820
11411.320312	86.824
11494.011719	86.621
11577.301758	86.063
11661.195312	85.140
11745.697266	84.136
11830.811523	83.696
11916.542969	84.259
12002.894531	85.438
12089.873047	86.645
12177.480469	87.673
12265.723633	88.574
12354.606445	89.423
12444.132812	90.212
12534.308594	90.887
12625.136719	91.398
12716.624023	91.698
12808.773438	91.707
12901.591797	91.314
12995.082031	90.461
13089.250000	89.227
13184.099609	87.879
13279.636719	86.936
13375.867188	87.024
13472.793945	88.173
13570.422852	89.759
13668.759766	91.255
13767.809570	92.422
13867.577148	93.172
13968.067383	93.477
14069.285156	93.358
14171.237305	92.853
14273.927734	92.007
14377.362305	90.897
14481.546875	89.647
14586.486328	88.383
14692.185547	87.178
14798.651367	86.077
14905.888672	85.097
15013.902344	84.103
15122.700195	82.924
15232.285156	81.580
15342.664062	80.347
15453.843750	79.638
15565.829102	79.694
15678.625000	80.339
15792.239258	81.219
15906.675781	82.173
16021.942383	83.309
16138.043945	84.784
16254.986328	86.503
16372.777344	88.166
16491.421875	89.497
16610.923828	90.354
16731.294922	90.721
16852.535156	90.661
16974.656250	90.250
17097.662109	89.535
17221.558594	88.548
17346.353516	87.356
17472.052734	86.085
17598.662109	84.885
17726.189453	83.809
17854.640625	82.776
17984.021484	81.746
18114.341797	80.943
18245.605469	80.705
18377.820312	80.948
18510.994141	81.188
18645.132812	81.044
18780.242188	80.382
18916.332031	79.235
19053.408203	77.781
19191.476562	76.616
19330.546875	76.835
19470.623047	78.411
19611.714844	80.097
19753.830078	81.203
19896.974609	81.633
