20.000000	93.171
20.290907	93.231
20.586045	93.296
20.885476	93.366
21.189262	93.438
21.497467	93.506
21.810155	93.570
22.127391	93.626
22.449241	93.679
22.775773	93.728
23.107054	93.779
23.443154	93.830
23.784142	93.880
24.130091	93.930
24.481071	93.979
24.837156	94.029
25.198421	94.078
25.564940	94.124
25.936791	94.161
26.314050	94.190
26.696797	94.210
27.085111	94.230
27.479073	94.254
27.878765	94.281
28.284271	94.309
28.695675	94.336
29.113064	94.361
29.536523	94.386
29.966142	94.412
30.402009	94.436
30.844217	94.457
31.292856	94.474
31.748021	94.488
32.209807	94.500
32.678309	94.511
33.153626	94.518
33.635857	94.523
34.125101	94.530
34.621462	94.541
35.125043	94.549
35.635949	94.549
36.154286	94.540
36.680162	94.530
37.213687	94.524
37.754973	94.519
38.304131	94.513
38.861278	94.503
39.426528	94.490
40.000000	94.474
40.581813	94.456
41.172089	94.435
41.770951	94.415
42.378524	94.392
42.994934	94.364
43.620309	94.335
44.254781	94.307
44.898482	94.284
45.551545	94.265
46.214108	94.244
46.886308	94.216
47.568285	94.188
48.260181	94.160
48.962142	94.127
49.674312	94.095
50.396842	94.064
51.129881	94.025
51.873582	93.975
52.628101	93.925
53.393594	93.877
54.170222	93.821
54.958146	93.758
55.757531	93.701
56.568542	93.644
57.391351	93.578
58.226127	93.511
59.073046	93.463
59.932283	93.417
60.804018	93.339
61.688433	93.260
62.585712	93.199
63.496042	93.128
64.419613	93.032
65.356618	92.920
66.307252	92.806
67.271713	92.688
68.250203	92.563
69.242925	92.448
70.250086	92.353
71.271897	92.291
72.308571	92.265
73.360323	92.250
74.427374	92.223
75.509945	92.181
76.608262	92.152
77.722555	92.149
78.853056	92.106
80.000000	91.999
81.163627	91.908
82.344179	91.838
83.541903	91.783
84.757048	91.726
85.989867	91.700
87.240619	91.733
88.509563	91.697
89.796964	91.606
91.103091	91.537
92.428216	91.485
93.772615	91.436
95.136569	91.383
96.520362	91.336
97.924283	91.307
99.348625	91.305
100.793684	91.338
102.259762	91.393
103.747164	91.459
105.256202	91.520
106.787188	91.566
108.340444	91.592
109.916292	91.597
111.515061	91.582
113.137085	91.543
114.782702	91.489
116.452255	91.414
118.146092	91.334
119.864566	91.246
121.608036	91.156
123.376866	91.062
125.171424	90.966
126.992084	90.866
128.839227	90.765
130.713236	90.663
132.614504	90.563
134.543426	90.463
136.500406	90.364
138.485850	90.267
140.500173	90.170
142.543795	90.073
144.617142	89.978
146.720647	89.893
148.854748	89.825
151.019890	89.778
153.216525	89.756
155.445111	89.754
157.706112	89.765
160.000000	89.776
162.327254	89.778
164.688358	89.765
167.083805	89.735
169.514095	89.692
171.979734	89.634
174.481237	89.561
177.019125	89.467
179.593928	89.358
182.206182	89.236
184.856431	89.107
187.545230	88.980
190.273138	88.860
193.040725	88.747
195.848567	88.647
198.697250	88.561
201.587368	88.492
204.519524	88.435
207.494329	88.383
210.512403	88.333
213.574377	88.280
216.680888	88.222
219.832584	88.159
223.030122	88.091
226.274170	88.022
229.565404	87.952
232.904509	87.883
236.292183	87.815
239.729132	87.746
243.216073	87.678
246.753732	87.611
250.342848	87.544
253.984168	87.479
257.678453	87.414
261.426473	87.351
265.229008	87.289
269.086853	87.227
273.000811	87.164
276.971700	87.103
281.000346	87.044
285.087590	86.985
289.234284	86.927
293.441294	86.870
297.709496	86.814
302.039780	86.759
306.433050	86.705
310.890221	86.652
315.412224	86.597
320.000000	86.544
324.654507	86.493
329.376716	86.441
334.167610	86.391
339.028190	86.342
343.959469	86.293
348.962474	86.245
354.038251	86.199
359.187855	86.154
364.412363	86.109
369.712863	86.065
375.090460	86.022
380.546277	85.980
386.081450	85.938
391.697134	85.899
397.394500	85.860
403.174736	85.822
409.039048	85.784
414.988657	85.748
421.024807	85.714
427.148753	85.680
433.361775	85.647
439.665167	85.614
446.060244	85.583
452.548340	85.552
459.130807	85.524
465.809019	85.495
472.584367	85.468
479.458265	85.443
486.432146	85.418
493.507464	85.395
500.685695	85.372
507.968337	85.351
515.356906	85.331
522.852945	85.312
530.458016	85.294
538.173706	85.277
546.001623	85.261
553.943399	85.247
562.000691	85.234
570.175180	85.223
578.468569	85.215
586.882588	85.208
595.418991	85.205
604.079560	85.204
612.866100	85.207
621.780442	85.210
630.824447	85.206
640.000000	85.195
649.309014	85.182
658.753431	85.167
668.335221	85.152
678.056380	85.145
687.918938	85.146
697.924949	85.149
708.076501	85.161
718.375711	85.192
728.824726	85.235
739.425726	85.277
750.180921	85.314
761.092554	85.351
772.162900	85.389
783.394268	85.429
794.789000	85.473
806.349472	85.519
818.078095	85.569
829.977315	85.622
842.049613	85.678
854.297507	85.737
866.723550	85.798
879.330334	85.861
892.120489	85.930
905.096680	86.012
918.261614	86.112
931.618037	86.220
945.168733	86.329
958.916529	86.437
972.864291	86.545
987.014928	86.653
1001.371391	86.758
1015.936673	86.861
1030.713812	86.965
1045.705890	87.078
1060.916032	87.200
1076.347412	87.336
1092.003245	87.484
1107.886798	87.639
1124.001383	87.796
1140.350359	87.951
1156.937137	88.096
1173.765175	88.232
1190.837983	88.356
1208.159120	88.478
1225.732199	88.598
1243.560885	88.717
1261.648894	88.835
1280.000000	88.953
1298.618029	89.070
1317.506863	89.188
1336.670442	89.306
1356.112761	89.426
1375.837875	89.547
1395.849898	89.672
1416.153002	89.800
1436.751422	89.932
1457.649452	90.069
1478.851452	90.209
1500.361842	90.353
1522.185107	90.500
1544.325799	90.650
1566.788535	90.805
1589.577999	90.963
1612.698944	91.125
1636.156190	91.293
1659.954630	91.464
1684.099226	91.641
1708.595013	91.821
1733.447100	92.005
1758.660669	92.192
1784.240977	92.384
1810.193360	92.578
1836.523229	92.774
1863.236074	92.972
1890.337467	93.172
1917.833058	93.374
1945.728583	93.576
1974.029857	93.779
2002.742782	93.983
2031.873347	94.184
2061.427625	94.383
2091.411780	94.579
2121.832065	94.770
2152.694823	94.951
2184.006490	95.126
2215.773596	95.284
2248.002765	95.429
2280.700718	95.552
2313.874274	95.650
2347.530351	95.720
2381.675966	95.759
2416.318240	95.774
2451.464399	95.767
2487.121769	95.755
2523.297789	95.774
2560.000000	95.871
2597.236057	96.075
2635.013726	96.359
2673.340883	96.625
2712.225522	96.814
2751.675750	96.889
2791.699796	96.881
2832.306004	96.807
2873.502844	96.699
2915.298905	96.569
2957.702904	96.429
3000.723683	96.285
3044.370214	96.136
3088.651599	95.980
3133.577071	95.818
3179.155999	95.655
3225.397888	95.496
3272.312380	95.346
3319.909260	95.207
3368.198452	95.081
3417.190027	94.967
3466.894200	94.865
3517.321337	94.778
3568.481954	94.701
3620.386720	94.635
3673.046457	94.573
3726.472148	94.514
3780.674934	94.454
3835.666117	94.395
3891.457165	94.343
3948.059713	94.295
4005.485564	94.268
4063.746693	94.266
4122.855250	94.286
4182.823560	94.320
4243.664130	94.354
4305.389646	94.374
4368.012981	94.380
4431.547192	94.373
4496.005531	94.361
4561.401437	94.345
4627.748549	94.325
4695.060701	94.301
4763.351932	94.275
4832.636481	94.253
4902.928797	94.242
4974.243539	94.249
5046.595577	94.287
5120.000000	94.342
5194.472115	94.385
5270.027452	94.362
5346.681766	94.246
5424.451043	94.041
5503.351500	93.774
5583.399591	93.479
5664.612008	93.179
5747.005687	92.886
5830.597810	92.604
5915.405808	92.335
6001.447367	92.087
6088.740429	91.872
6177.303198	91.691
6267.154142	91.550
6358.311998	91.453
6450.795775	91.397
6544.624761	91.388
6639.818520	91.429
6736.396904	91.525
6834.380053	91.681
6933.788400	91.905
7034.642675	92.208
7136.963909	92.598
7240.773439	93.085
7346.092914	93.674
7452.944296	94.365
7561.349867	95.153
7671.332234	95.983
7782.914330	96.777
7896.119426	97.418
8010.971128	97.706
8127.493386	97.514
8245.710500	96.838
8365.647121	95.772
8487.328260	94.515
8610.779292	93.199
8736.025961	91.933
8863.094385	90.764
8992.011061	89.711
9122.802874	88.781
9255.497097	87.983
9390.121402	87.310
9526.703863	86.756
9665.272962	86.307
9805.857594	85.959
9948.487077	85.712
10093.191154	85.571
10240.000000	85.525
10388.944230	85.575
10540.054903	85.733
10693.363532	85.991
10848.902086	86.359
11006.703001	86.842
11166.799182	87.427
11329.224017	88.121
11494.011375	88.889
11661.195620	89.725
11830.811616	90.490
12002.894734	90.998
12177.480858	91.120
12354.606395	91.156
12534.308283	91.624
12716.623996	92.053
12901.591551	91.953
13089.249521	91.640
13279.637040	91.114
13472.793808	90.391
13668.760107	89.546
13867.576801	88.616
14069.285350	87.656
14273.927818	86.714
14481.546879	86.115
14692.185828	86.115
14905.888592	86.418
15122.699734	86.682
15342.664467	86.598
15565.828661	86.110
15792.238852	85.490
16021.942256	84.896
16254.986772	84.098
16491.420999	83.210
16731.294241	82.515
16974.656520	82.071
17221.558584	81.872
17472.051922	81.932
17726.188769	82.260
17984.022122	82.843
18245.605748	83.586
18510.994194	84.161
18780.242805	84.055
19053.407727	82.993
19330.545924	81.196
19611.715189	79.007
19896.974155	77.874
20186.382308	77.874
