20.000000	92.690
20.290907	92.774
20.586045	92.858
20.885476	92.943
21.189262	93.026
21.497467	93.104
21.810155	93.179
22.127391	93.251
22.449241	93.321
22.775773	93.390
23.107054	93.460
23.443154	93.529
23.784142	93.596
24.130091	93.661
24.481071	93.721
24.837156	93.778
25.198421	93.833
25.564940	93.884
25.936791	93.932
26.314050	93.980
26.696797	94.028
27.085111	94.079
27.479073	94.132
27.878765	94.184
28.284271	94.230
28.695675	94.272
29.113064	94.307
29.536523	94.336
29.966142	94.358
30.402009	94.377
30.844217	94.393
31.292856	94.413
31.748021	94.439
32.209807	94.467
32.678309	94.492
33.153626	94.511
33.635857	94.527
34.125101	94.547
34.621462	94.568
35.125043	94.586
35.635949	94.599
36.154286	94.608
36.680162	94.617
37.213687	94.622
37.754973	94.621
38.304131	94.618
38.861278	94.619
39.426528	94.624
40.000000	94.626
40.581813	94.623
41.172089	94.620
41.770951	94.608
42.378524	94.583
42.994934	94.565
43.620309	94.564
44.254781	94.563
44.898482	94.545
45.551545	94.522
46.214108	94.516
46.886308	94.521
47.568285	94.513
48.260181	94.484
48.962142	94.442
49.674312	94.401
50.396842	94.370
51.129881	94.352
51.873582	94.347
52.628101	94.339
53.393594	94.313
54.170222	94.271
54.958146	94.226
55.757531	94.180
56.568542	94.134
57.391351	94.093
58.226127	94.055
59.073046	94.014
59.932283	93.966
60.804018	93.916
61.688433	93.869
62.585712	93.826
63.496042	93.781
64.419613	93.730
65.356618	93.675
66.307252	93.621
67.271713	93.566
68.250203	93.510
69.242925	93.454
70.250086	93.396
71.271897	93.337
72.308571	93.279
73.360323	93.224
74.427374	93.159
75.509945	93.090
76.608262	93.025
77.722555	92.959
78.853056	92.887
80.000000	92.819
81.163627	92.753
82.344179	92.677
83.541903	92.601
84.757048	92.524
85.989867	92.447
87.240619	92.366
88.509563	92.285
89.796964	92.210
91.103091	92.134
92.428216	92.051
93.772615	91.955
95.136569	91.855
96.520362	91.756
97.924283	91.657
99.348625	91.560
100.793684	91.462
102.259762	91.361
103.747164	91.264
105.256202	91.191
106.787188	91.158
108.340444	91.183
109.916292	91.265
111.515061	91.360
113.137085	91.416
114.782702	91.434
116.452255	91.406
118.146092	91.368
119.864566	91.324
121.608036	91.276
123.376866	91.222
125.171424	91.161
126.992084	91.091
128.839227	91.012
130.713236	90.927
132.614504	90.840
134.543426	90.750
136.500406	90.663
138.485850	90.580
140.500173	90.497
142.543795	90.410
144.617142	90.323
146.720647	90.237
148.854748	90.153
151.019890	90.069
153.216525	89.988
155.445111	89.909
157.706112	89.834
160.000000	89.762
162.327254	89.697
164.688358	89.634
167.083805	89.572
169.514095	89.512
171.979734	89.451
174.481237	89.381
177.019125	89.296
179.593928	89.195
182.206182	89.082
184.856431	88.965
187.545230	88.851
190.273138	88.744
193.040725	88.647
195.848567	88.560
198.697250	88.488
201.587368	88.430
204.519524	88.381
207.494329	88.334
210.512403	88.283
213.574377	88.228
216.680888	88.168
219.832584	88.103
223.030122	88.033
226.274170	87.962
229.565404	87.891
232.904509	87.821
236.292183	87.752
239.729132	87.682
243.216073	87.612
246.753732	87.543
250.342848	87.475
253.984168	87.408
257.678453	87.342
261.426473	87.276
265.229008	87.209
269.086853	87.143
273.000811	87.078
276.971700	87.015
281.000346	86.951
285.087590	86.888
289.234284	86.825
293.441294	86.764
297.709496	86.703
302.039780	86.641
306.433050	86.579
310.890221	86.519
315.412224	86.464
320.000000	86.417
324.654507	86.384
329.376716	86.348
334.167610	86.304
339.028190	86.259
343.959469	86.212
348.962474	86.164
354.038251	86.115
359.187855	86.065
364.412363	86.016
369.712863	85.969
375.090460	85.921
380.546277	85.875
386.081450	85.829
391.697134	85.784
397.394500	85.740
403.174736	85.697
409.039048	85.655
414.988657	85.614
421.024807	85.575
427.148753	85.536
433.361775	85.499
439.665167	85.461
446.060244	85.425
452.548340	85.390
459.130807	85.355
465.809019	85.321
472.584367	85.289
479.458265	85.257
486.432146	85.226
493.507464	85.196
500.685695	85.168
507.968337	85.142
515.356906	85.116
522.852945	85.091
530.458016	85.067
538.173706	85.043
546.001623	85.021
553.943399	85.001
562.000691	84.982
570.175180	84.964
578.468569	84.948
586.882588	84.932
595.418991	84.918
604.079560	84.904
612.866100	84.893
621.780442	84.882
630.824447	84.873
640.000000	84.864
649.309014	84.857
658.753431	84.850
668.335221	84.843
678.056380	84.831
687.918938	84.816
697.924949	84.805
708.076501	84.820
718.375711	84.842
728.824726	84.839
739.425726	84.830
750.180921	84.867
761.092554	84.974
772.162900	85.081
783.394268	85.156
794.789000	85.206
806.349472	85.245
818.078095	85.284
829.977315	85.325
842.049613	85.369
854.297507	85.418
866.723550	85.470
879.330334	85.523
892.120489	85.584
905.096680	85.657
918.261614	85.748
931.618037	85.847
945.168733	85.947
958.916529	86.047
972.864291	86.145
987.014928	86.245
1001.371391	86.343
1015.936673	86.437
1030.713812	86.533
1045.705890	86.637
1060.916032	86.752
1076.347412	86.881
1092.003245	87.022
1107.886798	87.170
1124.001383	87.321
1140.350359	87.470
1156.937137	87.608
1173.765175	87.738
1190.837983	87.856
1208.159120	87.971
1225.732199	88.084
1243.560885	88.195
1261.648894	88.307
1280.000000	88.419
1298.618029	88.530
1317.506863	88.644
1336.670442	88.759
1356.112761	88.877
1375.837875	88.996
1395.849898	89.118
1416.153002	89.243
1436.751422	89.370
1457.649452	89.500
1478.851452	89.632
1500.361842	89.768
1522.185107	89.907
1544.325799	90.049
1566.788535	90.195
1589.577999	90.344
1612.698944	90.498
1636.156190	90.654
1659.954630	90.813
1684.099226	90.976
1708.595013	91.141
1733.447100	91.307
1758.660669	91.475
1784.240977	91.643
1810.193360	91.810
1836.523229	91.977
1863.236074	92.141
1890.337467	92.302
1917.833058	92.458
1945.728583	92.608
1974.029857	92.750
2002.742782	92.881
2031.873347	92.999
2061.427625	93.100
2091.411780	93.180
2121.832065	93.237
2152.694823	93.274
2184.006490	93.307
2215.773596	93.380
2248.002765	93.506
2280.700718	93.728
2313.874274	94.026
2347.530351	94.367
2381.675966	94.700
2416.318240	94.982
2451.464399	95.158
2487.121769	95.254
2523.297789	95.271
2560.000000	95.257
2597.236057	95.230
2635.013726	95.201
2673.340883	95.163
2712.225522	95.111
2751.675750	95.042
2791.699796	94.960
2832.306004	94.865
2873.502844	94.761
2915.298905	94.648
2957.702904	94.528
3000.723683	94.401
3044.370214	94.270
3088.651599	94.139
3133.577071	94.014
3179.155999	93.896
3225.397888	93.786
3272.312380	93.682
3319.909260	93.580
3368.198452	93.479
3417.190027	93.379
3466.894200	93.287
3517.321337	93.204
3568.481954	93.131
3620.386720	93.065
3673.046457	92.999
3726.472148	92.924
3780.674934	92.837
3835.666117	92.741
3891.457165	92.638
3948.059713	92.535
4005.485564	92.442
4063.746693	92.362
4122.855250	92.289
4182.823560	92.209
4243.664130	92.112
4305.389646	91.992
4368.012981	91.848
4431.547192	91.681
4496.005531	91.500
4561.401437	91.305
4627.748549	91.100
4695.060701	90.888
4763.351932	90.673
4832.636481	90.456
4902.928797	90.243
4974.243539	90.037
5046.595577	89.844
5120.000000	89.660
5194.472115	89.478
5270.027452	89.297
5346.681766	89.148
5424.451043	89.021
5503.351500	88.865
5583.399591	88.678
5664.612008	88.487
5747.005687	88.305
5830.597810	88.131
5915.405808	87.967
6001.447367	87.822
6088.740429	87.712
6177.303198	87.644
6267.154142	87.624
6358.311998	87.658
6450.795775	87.742
6544.624761	87.879
6639.818520	88.070
6736.396904	88.321
6834.380053	88.644
6933.788400	89.048
7034.642675	89.541
7136.963909	90.134
7240.773439	90.842
7346.092914	91.678
7452.944296	92.653
7561.349867	93.766
7671.332234	94.950
7782.914330	96.095
7896.119426	97.031
8010.971128	97.481
8127.493386	97.302
8245.710500	96.555
8365.647121	95.428
8487.328260	94.173
8610.779292	92.938
8736.025961	91.819
8863.094385	90.846
8992.011061	90.024
9122.802874	89.357
9255.497097	88.845
9390.121402	88.477
9526.703863	88.247
9665.272962	88.138
9805.857594	88.121
9948.487077	88.136
10093.191154	88.018
10240.000000	87.580
10388.944230	87.000
10540.054903	86.818
10693.363532	86.716
10848.902086	86.171
11006.703001	85.162
11166.799182	84.313
11329.224017	84.076
11494.011375	83.711
11661.195620	82.759
11830.811616	81.728
12002.894734	80.752
12177.480858	79.911
12354.606395	79.297
12534.308283	78.828
12716.623996	78.558
12901.591551	78.530
13089.249521	78.622
13279.637040	78.872
13472.793808	79.258
13668.760107	79.669
13867.576801	79.942
14069.285350	79.816
14273.927818	79.279
14481.546879	78.250
14692.185828	76.893
14905.888592	75.373
15122.699734	73.773
15342.664467	72.158
15565.828661	70.542
15792.238852	68.912
16021.942256	67.375
16254.986772	66.086
16491.420999	65.146
16731.294241	64.684
16974.656520	64.633
17221.558584	64.863
17472.051922	65.298
17726.188769	65.934
17984.022122	66.781
18245.605748	67.688
18510.994194	68.119
18780.242805	67.541
19053.407727	66.152
19330.545924	64.614
19611.715189	63.368
19896.974155	62.543
20186.382308	62.320
