20 88.84
20.2909066988 88.94
20.5860447329 89.05
20.8854756485 89.16
21.1892618872 89.27
21.4974667984 89.37
21.8101546533 89.47
22.1273906578 89.56
22.4492409662 89.65
22.7757726951 89.73
23.1070539374 89.82
23.4431537764 89.90
23.7841423001 89.98
24.130090616 90.07
24.4810708661 90.14
24.8371562415 90.22
25.1984209979 90.29
25.5649404712 90.37
25.936791093 90.44
26.3140504067 90.51
26.6967970834 90.58
27.0851109387 90.66
27.4790729492 90.73
27.878765269 90.79
28.2842712475 90.85
28.6956754462 90.91
29.1130636568 90.97
29.5365229188 91.02
29.9661415375 91.08
30.402009103 91.12
30.8442165082 91.17
31.2928559682 91.21
31.7480210394 91.26
32.209806639 91.30
32.6783090648 91.34
33.1536260154 91.38
33.6358566101 91.42
34.1251014105 91.48
34.6214624402 91.53
35.1250432075 91.56
35.6359487256 91.58
36.1542855356 91.59
36.6801617282 91.61
37.2136869661 91.63
37.7549725073 91.65
38.3041312279 91.67
38.8612776461 91.69
39.4265279456 91.72
40 91.74
40.5818133975 91.76
41.1720894657 91.78
41.7709512971 91.80
42.3785237744 91.81
42.9949335968 91.81
43.6203093066 91.82
44.2547813156 91.82
44.8984819324 91.82
45.5515453903 91.82
46.2141078749 91.83
46.8863075528 91.83
47.5682846001 91.83
48.260181232 91.83
48.9621417322 91.83
49.6743124829 91.82
50.3968419958 91.81
51.1298809424 91.79
51.873582186 91.77
52.6281008133 91.76
53.3935941668 91.74
54.1702218775 91.72
54.9581458983 91.70
55.757530538 91.67
56.5685424949 91.64
57.3913508924 91.61
58.2261273137 91.57
59.0730458376 91.53
59.9322830751 91.49
60.804018206 91.45
61.6884330163 91.40
62.5857119363 91.34
63.4960420787 91.29
64.419613278 91.22
65.3566181296 91.15
66.3072520307 91.07
67.2717132203 90.98
68.2502028209 90.87
69.2429248805 90.75
70.2500864149 90.60
71.2718974512 90.45
72.3085710713 90.27
73.3603234564 90.08
74.4273739322 89.87
75.5099450145 89.73
76.6082624559 89.75
77.7225552923 89.99
78.8530558912 90.44
80 90.91
81.163626795 91.25
82.3441789315 91.45
83.5419025942 91.54
84.7570475487 91.55
85.9898671937 91.51
87.2406186132 91.42
88.5095626311 91.29
89.7969638648 91.17
91.1030907805 91.14
92.4282157498 91.09
93.7726151055 91.02
95.1365692002 90.95
96.520362464 90.88
97.9242834644 90.80
99.3486249659 90.73
100.7936839916 90.67
102.2597618848 90.61
103.7471643721 90.56
105.2562016267 90.53
106.7871883336 90.50
108.340443755 90.47
109.9162917966 90.43
111.5150610759 90.38
113.1370849898 90.32
114.7827017849 90.26
116.4522546274 90.18
118.1460916752 90.10
119.8645661501 90.02
121.6080364119 89.95
123.3768660326 89.87
125.1714238726 89.79
126.9920841575 89.72
128.8392265559 89.64
130.7132362593 89.57
132.6145040614 89.50
134.5434264406 89.42
136.5004056418 89.35
138.485849761 89.27
140.5001728299 89.18
142.5437949025 89.10
144.6171421426 89.01
146.7206469127 88.92
148.8547478643 88.82
151.0198900291 88.73
153.2165249118 88.65
155.4451105846 88.60
157.7061117824 88.57
160 88.56
162.32725359 88.56
164.688357863 88.55
167.0838051884 88.54
169.5140950975 88.50
171.9797343873 88.45
174.4812372264 88.39
177.0191252622 88.30
179.5939277295 88.20
182.2061815611 88.09
184.8564314996 87.97
187.5452302111 87.86
190.2731384004 87.75
193.0407249281 87.65
195.8485669287 87.56
198.6972499318 87.49
201.5873679832 87.43
204.5195237697 87.37
207.4943287442 87.33
210.5124032534 87.27
213.5743766672 87.22
216.6808875099 87.16
219.8325835933 87.10
223.0301221518 87.03
226.2741699797 86.96
229.5654035698 86.89
232.9045092548 86.83
236.2921833503 86.76
239.7291323003 86.69
243.2160728239 86.62
246.7537320653 86.56
250.3428477452 86.49
253.9841683149 86.42
257.6784531119 86.36
261.4264725186 86.30
265.2290081229 86.23
269.0868528812 86.17
273.0008112836 86.11
276.971699522 86.05
281.0003456597 85.99
285.0875898049 85.93
289.2342842852 85.87
293.4412938255 85.81
297.7094957287 85.75
302.0397800581 85.69
306.4330498235 85.64
310.8902211692 85.58
315.4122235649 85.52
320 85.47
324.65450718 85.42
329.3767157259 85.36
334.1676103768 85.31
339.028190195 85.26
343.9594687746 85.21
348.9624744529 85.16
354.0382505244 85.11
359.187855459 85.06
364.4123631221 85.02
369.7128629991 84.97
375.0904604222 84.93
380.5462768009 84.88
386.0814498562 84.84
391.6971338575 84.80
397.3944998635 84.76
403.1747359664 84.72
409.0390475393 84.68
414.9886574883 84.64
421.0248065068 84.60
427.1487533344 84.57
433.3617750198 84.53
439.6651671866 84.50
446.0602443037 84.46
452.5483399594 84.43
459.1308071395 84.40
465.8090185095 84.37
472.5843667007 84.34
479.4582646005 84.32
486.4321456477 84.29
493.5074641306 84.27
500.6856954905 84.24
507.9683366298 84.22
515.3569062238 84.20
522.8529450372 84.18
530.4580162458 84.16
538.1737057624 84.14
546.0016225673 84.12
553.9433990439 84.11
562.0006913195 84.10
570.1751796098 84.09
578.4685685703 84.08
586.882587651 84.07
595.4189914574 84.06
604.0795601163 84.05
612.8660996471 84.05
621.7804423383 84.05
630.8244471297 84.05
640 84.05
649.30901436 84.06
658.7534314519 84.06
668.3352207536 84.07
678.05638039 84.08
687.9189375493 84.09
697.9249489058 84.11
708.0765010489 84.13
718.375710918 84.15
728.8247262443 84.17
739.4257259983 84.20
750.1809208443 84.23
761.0925536018 84.26
772.1628997124 84.30
783.394267715 84.34
794.7889997271 84.38
806.3494719327 84.43
818.0780950787 84.48
829.9773149767 84.53
842.0496130136 84.58
854.2975066688 84.64
866.7235500396 84.70
879.3303343732 84.76
892.1204886074 84.83
905.0966799188 84.91
918.2616142791 85.01
931.618037019 85.11
945.1687334013 85.22
958.9165292011 85.32
972.8642912955 85.42
987.0149282611 85.52
1001.371390981 85.62
1015.9366732597 85.71
1030.7138124476 85.81
1045.7058900743 85.91
1060.9160324916 86.03
1076.3474115248 86.16
1092.0032451345 86.29
1107.8867980879 86.44
1124.0013826389 86.58
1140.3503592197 86.72
1156.9371371406 86.86
1173.765175302 86.99
1190.8379829148 87.11
1208.1591202326 87.23
1225.7321992942 87.35
1243.5608846767 87.48
1261.6488942595 87.62
1280 87.76
1298.6180287201 87.89
1317.5068629037 88.03
1336.6704415071 88.17
1356.1127607799 88.31
1375.8378750985 88.47
1395.8498978116 88.63
1416.1530020977 88.79
1436.751421836 88.97
1457.6494524886 89.15
1478.8514519966 89.33
1500.3618416887 89.51
1522.1851072035 89.69
1544.3257994247 89.86
1566.78853543 90.03
1589.5779994541 90.20
1612.6989438655 90.37
1636.1561901574 90.53
1659.9546299533 90.68
1684.0992260271 90.84
1708.5950133377 91.00
1733.4471000793 91.15
1758.6606687464 91.30
1784.2409772148 91.45
1810.1933598376 91.60
1836.5232285581 91.75
1863.2360740381 91.90
1890.3374668026 92.04
1917.8330584022 92.17
1945.7285825909 92.28
1974.0298565222 92.39
2002.742781962 92.47
2031.8733465194 92.53
2061.4276248951 92.58
2091.4117801487 92.59
2121.8320649832 92.58
2152.6948230496 92.58
2184.0064902691 92.61
2215.7735961758 92.79
2248.0027652779 93.07
2280.7007184393 93.43
2313.8742742813 93.75
2347.530350604 93.98
2381.6759658296 94.11
2416.3182404652 94.17
2451.4643985884 94.17
2487.1217693533 94.13
2523.297788519 94.05
2560.0000000001 93.97
2597.2360574402 93.87
2635.0137258074 93.77
2673.3408830143 93.67
2712.2255215599 93.57
2751.6757501971 93.49
2791.6997956232 93.40
2832.3060041955 93.31
2873.5028436721 93.21
2915.2989049772 93.11
2957.7029039931 93.01
3000.7236833774 92.94
3044.3702144071 92.89
3088.6515988494 92.84
3133.57707086 92.77
3179.1559989082 92.70
3225.397887731 92.62
3272.3123803148 92.52
3319.9092599067 92.43
3368.1984520542 92.33
3417.1900266754 92.25
3466.8942001586 92.19
3517.3213374928 92.14
3568.4819544296 92.12
3620.3867196753 92.12
3673.0464571163 92.13
3726.4721480761 92.13
3780.6749336053 92.14
3835.6661168044 92.14
3891.4571651819 92.16
3948.0597130445 92.19
4005.4855639241 92.25
4063.7466930387 92.32
4122.8552497902 92.41
4182.8235602974 92.52
4243.6641299665 92.63
4305.3896460992 92.73
4368.0129805382 92.83
4431.5471923516 92.91
4496.0055305558 92.99
4561.4014368787 93.06
4627.7485485626 93.12
4695.0607012081 93.17
4763.3519316592 93.21
4832.6364809305 93.24
4902.9287971769 93.25
4974.2435387067 93.24
5046.595577038 93.20
5120.0000000002 93.13
5194.4721148803 93.03
5270.0274516149 92.90
5346.6817660286 92.74
5424.4510431198 92.56
5503.3515003942 92.35
5583.3995912463 92.12
5664.6120083911 91.86
5747.0056873442 91.59
5830.5978099545 91.31
5915.4058079863 91.04
6001.4473667548 90.78
6088.7404288142 90.54
6177.3031976989 90.32
6267.1541417201 90.13
6358.3119978165 89.95
6450.795775462 89.79
6544.6247606297 89.65
6639.8185198134 89.52
6736.3969041085 89.42
6834.3800533509 89.33
6933.7884003172 89.27
7034.6426749857 89.26
7136.9639088592 89.31
7240.7734393506 89.43
7346.0929142326 89.62
7452.9442961523 89.87
7561.3498672106 90.19
7671.3322336089 90.54
7782.9143303638 90.87
7896.119426089 91.11
8010.9711278481 91.16
8127.4933860775 90.95
8245.7104995805 90.46
8365.6471205948 89.71
8487.328259933 88.79
8610.7792921984 87.75
8736.0259610765 86.65
8863.0943847033 85.55
8992.0110611117 84.46
9122.8028737575 83.43
9255.4970971253 82.48
9390.1214024162 81.67
9526.7038633184 81.07
9665.272961861 80.77
9805.8575943538 80.78
9948.4870774134 81.03
10093.191154076 81.31
10240.0000000005 81.48
10388.9442297607 81.48
10540.0549032298 81.35
10693.3635320572 81.19
10848.9020862397 81.09
11006.7030007884 81.18
11166.7991824927 81.53
11329.2240167822 82.19
11494.0113746885 83.04
11661.1956199091 83.99
11830.8116159726 84.97
12002.8947335097 86.03
12177.4808576284 87.24
12354.6063953979 88.81
12534.3082834402 90.65
12716.6239956331 92.65
12901.5915509241 93.83
13089.2495212594 94.42
13279.637039627 93.71
13472.7938082171 91.90
13668.7601067018 89.79
13867.5768006344 87.85
14069.2853499715 86.19
14273.9278177184 84.73
14481.5468787012 83.59
14692.1858284653 82.92
14905.8885923047 82.52
15122.6997344212 82.25
15342.6644672179 81.97
15565.8286607277 81.52
15792.2388521781 80.77
16021.9422556964 79.78
16254.9867721551 78.69
16491.4209991611 77.64
16731.2942411897 76.81
16974.656519866 76.21
17221.5585843969 75.76
17472.0519221531 75.38
17726.1887694067 74.90
17984.0221222235 74.12
18245.605747515 72.86
18510.9941942506 71.06
18780.2428048326 68.86
19053.4077266369 66.61
19330.545923722 64.47
19611.7151887077 62.07
19896.9741548268 59.58
20186.382308152 58.76
