20 88.16
20.299999 88.26
20.6 88.35
20.9 88.44
21.200001 88.52
21.4 88.58
21.799999 88.69
22 88.75
22.4 88.86
22.700001 88.94
23 89.02
23.299999 89.10
23.6 89.17
24 89.27
24.299999 89.34
24.700001 89.43
25 89.50
25.4 89.58
25.799999 89.67
26.200001 89.75
26.5 89.82
26.9 89.90
27.200001 89.96
27.6 90.03
28 90.11
28.5 90.20
29 90.29
29.5 90.37
30 90.45
30.4 90.51
30.700001 90.56
31.1 90.62
31.5 90.68
32 90.75
32.5 90.82
33 90.89
33.5 90.95
34 91.01
34.5 91.07
35 91.13
35.5 91.19
36 91.24
36.5 91.30
37 91.35
37.5 91.41
38.200001 91.48
38.700001 91.53
39.5 91.60
40 91.64
40.599998 91.69
41.200001 91.74
41.799999 91.79
42.5 91.84
43.099998 91.89
43.700001 91.93
44.400002 91.97
45 92.01
45.5 92.04
46.200001 92.09
46.799999 92.12
47.5 92.16
48.200001 92.20
48.700001 92.23
49.400002 92.27
50 92.30
50.799999 92.33
51.5 92.36
52.200001 92.39
53 92.42
53.799999 92.46
54.5 92.48
55.200001 92.51
56 92.53
57 92.56
58 92.58
59 92.61
60 92.64
60.799999 92.65
61.5 92.67
62.200001 92.68
63 92.70
64 92.72
65 92.74
66 92.76
67 92.77
68 92.78
69 92.80
70 92.81
71 92.81
72 92.82
73 92.82
74 92.83
75 92.83
76.199997 92.84
77.5 92.85
78.800003 92.86
80 92.85
81.199997 92.84
82.5 92.83
83.800003 92.82
85 92.82
86.199997 92.81
87.5 92.81
88.5 92.80
90 92.80
91.199997 92.79
92.5 92.78
93.800003 92.77
95 92.76
96.199997 92.75
97.5 92.73
98.800003 92.72
100 92.70
101.5 92.68
103 92.66
104.400002 92.65
106 92.63
107.5 92.61
109 92.59
110.599998 92.56
112 92.55
113.800003 92.52
115 92.50
117.199997 92.47
118 92.46
120.599998 92.42
122 92.40
124.099998 92.36
125 92.34
126.5 92.32
128 92.29
131.5 92.23
132 92.23
134 92.19
136 92.16
138 92.12
140 92.09
143 92.03
145 92.00
147.5 91.95
150 91.91
152.5 91.86
155 91.82
157.5 91.77
160 91.73
162.5 91.69
165 91.64
167.5 91.60
170 91.56
172.5 91.51
175 91.47
177.5 91.43
180 91.39
182.5 91.34
185 91.30
187.5 91.26
190 91.22
192.5 91.18
195 91.14
197.5 91.09
200 91.05
203 91.01
206 90.96
209 90.91
212 90.87
214 90.84
218 90.78
220 90.75
224 90.69
227 90.64
230 90.60
233 90.56
236 90.52
240 90.46
243 90.42
247 90.37
250 90.33
254 90.28
258 90.23
262 90.18
265 90.14
269 90.09
272 90.06
276 90.01
280 89.96
285 89.91
290 89.85
295 89.80
300 89.75
304 89.70
307 89.67
311 89.64
315 89.60
320 89.55
325 89.51
330 89.46
335 89.42
340 89.38
345 89.34
350 89.30
355 89.26
360 89.22
365 89.18
370 89.15
375 89.11
382 89.06
387 89.03
395 88.98
400 88.95
406 88.92
412 88.88
418 88.85
425 88.81
431 88.78
437 88.75
444 88.72
450 88.69
455 88.67
462 88.63
468 88.61
475 88.58
482 88.55
487 88.53
494 88.50
500 88.48
508 88.45
515 88.43
522 88.41
530 88.39
538 88.36
545 88.34
552 88.33
560 88.31
570 88.29
580 88.27
590 88.25
600 88.23
608 88.22
615 88.21
622 88.20
630 88.19
640 88.18
650 88.17
660 88.16
670 88.16
680 88.16
690 88.16
700 88.16
710 88.16
720 88.17
730 88.18
740 88.19
750 88.20
762 88.21
775 88.24
788 88.26
800 88.29
812 88.32
825 88.36
838 88.40
850 88.44
862 88.49
875 88.54
885 88.59
900 88.66
912 88.73
925 88.80
938 88.88
950 88.96
962 89.04
975 89.13
988 89.22
1000 89.31
1015 89.43
1030 89.55
1044 89.66
1060 89.79
1075 89.92
1090 90.05
1106 90.18
1120 90.30
1138 90.45
1150 90.55
1172 90.73
1180 90.80
1206 91.01
1220 91.11
1241 91.27
1250 91.34
1265 91.45
1280 91.55
1315 91.79
1320 91.82
1340 91.95
1360 92.08
1380 92.21
1400 92.33
1430 92.51
1450 92.63
1475 92.78
1500 92.93
1525 93.08
1550 93.22
1575 93.37
1600 93.52
1625 93.68
1650 93.83
1675 93.98
1700 94.14
1725 94.30
1750 94.46
1775 94.62
1800 94.79
1825 94.95
1850 95.12
1875 95.29
1900 95.46
1925 95.63
1950 95.80
1975 95.97
2000 96.14
2030 96.35
2060 96.56
2090 96.76
2120 96.96
2140 97.10
2180 97.36
2200 97.49
2240 97.74
2270 97.92
2300 98.09
2330 98.26
2360 98.42
2400 98.62
2430 98.75
2470 98.92
2500 99.04
2540 99.18
2580 99.30
2620 99.40
2650 99.47
2690 99.55
2720 99.59
2760 99.64
2800 99.68
2850 99.71
2900 99.73
2950 99.74
3000 99.74
3040 99.74
3070 99.74
3110 99.74
3150 99.73
3200 99.73
3250 99.73
3300 99.74
3350 99.75
3400 99.77
3450 99.79
3500 99.82
3550 99.86
3600 99.90
3650 99.95
3700 100.01
3750 100.08
3820 100.17
3870 100.25
3950 100.38
4000 100.46
4060 100.56
4120 100.65
4180 100.73
4250 100.80
4310 100.85
4370 100.87
4440 100.85
4500 100.80
4550 100.72
4620 100.58
4680 100.41
4750 100.16
4820 99.86
4870 99.61
4940 99.24
5000 98.89
5080 98.40
5150 97.95
5220 97.49
5300 96.96
5380 96.44
5450 95.99
5520 95.55
5600 95.07
5700 94.51
5800 93.98
5900 93.50
6000 93.07
6080 92.75
6150 92.50
6220 92.28
6300 92.05
6400 91.80
6500 91.59
6600 91.44
6700 91.32
6800 91.25
6900 91.23
7000 91.25
7100 91.33
7200 91.45
7300 91.62
7400 91.83
7500 92.08
7620 92.42
7750 92.83
7880 93.25
8000 93.60
8120 93.88
8250 94.06
8380 94.07
8500 93.89
8620 93.54
8750 92.99
8850 92.46
9000 91.56
9120 90.79
9250 89.94
9380 89.12
9500 88.41
9620 87.75
9750 87.10
9880 86.53
10000 86.07
10150 85.58
10300 85.19
10440 84.91
10600 84.68
10750 84.55
10900 84.52
11060 84.59
11200 84.74
11380 85.07
11500 85.38
11720 86.16
11800 86.51
12060 87.85
12200 88.65
12410 89.74
12500 90.11
12650 90.51
12800 90.57
13150 89.24
13200 88.91
13400 87.36
13600 85.64
13800 83.93
14000 82.36
14300 80.35
14500 79.26
14750 78.15
15000 77.28
15250 76.61
15500 76.14
15750 75.82
16000 75.65
16250 75.58
16500 75.58
16750 75.61
17000 75.62
17250 75.61
17500 75.54
17750 75.42
18000 75.24
18250 74.94
18500 74.45
18750 73.75
19000 72.89
19250 72.04
19500 71.22
19750 70.34
20000 69.29
