20 89.37
20.299999 89.46
20.6 89.54
20.9 89.63
21.200001 89.71
21.4 89.77
21.799999 89.88
22 89.93
22.4 90.03
22.700001 90.10
23 90.17
23.299999 90.24
23.6 90.30
24 90.39
24.299999 90.45
24.700001 90.53
25 90.59
25.4 90.67
25.799999 90.74
26.200001 90.82
26.5 90.87
26.9 90.94
27.200001 90.99
27.6 91.06
28 91.12
28.5 91.20
29 91.28
29.5 91.35
30 91.42
30.4 91.47
30.700001 91.51
31.1 91.56
31.5 91.61
32 91.68
32.5 91.73
33 91.79
33.5 91.84
34 91.90
34.5 91.95
35 92.00
35.5 92.05
36 92.10
36.5 92.14
37 92.19
37.5 92.23
38.200001 92.28
38.700001 92.32
39.5 92.38
40 92.41
40.599998 92.45
41.200001 92.49
41.799999 92.53
42.5 92.57
43.099998 92.60
43.700001 92.63
44.400002 92.67
45 92.69
45.5 92.72
46.200001 92.75
46.799999 92.78
47.5 92.80
48.200001 92.83
48.700001 92.85
49.400002 92.87
50 92.89
50.799999 92.91
51.5 92.93
52.200001 92.95
53 92.97
53.799999 93.00
54.5 93.01
55.200001 93.03
56 93.04
57 93.06
58 93.07
59 93.08
60 93.10
60.799999 93.11
61.5 93.11
62.200001 93.12
63 93.13
64 93.13
65 93.14
66 93.14
67 93.14
68 93.15
69 93.15
70 93.15
71 93.14
72 93.14
73 93.14
74 93.13
75 93.13
76.199997 93.12
77.5 93.11
78.800003 93.10
80 93.09
81.199997 93.08
82.5 93.06
83.800003 93.05
85 93.03
86.199997 93.02
87.5 93.00
88.5 92.99
90 92.97
91.199997 92.95
92.5 92.93
93.800003 92.91
95 92.89
96.199997 92.88
97.5 92.86
98.800003 92.83
100 92.81
101.5 92.79
103 92.76
104.400002 92.74
106 92.71
107.5 92.68
109 92.65
110.599998 92.62
112 92.59
113.800003 92.56
115 92.54
117.199997 92.49
118 92.48
120.599998 92.43
122 92.40
124.099998 92.36
125 92.34
126.5 92.31
128 92.28
131.5 92.20
132 92.19
134 92.15
136 92.11
138 92.07
140 92.03
143 91.97
145 91.93
147.5 91.88
150 91.83
152.5 91.78
155 91.72
157.5 91.67
160 91.62
162.5 91.57
165 91.52
167.5 91.47
170 91.42
172.5 91.38
175 91.33
177.5 91.28
180 91.23
182.5 91.19
185 91.14
187.5 91.10
190 91.05
192.5 91.00
195 90.96
197.5 90.91
200 90.87
203 90.82
206 90.77
209 90.72
212 90.67
214 90.63
218 90.57
220 90.53
224 90.47
227 90.42
230 90.37
233 90.33
236 90.28
240 90.22
243 90.18
247 90.12
250 90.08
254 90.02
258 89.97
262 89.91
265 89.87
269 89.82
272 89.78
276 89.73
280 89.68
285 89.62
290 89.56
295 89.50
300 89.45
304 89.40
307 89.37
311 89.33
315 89.28
320 89.23
325 89.18
330 89.13
335 89.09
340 89.04
345 89.00
350 88.95
355 88.91
360 88.87
365 88.83
370 88.79
375 88.75
382 88.69
387 88.66
395 88.60
400 88.56
406 88.52
412 88.48
418 88.45
425 88.40
431 88.37
437 88.33
444 88.29
450 88.26
455 88.23
462 88.19
468 88.16
475 88.13
482 88.10
487 88.07
494 88.04
500 88.01
508 87.98
515 87.95
522 87.92
530 87.89
538 87.86
545 87.83
552 87.81
560 87.78
570 87.75
580 87.72
590 87.69
600 87.67
608 87.64
615 87.63
622 87.61
630 87.60
640 87.58
650 87.56
660 87.54
670 87.53
680 87.51
690 87.50
700 87.49
710 87.48
720 87.48
730 87.47
740 87.47
750 87.47
762 87.47
775 87.48
788 87.49
800 87.50
812 87.52
825 87.54
838 87.56
850 87.59
862 87.62
875 87.66
885 87.69
900 87.75
912 87.80
925 87.85
938 87.92
950 87.97
962 88.04
975 88.11
988 88.19
1000 88.26
1015 88.36
1030 88.46
1044 88.55
1060 88.66
1075 88.77
1090 88.88
1106 88.99
1120 89.09
1138 89.22
1150 89.30
1172 89.45
1180 89.51
1206 89.67
1220 89.76
1241 89.89
1250 89.94
1265 90.02
1280 90.10
1315 90.28
1320 90.31
1340 90.40
1360 90.49
1380 90.57
1400 90.66
1430 90.77
1450 90.85
1475 90.94
1500 91.03
1525 91.11
1550 91.20
1575 91.28
1600 91.36
1625 91.44
1650 91.52
1675 91.60
1700 91.68
1725 91.75
1750 91.83
1775 91.91
1800 91.99
1825 92.07
1850 92.15
1875 92.23
1900 92.31
1925 92.39
1950 92.47
1975 92.55
2000 92.63
2030 92.73
2060 92.82
2090 92.92
2120 93.02
2140 93.08
2180 93.21
2200 93.28
2240 93.41
2270 93.50
2300 93.60
2330 93.70
2360 93.79
2400 93.92
2430 94.02
2470 94.14
2500 94.24
2540 94.37
2580 94.49
2620 94.62
2650 94.71
2690 94.84
2720 94.93
2760 95.06
2800 95.18
2850 95.34
2900 95.50
2950 95.65
3000 95.81
3040 95.93
3070 96.03
3110 96.15
3150 96.27
3200 96.42
3250 96.57
3300 96.72
3350 96.86
3400 97.00
3450 97.14
3500 97.27
3550 97.39
3600 97.50
3650 97.60
3700 97.69
3750 97.76
3820 97.84
3870 97.88
3950 97.90
4000 97.89
4060 97.86
4120 97.80
4180 97.71
4250 97.57
4310 97.43
4370 97.26
4440 97.03
4500 96.82
4550 96.63
4620 96.34
4680 96.08
4750 95.77
4820 95.44
4870 95.20
4940 94.87
5000 94.58
5080 94.19
5150 93.86
5220 93.53
5300 93.16
5380 92.81
5450 92.51
5520 92.22
5600 91.90
5700 91.53
5800 91.19
5900 90.88
6000 90.60
6080 90.40
6150 90.24
6220 90.10
6300 89.95
6400 89.81
6500 89.69
6600 89.61
6700 89.55
6800 89.53
6900 89.54
7000 89.59
7100 89.68
7200 89.80
7300 89.95
7400 90.13
7500 90.33
7620 90.60
7750 90.92
7880 91.24
8000 91.51
8120 91.75
8250 91.93
8380 92.00
8500 91.95
8620 91.78
8750 91.47
8850 91.15
9000 90.56
9120 90.01
9250 89.38
9380 88.74
9500 88.15
9620 87.59
9750 87.02
9880 86.50
10000 86.07
10150 85.61
10300 85.24
10440 84.97
10600 84.75
10750 84.64
10900 84.62
11060 84.71
11200 84.87
11380 85.20
11500 85.50
11720 86.20
11800 86.50
12060 87.54
12200 88.07
12410 88.64
12500 88.76
12650 88.75
12800 88.44
13150 86.67
13200 86.33
13400 84.84
13600 83.27
13800 81.74
14000 80.31
14300 78.44
14500 77.37
14750 76.22
15000 75.23
15250 74.39
15500 73.68
15750 73.06
16000 72.53
16250 72.06
16500 71.64
16750 71.29
17000 71.01
17250 70.86
17500 70.86
17750 71.00
18000 71.20
18250 71.33
18500 71.25
18750 70.91
19000 70.33
19250 69.65
19500 68.89
19750 67.94
20000 66.75
