20.000000	62.710
20.360000	62.807
20.730000	62.911
21.110000	63.030
21.500000	63.166
21.890000	63.316
22.290000	63.477
22.690000	63.643
23.100000	63.811
23.520000	63.979
23.950000	64.145
24.390000	64.308
24.830000	64.469
25.280000	64.626
25.740000	64.780
26.210000	64.931
26.690000	65.078
27.180000	65.223
27.670000	65.367
28.170000	65.510
28.690000	65.653
29.210000	65.798
29.740000	65.944
30.280000	66.092
30.830000	66.241
31.390000	66.388
31.970000	66.534
32.550000	66.679
33.140000	66.822
33.740000	66.963
34.360000	67.103
34.980000	67.239
35.620000	67.371
36.270000	67.496
36.930000	67.616
37.600000	67.730
38.280000	67.838
38.980000	67.942
39.690000	68.042
40.410000	68.140
41.150000	68.236
41.900000	68.331
42.660000	68.424
43.440000	68.515
44.230000	68.601
45.030000	68.681
45.850000	68.753
46.680000	68.816
47.530000	68.870
48.400000	68.916
49.280000	68.954
50.180000	68.985
51.090000	69.010
52.020000	69.032
52.970000	69.053
53.930000	69.077
54.910000	69.109
55.910000	69.153
56.930000	69.216
57.970000	69.300
59.020000	69.408
60.090000	69.543
61.190000	69.703
62.300000	69.886
63.440000	70.088
64.590000	70.302
65.770000	70.519
66.960000	70.728
68.180000	70.923
69.420000	71.096
70.690000	71.248
71.970000	71.377
73.280000	71.487
74.620000	71.581
75.970000	71.663
77.360000	71.734
78.760000	71.799
80.200000	71.858
81.660000	71.914
83.140000	71.967
84.660000	72.020
86.200000	72.072
87.770000	72.122
89.360000	72.170
90.990000	72.215
92.650000	72.255
94.330000	72.290
96.050000	72.321
97.800000	72.348
99.580000	72.372
101.390000	72.394
103.230000	72.414
105.110000	72.434
107.030000	72.455
108.970000	72.475
110.960000	72.496
112.980000	72.517
115.030000	72.540
117.130000	72.563
119.260000	72.587
121.430000	72.611
123.640000	72.636
125.890000	72.660
128.180000	72.682
130.510000	72.701
132.890000	72.716
135.310000	72.727
137.770000	72.734
140.280000	72.736
142.830000	72.734
145.430000	72.729
148.070000	72.724
150.770000	72.719
153.510000	72.718
156.310000	72.721
159.150000	72.727
162.050000	72.735
165.000000	72.743
168.000000	72.750
171.060000	72.755
174.170000	72.760
177.340000	72.764
180.570000	72.768
183.860000	72.772
187.200000	72.776
190.610000	72.780
194.080000	72.783
197.610000	72.786
201.210000	72.787
204.870000	72.787
208.600000	72.785
212.390000	72.782
216.260000	72.778
220.190000	72.775
224.200000	72.771
228.280000	72.766
232.440000	72.761
236.670000	72.753
240.970000	72.743
245.360000	72.730
249.820000	72.715
254.370000	72.701
259.000000	72.689
263.710000	72.681
268.510000	72.681
273.400000	72.685
278.380000	72.692
283.440000	72.699
288.600000	72.706
293.850000	72.712
299.200000	72.716
304.650000	72.720
310.190000	72.723
315.840000	72.726
321.590000	72.729
327.440000	72.733
333.400000	72.736
339.470000	72.740
345.640000	72.743
351.930000	72.747
358.340000	72.750
364.860000	72.754
371.500000	72.757
378.260000	72.760
385.150000	72.763
392.160000	72.766
399.290000	72.769
406.560000	72.772
413.960000	72.776
421.490000	72.782
429.160000	72.791
436.970000	72.805
444.930000	72.824
453.020000	72.846
461.270000	72.867
469.660000	72.882
478.210000	72.884
486.910000	72.872
495.780000	72.846
504.800000	72.813
513.990000	72.782
523.340000	72.765
532.870000	72.766
542.560000	72.789
552.440000	72.829
562.490000	72.881
572.730000	72.937
583.150000	72.994
593.770000	73.047
604.570000	73.096
615.570000	73.143
626.780000	73.188
638.180000	73.235
649.800000	73.284
661.630000	73.336
673.670000	73.391
685.930000	73.448
698.410000	73.506
711.120000	73.564
724.060000	73.620
737.240000	73.675
750.660000	73.728
764.320000	73.780
778.230000	73.833
792.390000	73.886
806.820000	73.941
821.500000	74.000
836.450000	74.066
851.670000	74.140
867.170000	74.224
882.960000	74.316
899.020000	74.417
915.390000	74.521
932.050000	74.627
949.010000	74.731
966.280000	74.831
983.870000	74.923
1001.770000	75.008
1020.000000	75.087
1038.570000	75.161
1057.470000	75.237
1076.710000	75.317
1096.310000	75.405
1116.260000	75.504
1136.580000	75.613
1157.260000	75.728
1178.320000	75.844
1199.770000	75.958
1221.600000	76.069
1243.840000	76.177
1266.470000	76.287
1289.520000	76.403
1312.990000	76.530
1336.890000	76.667
1361.220000	76.809
1385.990000	76.944
1411.220000	77.057
1436.900000	77.132
1463.050000	77.159
1489.680000	77.128
1516.790000	77.039
1544.400000	76.893
1572.500000	76.696
1601.120000	76.457
1630.260000	76.186
1659.930000	75.892
1690.140000	75.585
1720.900000	75.272
1752.220000	74.961
1784.110000	74.658
1816.580000	74.371
1849.640000	74.105
1883.300000	73.856
1917.580000	73.616
1952.480000	73.372
1988.010000	73.118
2024.190000	72.854
2061.030000	72.589
2098.540000	72.333
2136.730000	72.099
2175.620000	71.893
2215.220000	71.722
2255.530000	71.589
2296.580000	71.500
2338.380000	71.462
2380.940000	71.478
2424.270000	71.539
2468.390000	71.626
2513.310000	71.719
2559.050000	71.813
2605.630000	71.921
2653.050000	72.069
2701.330000	72.283
2750.500000	72.577
2800.550000	72.943
2851.520000	73.358
2903.420000	73.800
2956.260000	74.257
3010.060000	74.729
3064.850000	75.212
3120.620000	75.695
3177.420000	76.157
3235.250000	76.583
3294.130000	76.983
3354.080000	77.408
3415.120000	77.947
3477.270000	78.695
3540.560000	79.690
3605.000000	80.866
3670.600000	82.065
3737.410000	83.102
3805.430000	83.831
3874.680000	84.170
3945.200000	84.107
4017.000000	83.680
4090.110000	82.965
4164.550000	82.049
4240.340000	81.016
4317.510000	79.934
4396.090000	78.853
4476.100000	77.802
4557.560000	76.807
4640.500000	75.889
4724.960000	75.082
4810.950000	74.423
4898.510000	73.952
4987.660000	73.699
5078.430000	73.680
5170.860000	73.890
5264.970000	74.296
5360.790000	74.837
5458.350000	75.420
5557.690000	75.926
5658.840000	76.215
5761.820000	76.156
5866.690000	75.664
5973.460000	74.732
6082.170000	73.433
6192.870000	71.891
6305.570000	70.232
6420.330000	68.557
6537.180000	66.937
6656.150000	65.443
6777.290000	64.177
6900.630000	63.268
7026.220000	62.820
7154.100000	62.871
7284.300000	63.399
7416.870000	64.359
7551.850000	65.694
7689.290000	67.338
7829.230000	69.189
7971.720000	71.095
8116.800000	72.852
8264.530000	74.239
8414.940000	75.065
8568.090000	75.223
8724.020000	74.714
8882.790000	73.653
9044.460000	72.234
9209.060000	70.696
9376.660000	69.267
9547.310000	68.117
9721.070000	67.326
9897.990000	66.904
10078.130000	66.812
10261.550000	66.959
10448.300000	67.199
10638.450000	67.378
10832.070000	67.408
11029.210000	67.299
11229.940000	67.123
11434.320000	66.979
11642.410000	66.982
11854.300000	67.259
12070.040000	67.867
12289.710000	68.712
12513.380000	69.558
12741.120000	70.125
12973.000000	70.204
13209.100000	69.683
13449.500000	68.549
13694.280000	66.868
13943.510000	64.789
14197.270000	62.557
14455.660000	60.491
14718.740000	58.932
14986.620000	58.161
15259.370000	58.306
15537.080000	59.275
15819.850000	60.785
16107.760000	62.445
16400.920000	63.852
16699.410000	64.678
17003.330000	64.780
17312.780000	64.272
17627.860000	63.486
17948.680000	62.806
18275.340000	62.485
18607.940000	62.558
18946.600000	62.898
19291.420000	63.338
19642.520000	63.780
20000.000000	64.206
