20.00 71.662
20.36 71.734
20.73 71.810
21.11 71.897
21.50 71.993
21.89 72.097
22.29 72.204
22.69 72.313
23.10 72.420
23.52 72.525
23.95 72.628
24.39 72.728
24.83 72.825
25.28 72.919
25.74 73.012
26.21 73.103
26.69 73.193
27.18 73.282
27.67 73.368
28.17 73.453
28.69 73.535
29.21 73.614
29.74 73.690
30.28 73.761
30.83 73.829
31.39 73.893
31.97 73.954
32.55 74.014
33.14 74.074
33.74 74.136
34.36 74.200
34.98 74.267
35.62 74.336
36.27 74.408
36.93 74.480
37.60 74.549
38.28 74.613
38.98 74.669
39.69 74.718
40.41 74.759
41.15 74.794
41.90 74.824
42.66 74.851
43.44 74.879
44.23 74.910
45.03 74.948
45.85 74.995
46.68 75.052
47.53 75.120
48.40 75.197
49.28 75.282
50.18 75.371
51.09 75.463
52.02 75.553
52.97 75.638
53.93 75.716
54.91 75.786
55.91 75.845
56.93 75.893
57.97 75.930
59.02 75.956
60.09 75.973
61.19 75.982
62.30 75.988
63.44 75.991
64.59 75.993
65.77 75.996
66.96 75.999
68.18 76.003
69.42 76.007
70.69 76.009
71.97 76.011
73.28 76.011
74.62 76.010
75.97 76.007
77.36 76.004
78.76 76.000
80.20 75.997
81.66 75.993
83.14 75.989
84.66 75.985
86.20 75.981
87.77 75.975
89.36 75.967
90.99 75.958
92.65 75.947
94.33 75.934
96.05 75.921
97.80 75.908
99.58 75.895
101.39 75.882
103.23 75.869
105.11 75.856
107.03 75.842
108.97 75.827
110.96 75.812
112.98 75.795
115.03 75.776
117.13 75.756
119.26 75.732
121.43 75.705
123.64 75.675
125.89 75.642
128.18 75.607
130.51 75.570
132.89 75.533
135.31 75.495
137.77 75.457
140.28 75.420
142.83 75.383
145.43 75.346
148.07 75.310
150.77 75.272
153.51 75.233
156.31 75.192
159.15 75.149
162.05 75.104
165.00 75.057
168.00 75.010
171.06 74.963
174.17 74.916
177.34 74.870
180.57 74.824
183.86 74.780
187.20 74.736
190.61 74.693
194.08 74.652
197.61 74.613
201.21 74.574
204.87 74.536
208.60 74.498
212.39 74.460
216.26 74.421
220.19 74.381
224.20 74.342
228.28 74.303
232.44 74.265
236.67 74.229
240.97 74.193
245.36 74.157
249.82 74.120
254.37 74.082
259.00 74.043
263.71 74.003
268.51 73.965
273.40 73.930
278.38 73.898
283.44 73.870
288.60 73.846
293.85 73.824
299.20 73.806
304.65 73.789
310.19 73.772
315.84 73.756
321.59 73.740
327.44 73.722
333.40 73.703
339.47 73.682
345.64 73.659
351.93 73.632
358.34 73.600
364.86 73.560
371.50 73.510
378.26 73.445
385.15 73.364
392.16 73.263
399.29 73.142
406.56 73.003
413.96 72.851
421.49 72.691
429.16 72.532
436.97 72.381
444.93 72.247
453.02 72.138
461.27 72.060
469.66 72.013
478.21 71.995
486.91 72.002
495.78 72.029
504.80 72.072
513.99 72.127
523.34 72.193
532.87 72.265
542.56 72.345
552.44 72.429
562.49 72.518
572.73 72.611
583.15 72.708
593.77 72.808
604.57 72.908
615.57 73.004
626.78 73.090
638.18 73.161
649.80 73.215
661.63 73.251
673.67 73.274
685.93 73.289
698.41 73.300
711.12 73.314
724.06 73.336
737.24 73.371
750.66 73.423
764.32 73.493
778.23 73.579
792.39 73.675
806.82 73.779
821.50 73.886
836.45 73.995
851.67 74.104
867.17 74.215
882.96 74.325
899.02 74.437
915.39 74.547
932.05 74.655
949.01 74.757
966.28 74.852
983.87 74.935
1001.77 75.007
1020.00 75.067
1038.57 75.118
1057.47 75.168
1076.71 75.226
1096.31 75.300
1116.26 75.397
1136.58 75.519
1157.26 75.663
1178.32 75.823
1199.77 75.990
1221.60 76.152
1243.84 76.300
1266.47 76.424
1289.52 76.524
1312.99 76.603
1336.89 76.670
1361.22 76.738
1385.99 76.818
1411.22 76.916
1436.90 77.027
1463.05 77.137
1489.68 77.231
1516.79 77.292
1544.40 77.304
1572.50 77.260
1601.12 77.159
1630.26 77.009
1659.93 76.829
1690.14 76.638
1720.90 76.455
1752.22 76.291
1784.11 76.150
1816.58 76.028
1849.64 75.917
1883.30 75.806
1917.58 75.682
1952.48 75.535
1988.01 75.365
2024.19 75.187
2061.03 75.027
2098.54 74.910
2136.73 74.846
2175.62 74.824
2215.22 74.815
2255.53 74.790
2296.58 74.731
2338.38 74.641
2380.94 74.535
2424.27 74.430
2468.39 74.333
2513.31 74.239
2559.05 74.142
2605.63 74.045
2653.05 73.962
2701.33 73.919
2750.50 73.934
2800.55 74.012
2851.52 74.144
2903.42 74.325
2956.26 74.550
3010.06 74.812
3064.85 75.095
3120.62 75.374
3177.42 75.630
3235.25 75.855
3294.13 76.061
3354.08 76.266
3415.12 76.496
3477.27 76.760
3540.56 77.058
3605.00 77.376
3670.60 77.702
3737.41 78.028
3805.43 78.343
3874.68 78.632
3945.20 78.881
4017.00 79.083
4090.11 79.245
4164.55 79.367
4240.34 79.443
4317.51 79.455
4396.09 79.396
4476.10 79.276
4557.56 79.124
4640.50 78.965
4724.96 78.812
4810.95 78.672
4898.51 78.562
4987.66 78.516
5078.43 78.568
5170.86 78.739
5264.97 79.018
5360.79 79.370
5458.35 79.742
5557.69 80.075
5658.84 80.311
5761.82 80.402
5866.69 80.318
5973.46 80.055
6082.17 79.648
6192.87 79.158
6305.57 78.658
6420.33 78.192
6537.18 77.766
6656.15 77.347
6777.29 76.892
6900.63 76.379
7026.22 75.823
7154.10 75.283
7284.30 74.856
7416.87 74.654
7551.85 74.763
7689.29 75.210
7829.23 75.943
7971.72 76.849
8116.80 77.774
8264.53 78.550
8414.94 79.016
8568.09 79.034
8724.02 78.510
8882.79 77.407
9044.46 75.751
9209.06 73.635
9376.66 71.226
9547.31 68.789
9721.07 66.696
9897.99 65.378
10078.13 65.203
10261.55 66.288
10448.30 68.377
10638.45 70.914
10832.07 73.277
11029.21 74.995
11229.94 75.839
11434.32 75.808
11642.41 75.071
11854.30 73.901
12070.04 72.631
12289.71 71.592
12513.38 71.043
12741.12 71.103
12973.00 71.717
13209.10 72.687
13449.50 73.740
13694.28 74.605
13943.51 75.062
14197.27 74.971
14455.66 74.270
14718.74 72.963
14986.62 71.104
15259.37 68.795
15537.08 66.215
15819.85 63.638
16107.76 61.411
16400.92 59.818
16699.41 58.937
17003.33 58.614
17312.78 58.625
17627.86 58.846
17948.68 59.254
18275.34 59.821
18607.94 60.444
18946.60 61.004
19291.42 61.444
19642.52 61.785
20000.00 62.080