20.000000	61.518
20.360000	61.613
20.730000	61.713
21.110000	61.823
21.500000	61.943
21.890000	62.068
22.290000	62.197
22.690000	62.326
23.100000	62.457
23.520000	62.589
23.950000	62.719
24.390000	62.843
24.830000	62.954
25.280000	63.047
25.740000	63.119
26.210000	63.173
26.690000	63.216
27.180000	63.260
27.670000	63.320
28.170000	63.410
28.690000	63.539
29.210000	63.709
29.740000	63.913
30.280000	64.134
30.830000	64.351
31.390000	64.544
31.970000	64.702
32.550000	64.825
33.140000	64.925
33.740000	65.021
34.360000	65.132
34.980000	65.273
35.620000	65.447
36.270000	65.643
36.930000	65.840
37.600000	66.014
38.280000	66.142
38.980000	66.211
39.690000	66.218
40.410000	66.172
41.150000	66.096
41.900000	66.020
42.660000	65.979
43.440000	66.007
44.230000	66.131
45.030000	66.362
45.850000	66.693
46.680000	67.097
47.530000	67.539
48.400000	67.981
49.280000	68.392
50.180000	68.751
51.090000	69.050
52.020000	69.291
52.970000	69.482
53.930000	69.635
54.910000	69.763
55.910000	69.874
56.930000	69.977
57.970000	70.075
59.020000	70.172
60.090000	70.269
61.190000	70.367
62.300000	70.466
63.440000	70.566
64.590000	70.667
65.770000	70.768
66.960000	70.869
68.180000	70.969
69.420000	71.068
70.690000	71.163
71.970000	71.256
73.280000	71.344
74.620000	71.429
75.970000	71.510
77.360000	71.588
78.760000	71.662
80.200000	71.732
81.660000	71.797
83.140000	71.859
84.660000	71.918
86.200000	71.974
87.770000	72.029
89.360000	72.083
90.990000	72.139
92.650000	72.197
94.330000	72.255
96.050000	72.314
97.800000	72.371
99.580000	72.427
101.390000	72.480
103.230000	72.531
105.110000	72.579
107.030000	72.624
108.970000	72.666
110.960000	72.707
112.980000	72.746
115.030000	72.784
117.130000	72.821
119.260000	72.857
121.430000	72.892
123.640000	72.927
125.890000	72.961
128.180000	72.993
130.510000	73.023
132.890000	73.052
135.310000	73.078
137.770000	73.102
140.280000	73.124
142.830000	73.143
145.430000	73.161
148.070000	73.178
150.770000	73.193
153.510000	73.209
156.310000	73.225
159.150000	73.242
162.050000	73.258
165.000000	73.275
168.000000	73.292
171.060000	73.309
174.170000	73.324
177.340000	73.339
180.570000	73.353
183.860000	73.366
187.200000	73.380
190.610000	73.393
194.080000	73.406
197.610000	73.419
201.210000	73.432
204.870000	73.445
208.600000	73.458
212.390000	73.470
216.260000	73.481
220.190000	73.492
224.200000	73.504
228.280000	73.515
232.440000	73.528
236.670000	73.541
240.970000	73.555
245.360000	73.571
249.820000	73.590
254.370000	73.610
259.000000	73.634
263.710000	73.660
268.510000	73.689
273.400000	73.720
278.380000	73.752
283.440000	73.784
288.600000	73.815
293.850000	73.845
299.200000	73.874
304.650000	73.902
310.190000	73.928
315.840000	73.951
321.590000	73.973
327.440000	73.993
333.400000	74.010
339.470000	74.026
345.640000	74.039
351.930000	74.050
358.340000	74.060
364.860000	74.066
371.500000	74.069
378.260000	74.066
385.150000	74.057
392.160000	74.041
399.290000	74.019
406.560000	73.994
413.960000	73.970
421.490000	73.954
429.160000	73.949
436.970000	73.957
444.930000	73.974
453.020000	73.993
461.270000	74.004
469.660000	73.999
478.210000	73.970
486.910000	73.913
495.780000	73.833
504.800000	73.743
513.990000	73.663
523.340000	73.618
532.870000	73.627
542.560000	73.699
552.440000	73.832
562.490000	74.007
572.730000	74.199
583.150000	74.381
593.770000	74.531
604.570000	74.631
615.570000	74.675
626.780000	74.655
638.180000	74.568
649.800000	74.413
661.630000	74.195
673.670000	73.930
685.930000	73.644
698.410000	73.370
711.120000	73.142
724.060000	72.989
737.240000	72.929
750.660000	72.964
764.320000	73.084
778.230000	73.268
792.390000	73.495
806.820000	73.746
821.500000	74.006
836.450000	74.261
851.670000	74.497
867.170000	74.701
882.960000	74.860
899.020000	74.962
915.390000	75.005
932.050000	74.997
949.010000	74.961
966.280000	74.930
983.870000	74.939
1001.770000	75.007
1020.000000	75.136
1038.570000	75.310
1057.470000	75.506
1076.710000	75.704
1096.310000	75.899
1116.260000	76.095
1136.580000	76.294
1157.260000	76.496
1178.320000	76.689
1199.770000	76.859
1221.600000	76.983
1243.840000	77.028
1266.470000	76.943
1289.520000	76.662
1312.990000	76.110
1336.890000	75.234
1361.220000	74.034
1385.990000	72.610
1411.220000	71.163
1436.900000	69.961
1463.050000	69.249
1489.680000	69.145
1516.790000	69.586
1544.400000	70.371
1572.500000	71.260
1601.120000	72.075
1630.260000	72.731
1659.930000	73.226
1690.140000	73.601
1720.900000	73.897
1752.220000	74.148
1784.110000	74.372
1816.580000	74.582
1849.640000	74.792
1883.300000	75.018
1917.580000	75.275
1952.480000	75.556
1988.010000	75.821
2024.190000	76.003
2061.030000	76.037
2098.540000	75.906
2136.730000	75.672
2175.620000	75.483
2215.220000	75.513
2255.530000	75.863
2296.580000	76.512
2338.380000	77.341
2380.940000	78.196
2424.270000	78.942
2468.390000	79.483
2513.310000	79.786
2559.050000	79.893
2605.630000	79.933
2653.050000	80.072
2701.330000	80.416
2750.500000	80.941
2800.550000	81.521
2851.520000	82.015
2903.420000	82.333
2956.260000	82.450
3010.060000	82.390
3064.850000	82.205
3120.620000	81.955
3177.420000	81.685
3235.250000	81.420
3294.130000	81.176
3354.080000	80.974
3415.120000	80.817
3477.270000	80.682
3540.560000	80.535
3605.000000	80.346
3670.600000	80.080
3737.410000	79.710
3805.430000	79.254
3874.680000	78.792
3945.200000	78.430
4017.000000	78.231
4090.110000	78.175
4164.550000	78.184
4240.340000	78.190
4317.510000	78.184
4396.090000	78.189
4476.100000	78.212
4557.560000	78.201
4640.500000	78.084
4724.960000	77.831
4810.950000	77.492
4898.510000	77.162
4987.660000	76.942
5078.430000	76.889
5170.860000	76.979
5264.970000	77.096
5360.790000	77.069
5458.350000	76.750
5557.690000	76.068
5658.840000	75.047
5761.820000	73.792
5866.690000	72.466
5973.460000	71.240
6082.170000	70.234
6192.870000	69.462
6305.570000	68.864
6420.330000	68.374
6537.180000	67.966
6656.150000	67.659
6777.290000	67.526
6900.630000	67.660
7026.220000	68.110
7154.100000	68.831
7284.300000	69.704
7416.870000	70.606
7551.850000	71.451
7689.290000	72.165
7829.230000	72.666
7971.720000	72.886
8116.800000	72.820
8264.530000	72.535
8414.940000	72.115
8568.090000	71.607
8724.020000	71.019
8882.790000	70.362
9044.460000	69.676
9209.060000	69.016
9376.660000	68.415
9547.310000	67.894
9721.070000	67.507
9897.990000	67.359
10078.130000	67.563
10261.550000	68.170
10448.300000	69.100
10638.450000	70.145
10832.070000	71.042
11029.210000	71.584
11229.940000	71.726
11434.320000	71.593
11642.410000	71.401
11854.300000	71.301
12070.040000	71.291
12289.710000	71.243
12513.380000	70.989
12741.120000	70.400
12973.000000	69.412
13209.100000	68.015
13449.500000	66.234
13694.280000	64.109
13943.510000	61.768
14197.270000	59.533
14455.660000	57.810
14718.740000	56.797
14986.620000	56.459
15259.370000	56.770
15537.080000	57.785
15819.850000	59.437
16107.760000	61.388
16400.920000	63.123
16699.410000	64.237
17003.330000	64.656
17312.780000	64.624
17627.860000	64.480
17948.680000	64.387
18275.340000	64.303
18607.940000	64.165
18946.600000	63.993
19291.420000	63.829
19642.520000	63.687
20000.000000	63.558
