20.000000	79.159
20.360000	79.184
20.730000	79.211
21.110000	79.240
21.500000	79.270
21.890000	79.302
22.290000	79.334
22.690000	79.365
23.100000	79.395
23.520000	79.424
23.950000	79.452
24.390000	79.480
24.830000	79.508
25.280000	79.536
25.740000	79.565
26.210000	79.594
26.690000	79.622
27.180000	79.647
27.670000	79.667
28.170000	79.680
28.690000	79.682
29.210000	79.674
29.740000	79.655
30.280000	79.628
30.830000	79.595
31.390000	79.560
31.970000	79.525
32.550000	79.492
33.140000	79.462
33.740000	79.434
34.360000	79.409
34.980000	79.384
35.620000	79.359
36.270000	79.334
36.930000	79.306
37.600000	79.275
38.280000	79.240
38.980000	79.202
39.690000	79.159
40.410000	79.111
41.150000	79.059
41.900000	79.004
42.660000	78.946
43.440000	78.885
44.230000	78.823
45.030000	78.758
45.850000	78.693
46.680000	78.627
47.530000	78.560
48.400000	78.491
49.280000	78.420
50.180000	78.346
51.090000	78.268
52.020000	78.185
52.970000	78.096
53.930000	78.004
54.910000	77.907
55.910000	77.808
56.930000	77.707
57.970000	77.605
59.020000	77.503
60.090000	77.402
61.190000	77.302
62.300000	77.204
63.440000	77.111
64.590000	77.024
65.770000	76.944
66.960000	76.873
68.180000	76.809
69.420000	76.751
70.690000	76.695
71.970000	76.640
73.280000	76.581
74.620000	76.516
75.970000	76.444
77.360000	76.364
78.760000	76.275
80.200000	76.178
81.660000	76.074
83.140000	75.968
84.660000	75.860
86.200000	75.752
87.770000	75.644
89.360000	75.537
90.990000	75.431
92.650000	75.325
94.330000	75.220
96.050000	75.116
97.800000	75.013
99.580000	74.910
101.390000	74.808
103.230000	74.709
105.110000	74.615
107.030000	74.527
108.970000	74.446
110.960000	74.373
112.980000	74.307
115.030000	74.247
117.130000	74.192
119.260000	74.139
121.430000	74.086
123.640000	74.031
125.890000	73.970
128.180000	73.903
130.510000	73.829
132.890000	73.746
135.310000	73.654
137.770000	73.554
140.280000	73.449
142.830000	73.343
145.430000	73.245
148.070000	73.163
150.770000	73.108
153.510000	73.090
156.310000	73.117
159.150000	73.192
162.050000	73.313
165.000000	73.477
168.000000	73.673
171.060000	73.887
174.170000	74.106
177.340000	74.314
180.570000	74.499
183.860000	74.653
187.200000	74.774
190.610000	74.863
194.080000	74.925
197.610000	74.966
201.210000	74.990
204.870000	75.003
208.600000	75.005
212.390000	74.999
216.260000	74.986
220.190000	74.969
224.200000	74.948
228.280000	74.926
232.440000	74.902
236.670000	74.878
240.970000	74.854
245.360000	74.831
249.820000	74.809
254.370000	74.787
259.000000	74.766
263.710000	74.746
268.510000	74.724
273.400000	74.703
278.380000	74.682
283.440000	74.660
288.600000	74.638
293.850000	74.614
299.200000	74.588
304.650000	74.560
310.190000	74.528
315.840000	74.493
321.590000	74.454
327.440000	74.411
333.400000	74.365
339.470000	74.316
345.640000	74.262
351.930000	74.205
358.340000	74.144
364.860000	74.081
371.500000	74.017
378.260000	73.951
385.150000	73.886
392.160000	73.823
399.290000	73.762
406.560000	73.707
413.960000	73.659
421.490000	73.621
429.160000	73.595
436.970000	73.582
444.930000	73.585
453.020000	73.602
461.270000	73.635
469.660000	73.683
478.210000	73.743
486.910000	73.813
495.780000	73.890
504.800000	73.971
513.990000	74.054
523.340000	74.138
532.870000	74.223
542.560000	74.308
552.440000	74.395
562.490000	74.484
572.730000	74.574
583.150000	74.664
593.770000	74.749
604.570000	74.828
615.570000	74.896
626.780000	74.952
638.180000	74.995
649.800000	75.024
661.630000	75.042
673.670000	75.050
685.930000	75.050
698.410000	75.043
711.120000	75.032
724.060000	75.018
737.240000	75.002
750.660000	74.985
764.320000	74.969
778.230000	74.955
792.390000	74.942
806.820000	74.930
821.500000	74.919
836.450000	74.910
851.670000	74.902
867.170000	74.896
882.960000	74.893
899.020000	74.894
915.390000	74.899
932.050000	74.909
949.010000	74.924
966.280000	74.943
983.870000	74.970
1001.770000	75.003
1020.000000	75.046
1038.570000	75.098
1057.470000	75.160
1076.710000	75.232
1096.310000	75.313
1116.260000	75.404
1136.580000	75.502
1157.260000	75.607
1178.320000	75.717
1199.770000	75.830
1221.600000	75.946
1243.840000	76.063
1266.470000	76.181
1289.520000	76.300
1312.990000	76.418
1336.890000	76.537
1361.220000	76.655
1385.990000	76.773
1411.220000	76.891
1436.900000	77.007
1463.050000	77.123
1489.680000	77.238
1516.790000	77.353
1544.400000	77.467
1572.500000	77.583
1601.120000	77.700
1630.260000	77.820
1659.930000	77.944
1690.140000	78.073
1720.900000	78.207
1752.220000	78.347
1784.110000	78.496
1816.580000	78.653
1849.640000	78.820
1883.300000	78.997
1917.580000	79.184
1952.480000	79.382
1988.010000	79.588
2024.190000	79.804
2061.030000	80.029
2098.540000	80.264
2136.730000	80.509
2175.620000	80.764
2215.220000	81.027
2255.530000	81.299
2296.580000	81.577
2338.380000	81.859
2380.940000	82.145
2424.270000	82.431
2468.390000	82.717
2513.310000	82.999
2559.050000	83.273
2605.630000	83.534
2653.050000	83.775
2701.330000	83.992
2750.500000	84.180
2800.550000	84.333
2851.520000	84.447
2903.420000	84.519
2956.260000	84.550
3010.060000	84.537
3064.850000	84.483
3120.620000	84.388
3177.420000	84.255
3235.250000	84.088
3294.130000	83.893
3354.080000	83.675
3415.120000	83.439
3477.270000	83.192
3540.560000	82.938
3605.000000	82.682
3670.600000	82.428
3737.410000	82.178
3805.430000	81.937
3874.680000	81.705
3945.200000	81.483
4017.000000	81.271
4090.110000	81.071
4164.550000	80.884
4240.340000	80.713
4317.510000	80.559
4396.090000	80.422
4476.100000	80.300
4557.560000	80.192
4640.500000	80.095
4724.960000	80.008
4810.950000	79.928
4898.510000	79.854
4987.660000	79.781
5078.430000	79.706
5170.860000	79.625
5264.970000	79.537
5360.790000	79.440
5458.350000	79.334
5557.690000	79.220
5658.840000	79.102
5761.820000	78.982
5866.690000	78.864
5973.460000	78.754
6082.170000	78.661
6192.870000	78.591
6305.570000	78.552
6420.330000	78.552
6537.180000	78.593
6656.150000	78.679
6777.290000	78.804
6900.630000	78.955
7026.220000	79.108
7154.100000	79.229
7284.300000	79.278
7416.870000	79.215
7551.850000	79.003
7689.290000	78.624
7829.230000	78.075
7971.720000	77.380
8116.800000	76.580
8264.530000	75.729
8414.940000	74.886
8568.090000	74.102
8724.020000	73.410
8882.790000	72.829
9044.460000	72.363
9209.060000	72.012
9376.660000	71.777
9547.310000	71.658
9721.070000	71.653
9897.990000	71.759
10078.130000	71.964
10261.550000	72.252
10448.300000	72.594
10638.450000	72.956
10832.070000	73.299
11029.210000	73.593
11229.940000	73.820
11434.320000	73.987
11642.410000	74.123
11854.300000	74.274
12070.040000	74.482
12289.710000	74.764
12513.380000	75.090
12741.120000	75.377
12973.000000	75.506
13209.100000	75.360
13449.500000	74.873
13694.280000	74.065
13943.510000	73.043
14197.270000	71.970
14455.660000	70.992
14718.740000	70.171
14986.620000	69.472
15259.370000	68.804
15537.080000	68.060
15819.850000	67.130
16107.760000	65.903
16400.920000	64.308
16699.410000	62.373
17003.330000	60.263
17312.780000	58.242
17627.860000	56.571
17948.680000	55.397
18275.340000	54.711
18607.940000	54.398
18946.600000	54.319
19291.420000	54.358
19642.520000	54.444
20000.000000	54.542
