20.000000	73.511
20.360000	73.528
20.730000	73.548
21.110000	73.576
21.500000	73.615
21.890000	73.668
22.290000	73.739
22.690000	73.828
23.100000	73.933
23.520000	74.049
23.950000	74.172
24.390000	74.294
24.830000	74.410
25.280000	74.519
25.740000	74.620
26.210000	74.711
26.690000	74.795
27.180000	74.872
27.670000	74.945
28.170000	75.014
28.690000	75.079
29.210000	75.142
29.740000	75.203
30.280000	75.263
30.830000	75.321
31.390000	75.378
31.970000	75.435
32.550000	75.493
33.140000	75.551
33.740000	75.611
34.360000	75.670
34.980000	75.727
35.620000	75.782
36.270000	75.834
36.930000	75.882
37.600000	75.926
38.280000	75.967
38.980000	76.005
39.690000	76.038
40.410000	76.066
41.150000	76.086
41.900000	76.099
42.660000	76.105
43.440000	76.105
44.230000	76.103
45.030000	76.104
45.850000	76.109
46.680000	76.120
47.530000	76.136
48.400000	76.155
49.280000	76.177
50.180000	76.199
51.090000	76.219
52.020000	76.234
52.970000	76.240
53.930000	76.237
54.910000	76.224
55.910000	76.202
56.930000	76.169
57.970000	76.128
59.020000	76.079
60.090000	76.024
61.190000	75.964
62.300000	75.901
63.440000	75.835
64.590000	75.768
65.770000	75.699
66.960000	75.630
68.180000	75.563
69.420000	75.498
70.690000	75.432
71.970000	75.365
73.280000	75.294
74.620000	75.216
75.970000	75.132
77.360000	75.041
78.760000	74.942
80.200000	74.835
81.660000	74.721
83.140000	74.597
84.660000	74.462
86.200000	74.316
87.770000	74.157
89.360000	73.985
90.990000	73.800
92.650000	73.601
94.330000	73.394
96.050000	73.182
97.800000	72.976
99.580000	72.783
101.390000	72.613
103.230000	72.474
105.110000	72.368
107.030000	72.295
108.970000	72.250
110.960000	72.224
112.980000	72.207
115.030000	72.189
117.130000	72.162
119.260000	72.118
121.430000	72.051
123.640000	71.958
125.890000	71.839
128.180000	71.695
130.510000	71.529
132.890000	71.343
135.310000	71.143
137.770000	70.932
140.280000	70.712
142.830000	70.484
145.430000	70.248
148.070000	70.002
150.770000	69.744
153.510000	69.473
156.310000	69.186
159.150000	68.885
162.050000	68.571
165.000000	68.253
168.000000	67.941
171.060000	67.644
174.170000	67.369
177.340000	67.116
180.570000	66.881
183.860000	66.659
187.200000	66.445
190.610000	66.238
194.080000	66.042
197.610000	65.860
201.210000	65.699
204.870000	65.562
208.600000	65.456
212.390000	65.384
216.260000	65.350
220.190000	65.357
224.200000	65.404
228.280000	65.487
232.440000	65.600
236.670000	65.737
240.970000	65.891
245.360000	66.056
249.820000	66.229
254.370000	66.406
259.000000	66.586
263.710000	66.766
268.510000	66.946
273.400000	67.126
278.380000	67.307
283.440000	67.491
288.600000	67.680
293.850000	67.874
299.200000	68.077
304.650000	68.292
310.190000	68.522
315.840000	68.767
321.590000	69.027
327.440000	69.298
333.400000	69.573
339.470000	69.848
345.640000	70.119
351.930000	70.383
358.340000	70.639
364.860000	70.882
371.500000	71.110
378.260000	71.322
385.150000	71.518
392.160000	71.698
399.290000	71.865
406.560000	72.022
413.960000	72.169
421.490000	72.311
429.160000	72.446
436.970000	72.574
444.930000	72.696
453.020000	72.811
461.270000	72.919
469.660000	73.021
478.210000	73.117
486.910000	73.208
495.780000	73.294
504.800000	73.376
513.990000	73.455
523.340000	73.529
532.870000	73.599
542.560000	73.664
552.440000	73.724
562.490000	73.781
572.730000	73.834
583.150000	73.884
593.770000	73.932
604.570000	73.981
615.570000	74.029
626.780000	74.078
638.180000	74.128
649.800000	74.178
661.630000	74.226
673.670000	74.272
685.930000	74.315
698.410000	74.354
711.120000	74.390
724.060000	74.422
737.240000	74.449
750.660000	74.473
764.320000	74.494
778.230000	74.514
792.390000	74.533
806.820000	74.552
821.500000	74.574
836.450000	74.598
851.670000	74.625
867.170000	74.656
882.960000	74.691
899.020000	74.729
915.390000	74.771
932.050000	74.816
949.010000	74.862
966.280000	74.909
983.870000	74.957
1001.770000	75.005
1020.000000	75.052
1038.570000	75.100
1057.470000	75.149
1076.710000	75.200
1096.310000	75.255
1116.260000	75.315
1136.580000	75.379
1157.260000	75.449
1178.320000	75.524
1199.770000	75.604
1221.600000	75.690
1243.840000	75.781
1266.470000	75.877
1289.520000	75.977
1312.990000	76.080
1336.890000	76.185
1361.220000	76.293
1385.990000	76.400
1411.220000	76.504
1436.900000	76.598
1463.050000	76.679
1489.680000	76.743
1516.790000	76.793
1544.400000	76.840
1572.500000	76.899
1601.120000	76.989
1630.260000	77.117
1659.930000	77.282
1690.140000	77.472
1720.900000	77.672
1752.220000	77.869
1784.110000	78.061
1816.580000	78.246
1849.640000	78.430
1883.300000	78.617
1917.580000	78.810
1952.480000	79.010
1988.010000	79.215
2024.190000	79.416
2061.030000	79.602
2098.540000	79.764
2136.730000	79.896
2175.620000	79.998
2215.220000	80.068
2255.530000	80.106
2296.580000	80.116
2338.380000	80.102
2380.940000	80.081
2424.270000	80.078
2468.390000	80.131
2513.310000	80.269
2559.050000	80.498
2605.630000	80.779
2653.050000	81.046
2701.330000	81.240
2750.500000	81.334
2800.550000	81.338
2851.520000	81.276
2903.420000	81.172
2956.260000	81.040
3010.060000	80.881
3064.850000	80.686
3120.620000	80.445
3177.420000	80.156
3235.250000	79.822
3294.130000	79.457
3354.080000	79.077
3415.120000	78.695
3477.270000	78.313
3540.560000	77.926
3605.000000	77.520
3670.600000	77.087
3737.410000	76.627
3805.430000	76.152
3874.680000	75.681
3945.200000	75.228
4017.000000	74.785
4090.110000	74.330
4164.550000	73.834
4240.340000	73.289
4317.510000	72.744
4396.090000	72.325
4476.100000	72.219
4557.560000	72.601
4640.500000	73.524
4724.960000	74.863
4810.950000	76.347
4898.510000	77.680
4987.660000	78.652
5078.430000	79.189
5170.860000	79.338
5264.970000	79.209
5360.790000	78.928
5458.350000	78.607
5557.690000	78.326
5658.840000	78.132
5761.820000	78.038
5866.690000	78.024
5973.460000	78.039
6082.170000	78.016
6192.870000	77.877
6305.570000	77.547
6420.330000	76.962
6537.180000	76.083
6656.150000	74.899
6777.290000	73.444
6900.630000	71.801
7026.220000	70.119
7154.100000	68.616
7284.300000	67.558
7416.870000	67.179
7551.850000	67.530
7689.290000	68.416
7829.230000	69.517
7971.720000	70.566
8116.800000	71.426
8264.530000	72.036
8414.940000	72.346
8568.090000	72.270
8724.020000	71.711
8882.790000	70.631
9044.460000	69.117
9209.060000	67.396
9376.660000	65.791
9547.310000	64.627
9721.070000	64.111
9897.990000	64.265
10078.130000	64.955
10261.550000	65.954
10448.300000	67.026
10638.450000	67.983
10832.070000	68.729
11029.210000	69.264
11229.940000	69.654
11434.320000	69.985
11642.410000	70.329
11854.300000	70.734
12070.040000	71.221
12289.710000	71.767
12513.380000	72.294
12741.120000	72.678
12973.000000	72.796
13209.100000	72.568
13449.500000	71.971
13694.280000	71.027
13943.510000	69.784
14197.270000	68.312
14455.660000	66.693
14718.740000	65.002
14986.620000	63.291
15259.370000	61.611
15537.080000	60.059
15819.850000	58.786
16107.760000	57.951
16400.920000	57.646
16699.410000	57.810
17003.330000	58.192
17312.780000	58.463
17627.860000	58.422
17948.680000	58.104
18275.340000	57.687
18607.940000	57.321
18946.600000	57.064
19291.420000	56.904
19642.520000	56.804
20000.000000	56.727
