20.000000	71.267
20.360000	71.349
20.730000	71.438
21.110000	71.541
21.500000	71.660
21.890000	71.796
22.290000	71.946
22.690000	72.113
23.100000	72.297
23.520000	72.495
23.950000	72.701
24.390000	72.903
24.830000	73.091
25.280000	73.256
25.740000	73.395
26.210000	73.513
26.690000	73.618
27.180000	73.716
27.670000	73.813
28.170000	73.911
28.690000	74.010
29.210000	74.110
29.740000	74.209
30.280000	74.308
30.830000	74.410
31.390000	74.514
31.970000	74.623
32.550000	74.734
33.140000	74.846
33.740000	74.956
34.360000	75.062
34.980000	75.160
35.620000	75.251
36.270000	75.335
36.930000	75.416
37.600000	75.497
38.280000	75.581
38.980000	75.673
39.690000	75.776
40.410000	75.888
41.150000	76.009
41.900000	76.133
42.660000	76.253
43.440000	76.361
44.230000	76.451
45.030000	76.517
45.850000	76.560
46.680000	76.581
47.530000	76.588
48.400000	76.587
49.280000	76.588
50.180000	76.595
51.090000	76.613
52.020000	76.641
52.970000	76.674
53.930000	76.707
54.910000	76.733
55.910000	76.751
56.930000	76.758
57.970000	76.758
59.020000	76.755
60.090000	76.751
61.190000	76.751
62.300000	76.754
63.440000	76.760
64.590000	76.768
65.770000	76.778
66.960000	76.788
68.180000	76.799
69.420000	76.811
70.690000	76.824
71.970000	76.841
73.280000	76.861
74.620000	76.886
75.970000	76.916
77.360000	76.954
78.760000	77.001
80.200000	77.059
81.660000	77.128
83.140000	77.208
84.660000	77.298
86.200000	77.399
87.770000	77.511
89.360000	77.633
90.990000	77.764
92.650000	77.903
94.330000	78.046
96.050000	78.189
97.800000	78.328
99.580000	78.457
101.390000	78.571
103.230000	78.668
105.110000	78.743
107.030000	78.795
108.970000	78.823
110.960000	78.824
112.980000	78.797
115.030000	78.741
117.130000	78.657
119.260000	78.550
121.430000	78.429
123.640000	78.309
125.890000	78.203
128.180000	78.118
130.510000	78.061
132.890000	78.030
135.310000	78.019
137.770000	78.021
140.280000	78.027
142.830000	78.032
145.430000	78.030
148.070000	78.018
150.770000	77.993
153.510000	77.954
156.310000	77.899
159.150000	77.828
162.050000	77.742
165.000000	77.641
168.000000	77.526
171.060000	77.397
174.170000	77.258
177.340000	77.109
180.570000	76.953
183.860000	76.792
187.200000	76.627
190.610000	76.458
194.080000	76.286
197.610000	76.105
201.210000	75.916
204.870000	75.718
208.600000	75.516
212.390000	75.318
216.260000	75.130
220.190000	74.960
224.200000	74.810
228.280000	74.681
232.440000	74.566
236.670000	74.461
240.970000	74.364
245.360000	74.273
249.820000	74.191
254.370000	74.124
259.000000	74.076
263.710000	74.055
268.510000	74.063
273.400000	74.103
278.380000	74.170
283.440000	74.254
288.600000	74.344
293.850000	74.427
299.200000	74.493
304.650000	74.536
310.190000	74.555
315.840000	74.555
321.590000	74.542
327.440000	74.523
333.400000	74.502
339.470000	74.484
345.640000	74.472
351.930000	74.469
358.340000	74.476
364.860000	74.493
371.500000	74.519
378.260000	74.553
385.150000	74.591
392.160000	74.629
399.290000	74.665
406.560000	74.697
413.960000	74.725
421.490000	74.752
429.160000	74.778
436.970000	74.806
444.930000	74.837
453.020000	74.870
461.270000	74.906
469.660000	74.943
478.210000	74.981
486.910000	75.017
495.780000	75.051
504.800000	75.082
513.990000	75.110
523.340000	75.136
532.870000	75.163
542.560000	75.190
552.440000	75.220
562.490000	75.253
572.730000	75.289
583.150000	75.327
593.770000	75.365
604.570000	75.402
615.570000	75.436
626.780000	75.467
638.180000	75.494
649.800000	75.518
661.630000	75.537
673.670000	75.554
685.930000	75.567
698.410000	75.577
711.120000	75.583
724.060000	75.584
737.240000	75.579
750.660000	75.568
764.320000	75.551
778.230000	75.526
792.390000	75.495
806.820000	75.458
821.500000	75.415
836.450000	75.370
851.670000	75.323
867.170000	75.276
882.960000	75.229
899.020000	75.183
915.390000	75.139
932.050000	75.098
949.010000	75.060
966.280000	75.030
983.870000	75.008
1001.770000	74.999
1020.000000	75.004
1038.570000	75.025
1057.470000	75.060
1076.710000	75.110
1096.310000	75.173
1116.260000	75.245
1136.580000	75.325
1157.260000	75.408
1178.320000	75.493
1199.770000	75.580
1221.600000	75.669
1243.840000	75.765
1266.470000	75.868
1289.520000	75.982
1312.990000	76.105
1336.890000	76.236
1361.220000	76.374
1385.990000	76.516
1411.220000	76.661
1436.900000	76.804
1463.050000	76.944
1489.680000	77.076
1516.790000	77.196
1544.400000	77.299
1572.500000	77.382
1601.120000	77.441
1630.260000	77.474
1659.930000	77.484
1690.140000	77.480
1720.900000	77.473
1752.220000	77.473
1784.110000	77.490
1816.580000	77.528
1849.640000	77.588
1883.300000	77.668
1917.580000	77.762
1952.480000	77.864
1988.010000	77.965
2024.190000	78.064
2061.030000	78.164
2098.540000	78.270
2136.730000	78.388
2175.620000	78.517
2215.220000	78.656
2255.530000	78.805
2296.580000	78.964
2338.380000	79.139
2380.940000	79.332
2424.270000	79.541
2468.390000	79.757
2513.310000	79.966
2559.050000	80.149
2605.630000	80.285
2653.050000	80.361
2701.330000	80.381
2750.500000	80.359
2800.550000	80.315
2851.520000	80.269
2903.420000	80.230
2956.260000	80.202
3010.060000	80.178
3064.850000	80.144
3120.620000	80.089
3177.420000	80.009
3235.250000	79.905
3294.130000	79.787
3354.080000	79.671
3415.120000	79.572
3477.270000	79.499
3540.560000	79.457
3605.000000	79.448
3670.600000	79.475
3737.410000	79.543
3805.430000	79.666
3874.680000	79.853
3945.200000	80.110
4017.000000	80.434
4090.110000	80.809
4164.550000	81.201
4240.340000	81.560
4317.510000	81.840
4396.090000	82.011
4476.100000	82.072
4557.560000	82.043
4640.500000	81.942
4724.960000	81.775
4810.950000	81.532
4898.510000	81.205
4987.660000	80.790
5078.430000	80.297
5170.860000	79.751
5264.970000	79.194
5360.790000	78.683
5458.350000	78.272
5557.690000	77.997
5658.840000	77.867
5761.820000	77.862
5866.690000	77.928
5973.460000	77.984
6082.170000	77.941
6192.870000	77.738
6305.570000	77.379
6420.330000	76.942
6537.180000	76.552
6656.150000	76.331
6777.290000	76.352
6900.630000	76.632
7026.220000	77.150
7154.100000	77.852
7284.300000	78.648
7416.870000	79.421
7551.850000	80.062
7689.290000	80.507
7829.230000	80.752
7971.720000	80.833
8116.800000	80.791
8264.530000	80.629
8414.940000	80.309
8568.090000	79.779
8724.020000	79.032
8882.790000	78.145
9044.460000	77.246
9209.060000	76.454
9376.660000	75.840
9547.310000	75.417
9721.070000	75.157
9897.990000	74.990
10078.130000	74.803
10261.550000	74.477
10448.300000	73.950
10638.450000	73.274
10832.070000	72.595
11029.210000	72.064
11229.940000	71.738
11434.320000	71.552
11642.410000	71.368
11854.300000	71.039
12070.040000	70.450
12289.710000	69.553
12513.380000	68.376
12741.120000	67.015
12973.000000	65.597
13209.100000	64.209
13449.500000	62.886
13694.280000	61.656
13943.510000	60.566
14197.270000	59.652
14455.660000	58.907
14718.740000	58.291
14986.620000	57.769
15259.370000	57.344
15537.080000	57.072
15819.850000	57.066
16107.760000	57.464
16400.920000	58.323
16699.410000	59.522
17003.330000	60.782
17312.780000	61.824
17627.860000	62.507
17948.680000	62.840
18275.340000	62.927
18607.940000	62.884
18946.600000	62.796
19291.420000	62.705
19642.520000	62.622
20000.000000	62.546
