20.000000	73.010
20.360000	73.066
20.730000	73.126
21.110000	73.198
21.500000	73.281
21.890000	73.376
22.290000	73.483
22.690000	73.601
23.100000	73.729
23.520000	73.869
23.950000	74.021
24.390000	74.182
24.830000	74.353
25.280000	74.527
25.740000	74.699
26.210000	74.860
26.690000	75.006
27.180000	75.132
27.670000	75.240
28.170000	75.336
28.690000	75.425
29.210000	75.510
29.740000	75.593
30.280000	75.676
30.830000	75.757
31.390000	75.836
31.970000	75.913
32.550000	75.987
33.140000	76.059
33.740000	76.130
34.360000	76.201
34.980000	76.274
35.620000	76.352
36.270000	76.440
36.930000	76.538
37.600000	76.648
38.280000	76.765
38.980000	76.880
39.690000	76.983
40.410000	77.066
41.150000	77.123
41.900000	77.152
42.660000	77.157
43.440000	77.142
44.230000	77.114
45.030000	77.082
45.850000	77.058
46.680000	77.052
47.530000	77.069
48.400000	77.112
49.280000	77.178
50.180000	77.258
51.090000	77.337
52.020000	77.402
52.970000	77.438
53.930000	77.434
54.910000	77.382
55.910000	77.281
56.930000	77.134
57.970000	76.947
59.020000	76.731
60.090000	76.501
61.190000	76.271
62.300000	76.057
63.440000	75.876
64.590000	75.741
65.770000	75.661
66.960000	75.643
68.180000	75.693
69.420000	75.812
70.690000	75.999
71.970000	76.250
73.280000	76.559
74.620000	76.917
75.970000	77.314
77.360000	77.735
78.760000	78.168
80.200000	78.599
81.660000	79.018
83.140000	79.417
84.660000	79.791
86.200000	80.134
87.770000	80.442
89.360000	80.710
90.990000	80.937
92.650000	81.119
94.330000	81.256
96.050000	81.353
97.800000	81.413
99.580000	81.444
101.390000	81.447
103.230000	81.424
105.110000	81.374
107.030000	81.293
108.970000	81.183
110.960000	81.049
112.980000	80.904
115.030000	80.762
117.130000	80.640
119.260000	80.550
121.430000	80.494
123.640000	80.470
125.890000	80.467
128.180000	80.470
130.510000	80.466
132.890000	80.445
135.310000	80.403
137.770000	80.341
140.280000	80.261
142.830000	80.170
145.430000	80.077
148.070000	79.986
150.770000	79.902
153.510000	79.824
156.310000	79.750
159.150000	79.672
162.050000	79.586
165.000000	79.485
168.000000	79.365
171.060000	79.225
174.170000	79.066
177.340000	78.891
180.570000	78.708
183.860000	78.522
187.200000	78.341
190.610000	78.168
194.080000	78.005
197.610000	77.849
201.210000	77.697
204.870000	77.545
208.600000	77.389
212.390000	77.232
216.260000	77.074
220.190000	76.918
224.200000	76.768
228.280000	76.627
232.440000	76.496
236.670000	76.376
240.970000	76.266
245.360000	76.163
249.820000	76.066
254.370000	75.973
259.000000	75.881
263.710000	75.789
268.510000	75.692
273.400000	75.588
278.380000	75.475
283.440000	75.358
288.600000	75.248
293.850000	75.167
299.200000	75.141
304.650000	75.202
310.190000	75.373
315.840000	75.652
321.590000	76.008
327.440000	76.376
333.400000	76.681
339.470000	76.863
345.640000	76.897
351.930000	76.798
358.340000	76.607
364.860000	76.378
371.500000	76.152
378.260000	75.957
385.150000	75.802
392.160000	75.683
399.290000	75.591
406.560000	75.516
413.960000	75.449
421.490000	75.387
429.160000	75.325
436.970000	75.266
444.930000	75.209
453.020000	75.155
461.270000	75.106
469.660000	75.061
478.210000	75.022
486.910000	74.986
495.780000	74.955
504.800000	74.927
513.990000	74.902
523.340000	74.878
532.870000	74.855
542.560000	74.830
552.440000	74.803
562.490000	74.770
572.730000	74.732
583.150000	74.688
593.770000	74.637
604.570000	74.581
615.570000	74.522
626.780000	74.463
638.180000	74.408
649.800000	74.361
661.630000	74.327
673.670000	74.308
685.930000	74.305
698.410000	74.320
711.120000	74.353
724.060000	74.403
737.240000	74.461
750.660000	74.517
764.320000	74.558
778.230000	74.575
792.390000	74.569
806.820000	74.548
821.500000	74.522
836.450000	74.500
851.670000	74.488
867.170000	74.488
882.960000	74.503
899.020000	74.533
915.390000	74.578
932.050000	74.636
949.010000	74.709
966.280000	74.795
983.870000	74.896
1001.770000	75.011
1020.000000	75.141
1038.570000	75.282
1057.470000	75.429
1076.710000	75.578
1096.310000	75.723
1116.260000	75.866
1136.580000	76.010
1157.260000	76.163
1178.320000	76.328
1199.770000	76.511
1221.600000	76.711
1243.840000	76.929
1266.470000	77.165
1289.520000	77.416
1312.990000	77.682
1336.890000	77.957
1361.220000	78.241
1385.990000	78.530
1411.220000	78.824
1436.900000	79.122
1463.050000	79.428
1489.680000	79.744
1516.790000	80.073
1544.400000	80.415
1572.500000	80.768
1601.120000	81.127
1630.260000	81.487
1659.930000	81.848
1690.140000	82.215
1720.900000	82.589
1752.220000	82.965
1784.110000	83.326
1816.580000	83.657
1849.640000	83.947
1883.300000	84.192
1917.580000	84.393
1952.480000	84.554
1988.010000	84.677
2024.190000	84.763
2061.030000	84.813
2098.540000	84.828
2136.730000	84.808
2175.620000	84.757
2215.220000	84.682
2255.530000	84.595
2296.580000	84.508
2338.380000	84.428
2380.940000	84.352
2424.270000	84.279
2468.390000	84.215
2513.310000	84.175
2559.050000	84.189
2605.630000	84.285
2653.050000	84.487
2701.330000	84.792
2750.500000	85.154
2800.550000	85.493
2851.520000	85.726
2903.420000	85.813
2956.260000	85.768
3010.060000	85.639
3064.850000	85.477
3120.620000	85.315
3177.420000	85.155
3235.250000	84.982
3294.130000	84.767
3354.080000	84.490
3415.120000	84.140
3477.270000	83.729
3540.560000	83.282
3605.000000	82.823
3670.600000	82.360
3737.410000	81.886
3805.430000	81.382
3874.680000	80.826
3945.200000	80.204
4017.000000	79.514
4090.110000	78.778
4164.550000	78.035
4240.340000	77.329
4317.510000	76.707
4396.090000	76.208
4476.100000	75.865
4557.560000	75.703
4640.500000	75.737
4724.960000	75.983
4810.950000	76.453
4898.510000	77.150
4987.660000	78.049
5078.430000	79.084
5170.860000	80.162
5264.970000	81.187
5360.790000	82.083
5458.350000	82.800
5557.690000	83.295
5658.840000	83.511
5761.820000	83.376
5866.690000	82.841
5973.460000	81.925
6082.170000	80.729
6192.870000	79.412
6305.570000	78.133
6420.330000	77.011
6537.180000	76.109
6656.150000	75.470
6777.290000	75.152
6900.630000	75.229
7026.220000	75.746
7154.100000	76.680
7284.300000	77.949
7416.870000	79.440
7551.850000	81.045
7689.290000	82.663
7829.230000	84.186
7971.720000	85.494
8116.800000	86.461
8264.530000	86.972
8414.940000	86.936
8568.090000	86.291
8724.020000	85.032
8882.790000	83.249
9044.460000	81.139
9209.060000	78.972
9376.660000	77.001
9547.310000	75.353
9721.070000	73.979
9897.990000	72.661
10078.130000	71.135
10261.550000	69.310
10448.300000	67.395
10638.450000	65.786
10832.070000	64.648
11029.210000	63.775
11229.940000	62.918
11434.320000	61.956
11642.410000	60.880
11854.300000	59.811
12070.040000	59.044
12289.710000	58.960
12513.380000	59.759
12741.120000	61.263
12973.000000	62.997
13209.100000	64.438
13449.500000	65.253
13694.280000	65.374
13943.510000	64.905
14197.270000	63.970
14455.660000	62.632
14718.740000	60.968
14986.620000	59.201
15259.370000	57.701
15537.080000	56.787
15819.850000	56.547
16107.760000	56.883
16400.920000	57.584
16699.410000	58.349
17003.330000	58.849
17312.780000	58.886
17627.860000	58.536
17948.680000	58.098
18275.340000	57.835
18607.940000	57.785
18946.600000	57.857
19291.420000	57.970
19642.520000	58.088
20000.000000	58.203
