20.000000	84.470
20.290907	84.534
20.586045	84.598
20.885476	84.662
21.189262	84.726
21.497467	84.789
21.810155	84.850
22.127391	84.910
22.449241	84.969
22.775773	85.026
23.107054	85.082
23.443154	85.136
23.784142	85.189
24.130091	85.240
24.481071	85.290
24.837156	85.339
25.198421	85.386
25.564940	85.431
25.936791	85.475
26.314050	85.517
26.696797	85.558
27.085111	85.596
27.479073	85.632
27.878765	85.667
28.284271	85.699
28.695675	85.729
29.113064	85.757
29.536523	85.784
29.966142	85.808
30.402009	85.831
30.844217	85.851
31.292856	85.870
31.748021	85.887
32.209807	85.903
32.678309	85.917
33.153626	85.931
33.635857	85.943
34.125101	85.954
34.621462	85.965
35.125043	85.975
35.635949	85.984
36.154286	85.994
36.680162	86.003
37.213687	86.012
37.754973	86.021
38.304131	86.030
38.861278	86.039
39.426528	86.049
40.000000	86.059
40.581813	86.069
41.172089	86.080
41.770951	86.090
42.378524	86.101
42.994934	86.112
43.620309	86.122
44.254781	86.133
44.898482	86.142
45.551545	86.151
46.214108	86.160
46.886308	86.167
47.568285	86.173
48.260181	86.178
48.962142	86.182
49.674312	86.184
50.396842	86.185
51.129881	86.184
51.873582	86.181
52.628101	86.177
53.393594	86.170
54.170222	86.162
54.958146	86.153
55.757531	86.141
56.568542	86.127
57.391351	86.111
58.226127	86.093
59.073046	86.073
59.932283	86.051
60.804018	86.028
61.688433	86.002
62.585712	85.975
63.496042	85.947
64.419613	85.918
65.356618	85.888
66.307252	85.858
67.271713	85.827
68.250203	85.797
69.242925	85.768
70.250086	85.739
71.271897	85.712
72.308571	85.686
73.360323	85.661
74.427374	85.638
75.509945	85.617
76.608262	85.597
77.722555	85.579
78.853056	85.562
80.000000	85.546
81.163627	85.532
82.344179	85.519
83.541903	85.506
84.757048	85.494
85.989867	85.482
87.240619	85.471
88.509563	85.459
89.796964	85.447
91.103091	85.434
92.428216	85.421
93.772615	85.408
95.136569	85.393
96.520362	85.377
97.924283	85.361
99.348625	85.343
100.793684	85.325
102.259762	85.304
103.747164	85.283
105.256202	85.260
106.787188	85.236
108.340444	85.210
109.916292	85.183
111.515061	85.155
113.137085	85.125
114.782702	85.094
116.452255	85.062
118.146092	85.030
119.864566	84.996
121.608036	84.962
123.376866	84.927
125.171424	84.892
126.992084	84.858
128.839227	84.823
130.713236	84.789
132.614504	84.756
134.543426	84.723
136.500406	84.691
138.485850	84.660
140.500173	84.629
142.543795	84.599
144.617142	84.569
146.720647	84.540
148.854748	84.511
151.019890	84.482
153.216525	84.453
155.445111	84.424
157.706112	84.395
160.000000	84.365
162.327254	84.335
164.688358	84.305
167.083805	84.274
169.514095	84.243
171.979734	84.210
174.481237	84.177
177.019125	84.142
179.593928	84.107
182.206182	84.069
184.856431	84.030
187.545230	83.989
190.273138	83.946
193.040725	83.900
195.848567	83.853
198.697250	83.802
201.587368	83.750
204.519524	83.694
207.494329	83.636
210.512403	83.576
213.574377	83.512
216.680888	83.447
219.832584	83.378
223.030122	83.308
226.274170	83.235
229.565404	83.160
232.904509	83.083
236.292183	83.004
239.729132	82.922
243.216073	82.839
246.753732	82.753
250.342848	82.664
253.984168	82.573
257.678453	82.479
261.426473	82.383
265.229008	82.283
269.086853	82.181
273.000811	82.076
276.971700	81.968
281.000346	81.859
285.087590	81.747
289.234284	81.634
293.441294	81.520
297.709496	81.405
302.039780	81.291
306.433050	81.178
310.890221	81.068
315.412224	80.961
320.000000	80.858
324.654507	80.761
329.376716	80.670
334.167610	80.589
339.028190	80.516
343.959469	80.455
348.962474	80.407
354.038251	80.372
359.187855	80.353
364.412363	80.349
369.712863	80.362
375.090460	80.393
380.546277	80.443
386.081450	80.510
391.697134	80.596
397.394500	80.698
403.174736	80.818
409.039048	80.952
414.988657	81.100
421.024807	81.258
427.148753	81.427
433.361775	81.602
439.665167	81.784
446.060244	81.969
452.548340	82.156
459.130807	82.344
465.809019	82.530
472.584367	82.713
479.458265	82.893
486.432146	83.068
493.507464	83.237
500.685695	83.398
507.968337	83.553
515.356906	83.700
522.852945	83.838
530.458016	83.968
538.173706	84.089
546.001623	84.201
553.943399	84.304
562.000691	84.398
570.175180	84.485
578.468569	84.563
586.882588	84.633
595.418991	84.695
604.079560	84.751
612.866100	84.799
621.780442	84.841
630.824447	84.876
640.000000	84.906
649.309014	84.929
658.753431	84.947
668.335221	84.959
678.056380	84.965
687.918938	84.967
697.924949	84.964
708.076501	84.955
718.375711	84.942
728.824726	84.925
739.425726	84.903
750.180921	84.878
761.092554	84.847
772.162900	84.813
783.394268	84.774
794.789000	84.730
806.349472	84.681
818.078095	84.627
829.977315	84.568
842.049613	84.502
854.297507	84.431
866.723550	84.353
879.330334	84.268
892.120489	84.176
905.096680	84.078
918.261614	83.974
931.618037	83.865
945.168733	83.753
958.916529	83.640
972.864291	83.528
987.014928	83.421
1001.371391	83.319
1015.936673	83.226
1030.713812	83.142
1045.705890	83.068
1060.916032	83.004
1076.347412	82.950
1092.003245	82.903
1107.886798	82.864
1124.001383	82.829
1140.350359	82.798
1156.937137	82.769
1173.765175	82.739
1190.837983	82.708
1208.159120	82.674
1225.732199	82.634
1243.560885	82.589
1261.648894	82.537
1280.000000	82.480
1298.618029	82.416
1317.506863	82.349
1336.670442	82.278
1356.112761	82.207
1375.837875	82.135
1395.849898	82.066
1416.153002	81.999
1436.751422	81.937
1457.649452	81.879
1478.851452	81.827
1500.361842	81.781
1522.185107	81.742
1544.325799	81.709
1566.788535	81.685
1589.577999	81.669
1612.698944	81.662
1636.156190	81.665
1659.954630	81.679
1684.099226	81.704
1708.595013	81.739
1733.447100	81.786
1758.660669	81.843
1784.240977	81.910
1810.193360	81.984
1836.523229	82.066
1863.236074	82.154
1890.337467	82.248
1917.833058	82.346
1945.728583	82.452
1974.029857	82.564
2002.742782	82.686
2031.873347	82.818
2061.427625	82.963
2091.411780	83.120
2121.832065	83.292
2152.694823	83.480
2184.006490	83.685
2215.773596	83.905
2248.002765	84.138
2280.700718	84.382
2313.874274	84.634
2347.530351	84.892
2381.675966	85.156
2416.318240	85.426
2451.464399	85.704
2487.121769	85.994
2523.297789	86.298
2560.000000	86.616
2597.236057	86.950
2635.013726	87.297
2673.340883	87.655
2712.225522	88.018
2751.675750	88.377
2791.699796	88.725
2832.306004	89.052
2873.502844	89.349
2915.298905	89.607
2957.702904	89.818
3000.723683	89.974
3044.370214	90.066
3088.651599	90.091
3133.577071	90.043
3179.155999	89.924
3225.397888	89.733
3272.312380	89.477
3319.909260	89.162
3368.198452	88.797
3417.190027	88.393
3466.894200	87.963
3517.321337	87.517
3568.481954	87.067
3620.386720	86.619
3673.046457	86.179
3726.472148	85.748
3780.674934	85.327
3835.666117	84.914
3891.457165	84.509
3948.059713	84.112
4005.485564	83.728
4063.746693	83.358
4122.855250	83.008
4182.823560	82.681
4243.664130	82.382
4305.389646	82.117
4368.012981	81.888
4431.547192	81.700
4496.005531	81.557
4561.401437	81.464
4627.748549	81.426
4695.060701	81.448
4763.351932	81.538
4832.636481	81.704
4902.928797	81.959
4974.243539	82.318
5046.595577	82.797
5120.000000	83.408
5194.472115	84.156
5270.027452	85.027
5346.681766	85.979
5424.451043	86.932
5503.351500	87.771
5583.399591	88.359
5664.612008	88.567
5747.005687	88.313
5830.597810	87.591
5915.405808	86.472
6001.447367	85.096
6088.740429	83.630
6177.303198	82.220
6267.154142	80.965
6358.311998	79.900
6450.795775	79.012
6544.624761	78.261
6639.818520	77.602
6736.396904	77.013
6834.380053	76.502
6933.788400	76.112
7034.642675	75.913
7136.963909	75.984
7240.773439	76.388
7346.092914	77.133
7452.944296	78.158
7561.349867	79.339
7671.332234	80.520
7782.914330	81.552
7896.119426	82.309
8010.971128	82.711
8127.493386	82.736
8245.710500	82.433
8365.647121	81.908
8487.328260	81.258
8610.779292	80.510
8736.025961	79.612
8863.094385	78.490
8992.011061	77.129
9122.802874	75.604
9255.497097	74.047
9390.121402	72.656
9526.703863	71.807
9665.272962	71.959
9805.857594	73.177
9948.487077	74.979
10093.191154	76.826
10240.000000	78.455
10388.944230	79.805
10540.054903	80.850
10693.363532	81.500
10848.902086	81.602
11006.703001	81.024
11166.799182	79.760
11329.224017	77.975
11494.011375	75.968
11661.195620	74.065
11830.811616	72.501
12002.894734	71.304
12177.480858	70.285
12354.606395	69.220
12534.308283	68.049
12716.623996	66.882
12901.591551	65.859
13089.249521	65.030
13279.637040	64.389
13472.793808	63.987
13668.760107	63.900
13867.576801	64.133
14069.285350	64.602
14273.927818	65.262
14481.546879	66.210
14692.185828	67.607
14905.888592	69.466
15122.699734	71.596
15342.664467	73.755
15565.828661	75.769
15792.238852	77.511
16021.942256	78.786
16254.986772	79.270
16491.420999	78.696
16731.294241	77.208
16974.656520	75.415
17221.558584	74.018
17472.051922	73.312
17726.188769	73.053
17984.022122	72.757
18245.605748	72.038
18510.994194	70.798
18780.242805	69.165
19053.407727	67.276
19330.545924	65.230
19611.715189	63.178
19896.974155	61.353
20186.382308	59.882
