20.000000	97.612
20.290907	97.727
20.586045	97.842
20.885476	97.957
21.189262	98.073
21.497467	98.188
21.810155	98.303
22.127391	98.418
22.449241	98.532
22.775773	98.647
23.107054	98.762
23.443154	98.876
23.784142	98.990
24.130091	99.103
24.481071	99.216
24.837156	99.329
25.198421	99.441
25.564940	99.553
25.936791	99.665
26.314050	99.776
26.696797	99.886
27.085111	99.996
27.479073	100.106
27.878765	100.215
28.284271	100.324
28.695675	100.432
29.113064	100.539
29.536523	100.646
29.966142	100.752
30.402009	100.858
30.844217	100.963
31.292856	101.068
31.748021	101.171
32.209807	101.274
32.678309	101.377
33.153626	101.478
33.635857	101.579
34.125101	101.679
34.621462	101.778
35.125043	101.876
35.635949	101.973
36.154286	102.069
36.680162	102.164
37.213687	102.257
37.754973	102.350
38.304131	102.441
38.861278	102.530
39.426528	102.618
40.000000	102.704
40.581813	102.789
41.172089	102.871
41.770951	102.952
42.378524	103.031
42.994934	103.107
43.620309	103.181
44.254781	103.252
44.898482	103.321
45.551545	103.387
46.214108	103.450
46.886308	103.509
47.568285	103.565
48.260181	103.618
48.962142	103.666
49.674312	103.711
50.396842	103.752
51.129881	103.788
51.873582	103.821
52.628101	103.849
53.393594	103.872
54.170222	103.891
54.958146	103.906
55.757531	103.917
56.568542	103.924
57.391351	103.928
58.226127	103.928
59.073046	103.926
59.932283	103.922
60.804018	103.917
61.688433	103.911
62.585712	103.905
63.496042	103.901
64.419613	103.898
65.356618	103.898
66.307252	103.901
67.271713	103.908
68.250203	103.919
69.242925	103.935
70.250086	103.954
71.271897	103.978
72.308571	104.006
73.360323	104.037
74.427374	104.071
75.509945	104.107
76.608262	104.144
77.722555	104.181
78.853056	104.218
80.000000	104.254
81.163627	104.288
82.344179	104.320
83.541903	104.349
84.757048	104.375
85.989867	104.398
87.240619	104.418
88.509563	104.434
89.796964	104.447
91.103091	104.456
92.428216	104.462
93.772615	104.465
95.136569	104.464
96.520362	104.459
97.924283	104.452
99.348625	104.441
100.793684	104.427
102.259762	104.410
103.747164	104.390
105.256202	104.367
106.787188	104.341
108.340444	104.312
109.916292	104.281
111.515061	104.247
113.137085	104.211
114.782702	104.173
116.452255	104.132
118.146092	104.089
119.864566	104.045
121.608036	103.998
123.376866	103.949
125.171424	103.899
126.992084	103.846
128.839227	103.792
130.713236	103.735
132.614504	103.677
134.543426	103.617
136.500406	103.555
138.485850	103.491
140.500173	103.425
142.543795	103.356
144.617142	103.286
146.720647	103.214
148.854748	103.139
151.019890	103.062
153.216525	102.983
155.445111	102.902
157.706112	102.819
160.000000	102.734
162.327254	102.646
164.688358	102.557
167.083805	102.465
169.514095	102.372
171.979734	102.277
174.481237	102.182
177.019125	102.085
179.593928	101.988
182.206182	101.891
184.856431	101.796
187.545230	101.702
190.273138	101.611
193.040725	101.522
195.848567	101.438
198.697250	101.359
201.587368	101.285
204.519524	101.218
207.494329	101.157
210.512403	101.103
213.574377	101.056
216.680888	101.016
219.832584	100.983
223.030122	100.956
226.274170	100.934
229.565404	100.918
232.904509	100.906
236.292183	100.898
239.729132	100.892
243.216073	100.888
246.753732	100.886
250.342848	100.885
253.984168	100.884
257.678453	100.884
261.426473	100.882
265.229008	100.880
269.086853	100.877
273.000811	100.872
276.971700	100.866
281.000346	100.858
285.087590	100.848
289.234284	100.836
293.441294	100.821
297.709496	100.803
302.039780	100.781
306.433050	100.757
310.890221	100.728
315.412224	100.695
320.000000	100.657
324.654507	100.614
329.376716	100.567
334.167610	100.514
339.028190	100.456
343.959469	100.394
348.962474	100.327
354.038251	100.257
359.187855	100.184
364.412363	100.109
369.712863	100.033
375.090460	99.957
380.546277	99.882
386.081450	99.810
391.697134	99.742
397.394500	99.678
403.174736	99.621
409.039048	99.571
414.988657	99.530
421.024807	99.498
427.148753	99.476
433.361775	99.465
439.665167	99.464
446.060244	99.473
452.548340	99.493
459.130807	99.521
465.809019	99.558
472.584367	99.602
479.458265	99.652
486.432146	99.707
493.507464	99.765
500.685695	99.825
507.968337	99.887
515.356906	99.949
522.852945	100.012
530.458016	100.074
538.173706	100.135
546.001623	100.196
553.943399	100.257
562.000691	100.317
570.175180	100.377
578.468569	100.437
586.882588	100.498
595.418991	100.559
604.079560	100.620
612.866100	100.682
621.780442	100.743
630.824447	100.803
640.000000	100.863
649.309014	100.922
658.753431	100.981
668.335221	101.038
678.056380	101.096
687.918938	101.154
697.924949	101.212
708.076501	101.272
718.375711	101.332
728.824726	101.394
739.425726	101.458
750.180921	101.522
761.092554	101.587
772.162900	101.653
783.394268	101.719
794.789000	101.786
806.349472	101.852
818.078095	101.919
829.977315	101.986
842.049613	102.052
854.297507	102.118
866.723550	102.182
879.330334	102.244
892.120489	102.302
905.096680	102.356
918.261614	102.405
931.618037	102.450
945.168733	102.489
958.916529	102.525
972.864291	102.558
987.014928	102.590
1001.371391	102.621
1015.936673	102.652
1030.713812	102.685
1045.705890	102.720
1060.916032	102.755
1076.347412	102.791
1092.003245	102.825
1107.886798	102.858
1124.001383	102.888
1140.350359	102.914
1156.937137	102.937
1173.765175	102.957
1190.837983	102.973
1208.159120	102.988
1225.732199	102.999
1243.560885	103.009
1261.648894	103.017
1280.000000	103.023
1298.618029	103.028
1317.506863	103.032
1336.670442	103.035
1356.112761	103.037
1375.837875	103.040
1395.849898	103.043
1416.153002	103.048
1436.751422	103.056
1457.649452	103.065
1478.851452	103.078
1500.361842	103.093
1522.185107	103.112
1544.325799	103.134
1566.788535	103.161
1589.577999	103.194
1612.698944	103.234
1636.156190	103.283
1659.954630	103.344
1684.099226	103.420
1708.595013	103.512
1733.447100	103.623
1758.660669	103.753
1784.240977	103.903
1810.193360	104.070
1836.523229	104.252
1863.236074	104.448
1890.337467	104.657
1917.833058	104.879
1945.728583	105.116
1974.029857	105.368
2002.742782	105.637
2031.873347	105.921
2061.427625	106.221
2091.411780	106.532
2121.832065	106.851
2152.694823	107.171
2184.006490	107.489
2215.773596	107.798
2248.002765	108.094
2280.700718	108.374
2313.874274	108.634
2347.530351	108.872
2381.675966	109.088
2416.318240	109.279
2451.464399	109.446
2487.121769	109.587
2523.297789	109.701
2560.000000	109.786
2597.236057	109.837
2635.013726	109.853
2673.340883	109.831
2712.225522	109.773
2751.675750	109.681
2791.699796	109.558
2832.306004	109.410
2873.502844	109.242
2915.298905	109.059
2957.702904	108.867
3000.723683	108.670
3044.370214	108.473
3088.651599	108.279
3133.577071	108.092
3179.155999	107.910
3225.397888	107.732
3272.312380	107.555
3319.909260	107.374
3368.198452	107.187
3417.190027	106.992
3466.894200	106.789
3517.321337	106.575
3568.481954	106.345
3620.386720	106.092
3673.046457	105.812
3726.472148	105.500
3780.674934	105.158
3835.666117	104.790
3891.457165	104.402
3948.059713	104.000
4005.485564	103.588
4063.746693	103.169
4122.855250	102.742
4182.823560	102.306
4243.664130	101.861
4305.389646	101.407
4368.012981	100.946
4431.547192	100.480
4496.005531	100.010
4561.401437	99.541
4627.748549	99.077
4695.060701	98.623
4763.351932	98.185
4832.636481	97.771
4902.928797	97.384
4974.243539	97.030
5046.595577	96.716
5120.000000	96.445
5194.472115	96.222
5270.027452	96.054
5346.681766	95.944
5424.451043	95.897
5503.351500	95.916
5583.399591	96.004
5664.612008	96.164
5747.005687	96.400
5830.597810	96.712
5915.405808	97.101
6001.447367	97.558
6088.740429	98.066
6177.303198	98.602
6267.154142	99.141
6358.311998	99.658
6450.795775	100.135
6544.624761	100.558
6639.818520	100.926
6736.396904	101.249
6834.380053	101.549
6933.788400	101.849
7034.642675	102.167
7136.963909	102.498
7240.773439	102.824
7346.092914	103.115
7452.944296	103.349
7561.349867	103.519
7671.332234	103.640
7782.914330	103.745
7896.119426	103.867
8010.971128	104.014
8127.493386	104.139
8245.710500	104.130
8365.647121	103.836
8487.328260	103.120
8610.779292	101.934
8736.025961	100.360
8863.094385	98.614
8992.011061	96.991
9122.802874	95.785
9255.497097	95.183
9390.121402	95.192
9526.703863	95.634
9665.272962	96.245
9805.857594	96.778
9948.487077	97.065
10093.191154	97.026
10240.000000	96.659
10388.944230	96.015
10540.054903	95.204
10693.363532	94.380
10848.902086	93.710
11006.703001	93.298
11166.799182	93.131
11329.224017	93.090
11494.011375	93.014
11661.195620	92.786
11830.811616	92.388
12002.894734	91.876
12177.480858	91.323
12354.606395	90.759
12534.308283	90.169
12716.623996	89.559
12901.591551	88.970
13089.249521	88.431
13279.637040	87.924
13472.793808	87.387
13668.760107	86.786
13867.576801	86.167
14069.285350	85.669
14273.927818	85.555
14481.546879	86.106
14692.185828	87.212
14905.888592	88.347
15122.699734	89.053
15342.664467	89.186
15565.828661	88.913
15792.238852	88.570
16021.942256	88.415
16254.986772	88.389
16491.420999	88.215
16731.294241	87.723
16974.656520	86.954
17221.558584	86.030
17472.051922	85.069
17726.188769	84.182
17984.022122	83.426
18245.605748	82.727
18510.994194	81.885
18780.242805	80.660
19053.407727	78.884
19330.545924	76.541
19611.715189	73.844
19896.974155	71.272
20186.382308	69.162
