20.000000	93.361
20.290907	93.530
20.586045	93.699
20.885476	93.867
21.189262	94.036
21.497467	94.204
21.810155	94.371
22.127391	94.537
22.449241	94.702
22.775773	94.865
23.107054	95.027
23.443154	95.187
23.784142	95.345
24.130091	95.500
24.481071	95.653
24.837156	95.803
25.198421	95.951
25.564940	96.095
25.936791	96.236
26.314050	96.374
26.696797	96.509
27.085111	96.639
27.479073	96.766
27.878765	96.889
28.284271	97.008
28.695675	97.123
29.113064	97.233
29.536523	97.340
29.966142	97.442
30.402009	97.540
30.844217	97.633
31.292856	97.722
31.748021	97.807
32.209807	97.887
32.678309	97.964
33.153626	98.035
33.635857	98.103
34.125101	98.166
34.621462	98.226
35.125043	98.281
35.635949	98.332
36.154286	98.379
36.680162	98.423
37.213687	98.462
37.754973	98.498
38.304131	98.530
38.861278	98.559
39.426528	98.584
40.000000	98.606
40.581813	98.625
41.172089	98.640
41.770951	98.653
42.378524	98.663
42.994934	98.669
43.620309	98.674
44.254781	98.675
44.898482	98.674
45.551545	98.670
46.214108	98.665
46.886308	98.656
47.568285	98.646
48.260181	98.633
48.962142	98.619
49.674312	98.602
50.396842	98.584
51.129881	98.563
51.873582	98.541
52.628101	98.517
53.393594	98.491
54.170222	98.463
54.958146	98.434
55.757531	98.403
56.568542	98.370
57.391351	98.336
58.226127	98.300
59.073046	98.262
59.932283	98.224
60.804018	98.183
61.688433	98.142
62.585712	98.099
63.496042	98.054
64.419613	98.009
65.356618	97.962
66.307252	97.915
67.271713	97.866
68.250203	97.817
69.242925	97.768
70.250086	97.717
71.271897	97.667
72.308571	97.617
73.360323	97.567
74.427374	97.518
75.509945	97.470
76.608262	97.423
77.722555	97.378
78.853056	97.335
80.000000	97.295
81.163627	97.257
82.344179	97.224
83.541903	97.194
84.757048	97.169
85.989867	97.150
87.240619	97.135
88.509563	97.127
89.796964	97.126
91.103091	97.131
92.428216	97.143
93.772615	97.162
95.136569	97.188
96.520362	97.222
97.924283	97.262
99.348625	97.308
100.793684	97.361
102.259762	97.419
103.747164	97.481
105.256202	97.547
106.787188	97.617
108.340444	97.688
109.916292	97.762
111.515061	97.836
113.137085	97.911
114.782702	97.986
116.452255	98.060
118.146092	98.132
119.864566	98.202
121.608036	98.269
123.376866	98.332
125.171424	98.389
126.992084	98.441
128.839227	98.486
130.713236	98.524
132.614504	98.553
134.543426	98.573
136.500406	98.583
138.485850	98.583
140.500173	98.573
142.543795	98.553
144.617142	98.522
146.720647	98.480
148.854748	98.430
151.019890	98.369
153.216525	98.300
155.445111	98.224
157.706112	98.140
160.000000	98.050
162.327254	97.954
164.688358	97.854
167.083805	97.751
169.514095	97.646
171.979734	97.540
174.481237	97.434
177.019125	97.329
179.593928	97.226
182.206182	97.126
184.856431	97.031
187.545230	96.942
190.273138	96.859
193.040725	96.784
195.848567	96.717
198.697250	96.659
201.587368	96.611
204.519524	96.574
207.494329	96.546
210.512403	96.529
213.574377	96.522
216.680888	96.524
219.832584	96.535
223.030122	96.553
226.274170	96.577
229.565404	96.606
232.904509	96.641
236.292183	96.680
239.729132	96.722
243.216073	96.768
246.753732	96.816
250.342848	96.866
253.984168	96.916
257.678453	96.965
261.426473	97.012
265.229008	97.055
269.086853	97.091
273.000811	97.121
276.971700	97.141
281.000346	97.151
285.087590	97.151
289.234284	97.140
293.441294	97.118
297.709496	97.086
302.039780	97.046
306.433050	96.998
310.890221	96.944
315.412224	96.886
320.000000	96.824
324.654507	96.762
329.376716	96.699
334.167610	96.639
339.028190	96.582
343.959469	96.531
348.962474	96.486
354.038251	96.450
359.187855	96.423
364.412363	96.407
369.712863	96.401
375.090460	96.405
380.546277	96.420
386.081450	96.442
391.697134	96.472
397.394500	96.508
403.174736	96.550
409.039048	96.596
414.988657	96.647
421.024807	96.701
427.148753	96.759
433.361775	96.818
439.665167	96.878
446.060244	96.935
452.548340	96.987
459.130807	97.031
465.809019	97.066
472.584367	97.092
479.458265	97.108
486.432146	97.116
493.507464	97.117
500.685695	97.113
507.968337	97.106
515.356906	97.098
522.852945	97.092
530.458016	97.089
538.173706	97.092
546.001623	97.103
553.943399	97.125
562.000691	97.160
570.175180	97.208
578.468569	97.271
586.882588	97.348
595.418991	97.439
604.079560	97.540
612.866100	97.649
621.780442	97.763
630.824447	97.881
640.000000	98.000
649.309014	98.121
658.753431	98.242
668.335221	98.360
678.056380	98.473
687.918938	98.577
697.924949	98.672
708.076501	98.756
718.375711	98.830
728.824726	98.895
739.425726	98.954
750.180921	99.009
761.092554	99.061
772.162900	99.115
783.394268	99.173
794.789000	99.236
806.349472	99.308
818.078095	99.391
829.977315	99.484
842.049613	99.588
854.297507	99.702
866.723550	99.820
879.330334	99.939
892.120489	100.053
905.096680	100.158
918.261614	100.250
931.618037	100.326
945.168733	100.381
958.916529	100.409
972.864291	100.407
987.014928	100.371
1001.371391	100.301
1015.936673	100.197
1030.713812	100.061
1045.705890	99.896
1060.916032	99.705
1076.347412	99.494
1092.003245	99.268
1107.886798	99.033
1124.001383	98.798
1140.350359	98.570
1156.937137	98.356
1173.765175	98.161
1190.837983	97.987
1208.159120	97.835
1225.732199	97.706
1243.560885	97.598
1261.648894	97.510
1280.000000	97.436
1298.618029	97.369
1317.506863	97.300
1336.670442	97.224
1356.112761	97.137
1375.837875	97.038
1395.849898	96.931
1416.153002	96.819
1436.751422	96.711
1457.649452	96.613
1478.851452	96.530
1500.361842	96.466
1522.185107	96.423
1544.325799	96.397
1566.788535	96.386
1589.577999	96.387
1612.698944	96.399
1636.156190	96.417
1659.954630	96.435
1684.099226	96.447
1708.595013	96.448
1733.447100	96.441
1758.660669	96.432
1784.240977	96.430
1810.193360	96.447
1836.523229	96.492
1863.236074	96.575
1890.337467	96.704
1917.833058	96.886
1945.728583	97.124
1974.029857	97.420
2002.742782	97.773
2031.873347	98.175
2061.427625	98.616
2091.411780	99.087
2121.832065	99.577
2152.694823	100.079
2184.006490	100.583
2215.773596	101.078
2248.002765	101.549
2280.700718	101.981
2313.874274	102.363
2347.530351	102.686
2381.675966	102.948
2416.318240	103.156
2451.464399	103.321
2487.121769	103.456
2523.297789	103.577
2560.000000	103.697
2597.236057	103.824
2635.013726	103.961
2673.340883	104.104
2712.225522	104.242
2751.675750	104.365
2791.699796	104.458
2832.306004	104.510
2873.502844	104.512
2915.298905	104.460
2957.702904	104.352
3000.723683	104.193
3044.370214	103.989
3088.651599	103.745
3133.577071	103.467
3179.155999	103.151
3225.397888	102.794
3272.312380	102.390
3319.909260	101.940
3368.198452	101.451
3417.190027	100.937
3466.894200	100.410
3517.321337	99.886
3568.481954	99.377
3620.386720	98.901
3673.046457	98.479
3726.472148	98.131
3780.674934	97.877
3835.666117	97.723
3891.457165	97.670
3948.059713	97.709
4005.485564	97.830
4063.746693	98.021
4122.855250	98.273
4182.823560	98.573
4243.664130	98.911
4305.389646	99.276
4368.012981	99.658
4431.547192	100.043
4496.005531	100.420
4561.401437	100.773
4627.748549	101.088
4695.060701	101.346
4763.351932	101.532
4832.636481	101.643
4902.928797	101.681
4974.243539	101.661
5046.595577	101.603
5120.000000	101.530
5194.472115	101.462
5270.027452	101.413
5346.681766	101.386
5424.451043	101.375
5503.351500	101.374
5583.399591	101.374
5664.612008	101.372
5747.005687	101.370
5830.597810	101.372
5915.405808	101.385
6001.447367	101.412
6088.740429	101.446
6177.303198	101.467
6267.154142	101.443
6358.311998	101.340
6450.795775	101.134
6544.624761	100.823
6639.818520	100.424
6736.396904	99.975
6834.380053	99.522
6933.788400	99.107
7034.642675	98.760
7136.963909	98.491
7240.773439	98.295
7346.092914	98.162
7452.944296	98.080
7561.349867	98.040
7671.332234	98.041
7782.914330	98.086
7896.119426	98.183
8010.971128	98.327
8127.493386	98.488
8245.710500	98.614
8365.647121	98.620
8487.328260	98.385
8610.779292	97.762
8736.025961	96.653
8863.094385	95.100
8992.011061	93.324
9122.802874	91.671
9255.497097	90.495
9390.121402	90.073
9526.703863	90.578
9665.272962	92.069
9805.857594	94.421
9948.487077	97.306
10093.191154	100.264
10240.000000	102.846
10388.944230	104.723
10540.054903	105.741
10693.363532	105.889
10848.902086	105.246
11006.703001	103.949
11166.799182	102.203
11329.224017	100.282
11494.011375	98.478
11661.195620	97.018
11830.811616	95.998
12002.894734	95.369
12177.480858	94.922
12354.606395	94.390
12534.308283	93.568
12716.623996	92.347
12901.591551	90.707
13089.249521	88.767
13279.637040	86.901
13472.793808	85.743
13668.760107	85.727
13867.576801	86.554
14069.285350	87.616
14273.927818	88.666
14481.546879	89.639
14692.185828	90.236
14905.888592	90.220
15122.699734	89.759
15342.664467	89.237
15565.828661	89.103
15792.238852	89.760
16021.942256	91.198
16254.986772	92.786
16491.420999	93.703
16731.294241	93.499
16974.656520	92.392
17221.558584	91.073
17472.051922	90.069
17726.188769	89.363
17984.022122	88.677
18245.605748	87.918
18510.994194	87.228
18780.242805	86.688
19053.407727	86.216
19330.545924	85.682
19611.715189	85.070
19896.974155	84.565
20186.382308	84.240
