20.000000	88.635
20.290907	88.716
20.586045	88.797
20.885476	88.878
21.189262	88.960
21.497467	89.042
21.810155	89.125
22.127391	89.209
22.449241	89.293
22.775773	89.378
23.107054	89.465
23.443154	89.552
23.784142	89.640
24.130091	89.728
24.481071	89.817
24.837156	89.906
25.198421	89.996
25.564940	90.085
25.936791	90.174
26.314050	90.263
26.696797	90.352
27.085111	90.440
27.479073	90.527
27.878765	90.614
28.284271	90.700
28.695675	90.786
29.113064	90.871
29.536523	90.956
29.966142	91.041
30.402009	91.125
30.844217	91.208
31.292856	91.291
31.748021	91.372
32.209807	91.453
32.678309	91.532
33.153626	91.609
33.635857	91.685
34.125101	91.759
34.621462	91.831
35.125043	91.901
35.635949	91.969
36.154286	92.034
36.680162	92.097
37.213687	92.158
37.754973	92.216
38.304131	92.271
38.861278	92.324
39.426528	92.375
40.000000	92.423
40.581813	92.468
41.172089	92.511
41.770951	92.551
42.378524	92.589
42.994934	92.624
43.620309	92.657
44.254781	92.687
44.898482	92.715
45.551545	92.740
46.214108	92.763
46.886308	92.784
47.568285	92.801
48.260181	92.816
48.962142	92.827
49.674312	92.836
50.396842	92.842
51.129881	92.844
51.873582	92.843
52.628101	92.839
53.393594	92.831
54.170222	92.821
54.958146	92.808
55.757531	92.793
56.568542	92.775
57.391351	92.755
58.226127	92.733
59.073046	92.709
59.932283	92.683
60.804018	92.656
61.688433	92.627
62.585712	92.596
63.496042	92.564
64.419613	92.531
65.356618	92.496
66.307252	92.459
67.271713	92.420
68.250203	92.378
69.242925	92.335
70.250086	92.288
71.271897	92.239
72.308571	92.187
73.360323	92.133
74.427374	92.077
75.509945	92.020
76.608262	91.962
77.722555	91.904
78.853056	91.845
80.000000	91.788
81.163627	91.732
82.344179	91.678
83.541903	91.626
84.757048	91.578
85.989867	91.533
87.240619	91.493
88.509563	91.458
89.796964	91.428
91.103091	91.404
92.428216	91.386
93.772615	91.374
95.136569	91.367
96.520362	91.367
97.924283	91.372
99.348625	91.383
100.793684	91.399
102.259762	91.420
103.747164	91.445
105.256202	91.475
106.787188	91.507
108.340444	91.543
109.916292	91.580
111.515061	91.620
113.137085	91.661
114.782702	91.702
116.452255	91.744
118.146092	91.786
119.864566	91.827
121.608036	91.868
123.376866	91.907
125.171424	91.944
126.992084	91.980
128.839227	92.013
130.713236	92.044
132.614504	92.073
134.543426	92.099
136.500406	92.123
138.485850	92.145
140.500173	92.165
142.543795	92.183
144.617142	92.201
146.720647	92.217
148.854748	92.233
151.019890	92.249
153.216525	92.265
155.445111	92.281
157.706112	92.296
160.000000	92.311
162.327254	92.325
164.688358	92.337
167.083805	92.347
169.514095	92.353
171.979734	92.356
174.481237	92.355
177.019125	92.348
179.593928	92.336
182.206182	92.316
184.856431	92.290
187.545230	92.255
190.273138	92.212
193.040725	92.160
195.848567	92.099
198.697250	92.028
201.587368	91.947
204.519524	91.856
207.494329	91.755
210.512403	91.643
213.574377	91.521
216.680888	91.388
219.832584	91.244
223.030122	91.090
226.274170	90.925
229.565404	90.750
232.904509	90.564
236.292183	90.369
239.729132	90.163
243.216073	89.948
246.753732	89.725
250.342848	89.492
253.984168	89.251
257.678453	89.003
261.426473	88.747
265.229008	88.486
269.086853	88.220
273.000811	87.950
276.971700	87.679
281.000346	87.408
285.087590	87.140
289.234284	86.876
293.441294	86.621
297.709496	86.376
302.039780	86.146
306.433050	85.931
310.890221	85.736
315.412224	85.563
320.000000	85.415
324.654507	85.292
329.376716	85.196
334.167610	85.128
339.028190	85.089
343.959469	85.077
348.962474	85.091
354.038251	85.129
359.187855	85.191
364.412363	85.274
369.712863	85.376
375.090460	85.494
380.546277	85.627
386.081450	85.773
391.697134	85.929
397.394500	86.095
403.174736	86.267
409.039048	86.444
414.988657	86.624
421.024807	86.806
427.148753	86.988
433.361775	87.167
439.665167	87.343
446.060244	87.514
452.548340	87.678
459.130807	87.836
465.809019	87.986
472.584367	88.130
479.458265	88.267
486.432146	88.399
493.507464	88.526
500.685695	88.648
507.968337	88.767
515.356906	88.882
522.852945	88.995
530.458016	89.104
538.173706	89.212
546.001623	89.317
553.943399	89.420
562.000691	89.520
570.175180	89.618
578.468569	89.714
586.882588	89.806
595.418991	89.895
604.079560	89.982
612.866100	90.065
621.780442	90.145
630.824447	90.222
640.000000	90.296
649.309014	90.366
658.753431	90.433
668.335221	90.498
678.056380	90.559
687.918938	90.617
697.924949	90.673
708.076501	90.726
718.375711	90.777
728.824726	90.827
739.425726	90.875
750.180921	90.923
761.092554	90.971
772.162900	91.019
783.394268	91.067
794.789000	91.117
806.349472	91.168
818.078095	91.220
829.977315	91.274
842.049613	91.330
854.297507	91.388
866.723550	91.449
879.330334	91.511
892.120489	91.574
905.096680	91.639
918.261614	91.705
931.618037	91.770
945.168733	91.835
958.916529	91.899
972.864291	91.961
987.014928	92.021
1001.371391	92.079
1015.936673	92.134
1030.713812	92.187
1045.705890	92.238
1060.916032	92.286
1076.347412	92.334
1092.003245	92.380
1107.886798	92.426
1124.001383	92.471
1140.350359	92.516
1156.937137	92.562
1173.765175	92.608
1190.837983	92.654
1208.159120	92.701
1225.732199	92.749
1243.560885	92.799
1261.648894	92.850
1280.000000	92.904
1298.618029	92.961
1317.506863	93.022
1336.670442	93.087
1356.112761	93.157
1375.837875	93.232
1395.849898	93.312
1416.153002	93.396
1436.751422	93.483
1457.649452	93.572
1478.851452	93.661
1500.361842	93.750
1522.185107	93.837
1544.325799	93.922
1566.788535	94.005
1589.577999	94.087
1612.698944	94.169
1636.156190	94.253
1659.954630	94.340
1684.099226	94.431
1708.595013	94.529
1733.447100	94.632
1758.660669	94.741
1784.240977	94.854
1810.193360	94.969
1836.523229	95.084
1863.236074	95.199
1890.337467	95.313
1917.833058	95.424
1945.728583	95.533
1974.029857	95.640
2002.742782	95.747
2031.873347	95.852
2061.427625	95.959
2091.411780	96.066
2121.832065	96.175
2152.694823	96.286
2184.006490	96.399
2215.773596	96.513
2248.002765	96.626
2280.700718	96.736
2313.874274	96.840
2347.530351	96.932
2381.675966	97.009
2416.318240	97.065
2451.464399	97.094
2487.121769	97.092
2523.297789	97.056
2560.000000	96.984
2597.236057	96.878
2635.013726	96.740
2673.340883	96.576
2712.225522	96.391
2751.675750	96.195
2791.699796	95.992
2832.306004	95.792
2873.502844	95.598
2915.298905	95.416
2957.702904	95.247
3000.723683	95.089
3044.370214	94.940
3088.651599	94.797
3133.577071	94.658
3179.155999	94.520
3225.397888	94.385
3272.312380	94.250
3319.909260	94.115
3368.198452	93.978
3417.190027	93.828
3466.894200	93.651
3517.321337	93.422
3568.481954	93.112
3620.386720	92.684
3673.046457	92.111
3726.472148	91.384
3780.674934	90.530
3835.666117	89.603
3891.457165	88.675
3948.059713	87.807
4005.485564	87.034
4063.746693	86.361
4122.855250	85.773
4182.823560	85.242
4243.664130	84.739
4305.389646	84.239
4368.012981	83.720
4431.547192	83.172
4496.005531	82.594
4561.401437	82.006
4627.748549	81.446
4695.060701	80.970
4763.351932	80.640
4832.636481	80.517
4902.928797	80.636
4974.243539	81.003
5046.595577	81.586
5120.000000	82.337
5194.472115	83.204
5270.027452	84.160
5346.681766	85.199
5424.451043	86.335
5503.351500	87.575
5583.399591	88.902
5664.612008	90.261
5747.005687	91.568
5830.597810	92.729
5915.405808	93.653
6001.447367	94.277
6088.740429	94.578
6177.303198	94.586
6267.154142	94.378
6358.311998	94.051
6450.795775	93.691
6544.624761	93.349
6639.818520	93.044
6736.396904	92.774
6834.380053	92.528
6933.788400	92.300
7034.642675	92.090
7136.963909	91.894
7240.773439	91.705
7346.092914	91.509
7452.944296	91.300
7561.349867	91.094
7671.332234	90.929
7782.914330	90.853
7896.119426	90.902
8010.971128	91.072
8127.493386	91.307
8245.710500	91.505
8365.647121	91.566
8487.328260	91.457
8610.779292	91.225
8736.025961	90.961
8863.094385	90.736
8992.011061	90.573
9122.802874	90.459
9255.497097	90.378
9390.121402	90.316
9526.703863	90.243
9665.272962	90.110
9805.857594	89.867
9948.487077	89.494
10093.191154	88.990
10240.000000	88.319
10388.944230	87.405
10540.054903	86.190
10693.363532	84.742
10848.902086	83.305
11006.703001	82.247
11166.799182	81.851
11329.224017	82.108
11494.011375	82.739
11661.195620	83.400
11830.811616	83.845
12002.894734	83.984
12177.480858	83.884
12354.606395	83.643
12534.308283	83.258
12716.623996	82.603
12901.591551	81.572
13089.249521	80.251
13279.637040	78.892
13472.793808	77.849
13668.760107	77.447
13867.576801	77.714
14069.285350	78.320
14273.927818	78.875
14481.546879	79.180
14692.185828	79.283
14905.888592	79.379
15122.699734	79.700
15342.664467	80.397
15565.828661	81.429
15792.238852	82.537
16021.942256	83.360
16254.986772	83.600
16491.420999	83.113
16731.294241	81.919
16974.656520	80.231
17221.558584	78.501
17472.051922	77.260
17726.188769	76.647
17984.022122	76.166
18245.605748	75.150
18510.994194	73.389
18780.242805	71.189
19053.407727	68.880
19330.545924	66.554
19611.715189	64.301
19896.974155	62.396
20186.382308	60.962
