1.000000	85.785
1.015000	85.934
1.030000	86.087
1.044000	86.236
1.060000	86.411
1.075000	86.582
1.090000	86.758
1.106000	86.955
1.120000	87.138
1.138000	87.388
1.150000	87.564
1.172000	87.903
1.180000	88.030
1.206000	88.459
1.220000	88.697
1.241000	89.062
1.250000	89.221
1.265000	89.488
1.280000	89.756
1.315000	90.382
1.320000	90.471
1.340000	90.823
1.360000	91.167
1.380000	91.504
1.400000	91.827
1.430000	92.284
1.450000	92.566
1.475000	92.891
1.500000	93.196
1.525000	93.485
1.550000	93.760
1.575000	94.023
1.600000	94.273
1.625000	94.513
1.650000	94.743
1.675000	94.964
1.700000	95.178
1.725000	95.387
1.750000	95.590
1.775000	95.790
1.800000	95.987
1.825000	96.183
1.850000	96.376
1.875000	96.562
1.900000	96.741
1.925000	96.914
1.950000	97.081
1.975000	97.242
2.000000	97.397
2.030000	97.577
2.060000	97.751
2.090000	97.919
2.120000	98.083
2.140000	98.189
2.180000	98.396
2.200000	98.498
2.240000	98.693
2.270000	98.833
2.300000	98.965
2.330000	99.093
2.360000	99.215
2.400000	99.370
2.430000	99.482
2.470000	99.625
2.500000	99.728
2.540000	99.861
2.580000	99.989
2.620000	100.110
2.650000	100.195
2.690000	100.303
2.720000	100.380
2.760000	100.475
2.800000	100.567
2.850000	100.675
2.900000	100.778
2.950000	100.875
3.000000	100.965
3.040000	101.031
3.070000	101.077
3.110000	101.135
3.150000	101.190
3.200000	101.255
3.250000	101.316
3.300000	101.376
3.350000	101.432
3.400000	101.483
3.450000	101.529
3.500000	101.572
3.550000	101.614
3.600000	101.654
3.650000	101.694
3.700000	101.733
3.750000	101.770
3.820000	101.820
3.870000	101.854
3.950000	101.907
4.000000	101.942
4.060000	101.983
4.120000	102.025
4.180000	102.066
4.250000	102.114
4.310000	102.156
4.370000	102.197
4.440000	102.245
4.500000	102.287
4.550000	102.323
4.620000	102.371
4.680000	102.413
4.750000	102.459
4.820000	102.504
4.870000	102.535
4.940000	102.578
5.000000	102.614
5.080000	102.659
5.150000	102.695
5.220000	102.729
5.300000	102.765
5.380000	102.797
5.450000	102.824
5.520000	102.849
5.600000	102.874
5.700000	102.900
5.800000	102.924
5.900000	102.946
6.000000	102.965
6.080000	102.978
6.150000	102.989
6.220000	103.001
6.300000	103.015
6.400000	103.031
6.500000	103.047
6.600000	103.064
6.700000	103.083
6.800000	103.101
6.900000	103.120
7.000000	103.139
7.100000	103.159
7.200000	103.177
7.300000	103.196
7.400000	103.212
7.500000	103.227
7.620000	103.244
7.750000	103.260
7.880000	103.272
8.000000	103.281
8.120000	103.288
8.250000	103.294
8.380000	103.300
8.500000	103.305
8.620000	103.311
8.750000	103.317
8.850000	103.322
9.000000	103.332
9.120000	103.340
9.250000	103.350
9.380000	103.361
9.500000	103.371
9.620000	103.380
9.750000	103.388
9.880000	103.395
10.000000	103.400
10.150000	103.405
10.300000	103.406
10.440000	103.406
10.600000	103.403
10.750000	103.399
10.900000	103.394
11.060000	103.388
11.200000	103.383
11.380000	103.377
11.500000	103.374
11.720000	103.369
11.800000	103.366
12.060000	103.360
12.200000	103.356
12.410000	103.349
12.500000	103.345
12.650000	103.338
12.800000	103.331
13.150000	103.307
13.200000	103.303
13.400000	103.288
13.600000	103.272
13.800000	103.255
14.000000	103.238
14.300000	103.213
14.500000	103.196
14.750000	103.176
15.000000	103.157
15.250000	103.137
15.500000	103.119
15.750000	103.099
16.000000	103.079
16.250000	103.057
16.500000	103.034
16.750000	103.011
17.000000	102.986
17.250000	102.961
17.500000	102.936
17.750000	102.910
18.000000	102.886
18.250000	102.860
18.500000	102.835
18.750000	102.809
19.000000	102.782
19.250000	102.755
19.500000	102.727
19.750000	102.697
20.000000	102.667
20.299999	102.630
20.600000	102.592
20.900000	102.554
21.200001	102.517
21.400000	102.493
21.799999	102.445
22.000000	102.421
22.400000	102.370
22.700001	102.333
23.000000	102.293
23.299999	102.254
23.600000	102.215
24.000000	102.160
24.299999	102.120
24.700001	102.066
25.000000	102.026
25.400000	101.975
25.799999	101.926
26.200001	101.879
26.500000	101.844
26.900000	101.797
27.200001	101.762
27.600000	101.712
28.000000	101.660
28.500000	101.594
29.000000	101.527
29.500000	101.461
30.000000	101.395
30.400000	101.344
30.700001	101.303
31.100000	101.249
31.500000	101.194
32.000000	101.126
32.500000	101.060
33.000000	100.995
33.500000	100.930
34.000000	100.866
34.500000	100.802
35.000000	100.739
35.500000	100.675
36.000000	100.612
36.500000	100.548
37.000000	100.484
37.500000	100.422
38.200001	100.336
38.700001	100.273
39.500000	100.168
40.000000	100.098
40.599998	100.013
41.200001	99.932
41.799999	99.859
42.500000	99.779
43.099998	99.710
43.700001	99.636
44.400002	99.546
45.000000	99.469
45.500000	99.409
46.200001	99.328
46.799999	99.263
47.500000	99.189
48.200001	99.113
48.700001	99.056
49.400002	98.975
50.000000	98.905
50.799999	98.814
51.500000	98.734
52.200001	98.655
53.000000	98.568
53.799999	98.482
54.500000	98.407
55.200001	98.332
56.000000	98.246
57.000000	98.140
58.000000	98.034
59.000000	97.929
60.000000	97.827
60.799999	97.747
61.500000	97.678
62.200001	97.609
63.000000	97.530
64.000000	97.433
65.000000	97.338
66.000000	97.249
67.000000	97.160
68.000000	97.067
69.000000	96.971
70.000000	96.875
71.000000	96.780
72.000000	96.686
73.000000	96.593
74.000000	96.501
75.000000	96.410
76.199997	96.306
77.500000	96.199
78.800003	96.094
80.000000	95.998
81.199997	95.898
82.500000	95.793
83.800003	95.691
85.000000	95.596
86.199997	95.500
87.500000	95.398
88.500000	95.320
90.000000	95.209
91.199997	95.121
92.500000	95.029
93.800003	94.936
95.000000	94.851
96.199997	94.766
97.500000	94.677
98.800003	94.588
100.000000	94.507
101.500000	94.403
103.000000	94.302
104.400002	94.210
106.000000	94.106
107.500000	94.011
109.000000	93.917
110.599998	93.819
112.000000	93.734
113.800003	93.631
115.000000	93.564
117.199997	93.438
118.000000	93.390
120.599998	93.237
122.000000	93.159
124.099998	93.046
125.000000	92.999
126.500000	92.919
128.000000	92.837
131.500000	92.641
132.000000	92.614
134.000000	92.510
136.000000	92.410
138.000000	92.311
140.000000	92.215
143.000000	92.070
145.000000	91.975
147.500000	91.859
150.000000	91.750
152.500000	91.646
155.000000	91.537
157.500000	91.418
160.000000	91.295
162.500000	91.174
165.000000	91.059
167.500000	90.952
170.000000	90.852
172.500000	90.767
175.000000	90.691
177.500000	90.628
180.000000	90.574
182.500000	90.514
185.000000	90.447
187.500000	90.381
190.000000	90.317
192.500000	90.248
195.000000	90.171
197.500000	90.088
200.000000	90.000
203.000000	89.892
206.000000	89.780
209.000000	89.673
212.000000	89.579
214.000000	89.520
218.000000	89.408
220.000000	89.355
224.000000	89.262
227.000000	89.209
230.000000	89.165
233.000000	89.124
236.000000	89.079
240.000000	89.013
243.000000	88.958
247.000000	88.880
250.000000	88.816
254.000000	88.722
258.000000	88.629
262.000000	88.538
265.000000	88.472
269.000000	88.386
272.000000	88.322
276.000000	88.237
280.000000	88.154
285.000000	88.056
290.000000	87.962
295.000000	87.871
300.000000	87.784
304.000000	87.715
307.000000	87.666
311.000000	87.600
315.000000	87.537
320.000000	87.459
325.000000	87.382
330.000000	87.308
335.000000	87.234
340.000000	87.163
345.000000	87.094
350.000000	87.028
355.000000	86.964
360.000000	86.903
365.000000	86.844
370.000000	86.791
375.000000	86.749
382.000000	86.715
387.000000	86.708
395.000000	86.708
400.000000	86.704
406.000000	86.685
412.000000	86.653
418.000000	86.610
425.000000	86.555
431.000000	86.506
437.000000	86.457
444.000000	86.404
450.000000	86.362
455.000000	86.330
462.000000	86.291
468.000000	86.265
475.000000	86.243
482.000000	86.228
487.000000	86.220
494.000000	86.209
500.000000	86.197
508.000000	86.179
515.000000	86.160
522.000000	86.141
530.000000	86.120
538.000000	86.102
545.000000	86.090
552.000000	86.080
560.000000	86.071
570.000000	86.062
580.000000	86.058
590.000000	86.058
600.000000	86.062
608.000000	86.070
615.000000	86.079
622.000000	86.090
630.000000	86.103
640.000000	86.123
650.000000	86.145
660.000000	86.169
670.000000	86.196
680.000000	86.225
690.000000	86.256
700.000000	86.291
710.000000	86.333
720.000000	86.381
730.000000	86.434
740.000000	86.491
750.000000	86.550
762.000000	86.625
775.000000	86.711
788.000000	86.803
800.000000	86.897
812.000000	86.999
825.000000	87.122
838.000000	87.263
850.000000	87.410
862.000000	87.578
875.000000	87.778
885.000000	87.941
900.000000	88.191
912.000000	88.388
925.000000	88.595
938.000000	88.793
950.000000	88.971
962.000000	89.143
975.000000	89.328
988.000000	89.512
1000.000000	89.683
1015.000000	89.898
1030.000000	90.115
1044.000000	90.321
1060.000000	90.558
1075.000000	90.782
1090.000000	91.008
1106.000000	91.249
1120.000000	91.460
1138.000000	91.731
1150.000000	91.910
1172.000000	92.237
1180.000000	92.355
1206.000000	92.731
1220.000000	92.930
1241.000000	93.221
1250.000000	93.344
1265.000000	93.543
1280.000000	93.738
1315.000000	94.163
1320.000000	94.221
1340.000000	94.442
1360.000000	94.645
1380.000000	94.832
1400.000000	94.996
1430.000000	95.201
1450.000000	95.305
1475.000000	95.397
1500.000000	95.445
1525.000000	95.450
1550.000000	95.414
1575.000000	95.340
1600.000000	95.233
1625.000000	95.097
1650.000000	94.930
1675.000000	94.739
1700.000000	94.526
1725.000000	94.299
1750.000000	94.064
1775.000000	93.824
1800.000000	93.587
1825.000000	93.355
1850.000000	93.132
1875.000000	92.920
1900.000000	92.721
1925.000000	92.535
1950.000000	92.365
1975.000000	92.212
2000.000000	92.076
2030.000000	91.935
2060.000000	91.821
2090.000000	91.732
2120.000000	91.667
2140.000000	91.638
2180.000000	91.602
2200.000000	91.591
2240.000000	91.570
2270.000000	91.544
2300.000000	91.505
2330.000000	91.447
2360.000000	91.373
2400.000000	91.249
2430.000000	91.144
2470.000000	90.993
2500.000000	90.874
2540.000000	90.708
2580.000000	90.535
2620.000000	90.358
2650.000000	90.227
2690.000000	90.059
2720.000000	89.942
2760.000000	89.808
2800.000000	89.702
2850.000000	89.620
2900.000000	89.594
2950.000000	89.621
3000.000000	89.692
3040.000000	89.777
3070.000000	89.855
3110.000000	89.977
3150.000000	90.121
3200.000000	90.334
3250.000000	90.581
3300.000000	90.864
3350.000000	91.179
3400.000000	91.519
3450.000000	91.874
3500.000000	92.230
3550.000000	92.570
3600.000000	92.876
3650.000000	93.132
3700.000000	93.322
3750.000000	93.437
3820.000000	93.463
3870.000000	93.388
3950.000000	93.133
4000.000000	92.910
4060.000000	92.602
4120.000000	92.274
4180.000000	91.949
4250.000000	91.595
4310.000000	91.327
4370.000000	91.100
4440.000000	90.891
4500.000000	90.755
4550.000000	90.668
4620.000000	90.581
4680.000000	90.529
4750.000000	90.484
4820.000000	90.445
4870.000000	90.416
4940.000000	90.368
5000.000000	90.314
5080.000000	90.218
5150.000000	90.108
5220.000000	89.973
5300.000000	89.789
5380.000000	89.581
5450.000000	89.385
5520.000000	89.185
5600.000000	88.963
5700.000000	88.702
5800.000000	88.476
5900.000000	88.295
6000.000000	88.166
6080.000000	88.106
6150.000000	88.088
6220.000000	88.101
6300.000000	88.160
6400.000000	88.304
6500.000000	88.530
6600.000000	88.829
6700.000000	89.189
6800.000000	89.609
6900.000000	90.106
7000.000000	90.692
7100.000000	91.375
7200.000000	92.149
7300.000000	92.999
7400.000000	93.898
7500.000000	94.812
7620.000000	95.846
7750.000000	96.751
7880.000000	97.287
8000.000000	97.377
8120.000000	97.089
8250.000000	96.452
8380.000000	95.653
8500.000000	94.953
8620.000000	94.445
8750.000000	94.210
8850.000000	94.245
9000.000000	94.523
9120.000000	94.809
9250.000000	95.079
9380.000000	95.249
9500.000000	95.310
9620.000000	95.284
9750.000000	95.168
9880.000000	94.957
10000.000000	94.648
10150.000000	94.035
10300.000000	93.064
10440.000000	91.752
10600.000000	89.741
10750.000000	87.427
10900.000000	84.867
11060.000000	82.169
11200.000000	80.126
11380.000000	78.112
11500.000000	77.073
11720.000000	75.522
11800.000000	75.032
12060.000000	73.648
12200.000000	73.026
12410.000000	72.246
12500.000000	71.966
12650.000000	71.569
12800.000000	71.259
13150.000000	70.907
13200.000000	70.904
13400.000000	71.032
13600.000000	71.409
13800.000000	72.074
14000.000000	73.060
14300.000000	75.103
14500.000000	76.697
14750.000000	78.624
15000.000000	80.093
15250.000000	80.790
15500.000000	80.603
15750.000000	79.554
16000.000000	77.702
16250.000000	75.166
16500.000000	72.214
16750.000000	69.286
17000.000000	66.923
17250.000000	65.502
17500.000000	64.993
17750.000000	65.012
18000.000000	65.088
18250.000000	64.841
18500.000000	64.042
18750.000000	62.625
19000.000000	60.730
19250.000000	58.825
19500.000000	57.600
19750.000000	57.091
