1 78.77
1.015 79.01
1.03 79.24
1.044 79.46
1.06 79.70
1.075 79.92
1.09 80.14
1.106 80.37
1.12 80.56
1.138 80.81
1.15 80.98
1.172 81.28
1.18 81.38
1.206 81.73
1.22 81.91
1.241 82.18
1.25 82.30
1.265 82.49
1.28 82.68
1.315 83.11
1.32 83.17
1.34 83.41
1.36 83.65
1.38 83.89
1.4 84.12
1.43 84.47
1.45 84.70
1.475 84.98
1.5 85.26
1.525 85.53
1.55 85.80
1.575 86.06
1.6 86.32
1.625 86.58
1.65 86.83
1.675 87.07
1.7 87.31
1.725 87.55
1.75 87.79
1.775 88.02
1.8 88.25
1.825 88.47
1.85 88.69
1.875 88.91
1.9 89.12
1.925 89.33
1.95 89.53
1.975 89.74
2 89.93
2.03 90.16
2.06 90.39
2.09 90.61
2.12 90.83
2.14 90.98
2.18 91.26
2.2 91.39
2.24 91.66
2.27 91.86
2.3 92.05
2.33 92.24
2.36 92.42
2.4 92.66
2.43 92.83
2.47 93.06
2.5 93.22
2.54 93.44
2.58 93.65
2.62 93.85
2.65 94.00
2.69 94.19
2.72 94.33
2.76 94.51
2.8 94.68
2.85 94.89
2.9 95.10
2.95 95.30
3 95.48
3.04 95.63
3.07 95.73
3.11 95.87
3.15 96.00
3.2 96.16
3.25 96.31
3.3 96.47
3.35 96.61
3.4 96.75
3.45 96.88
3.5 97.00
3.55 97.13
3.6 97.25
3.65 97.36
3.7 97.48
3.75 97.59
3.82 97.73
3.87 97.83
3.95 97.99
4 98.08
4.06 98.20
4.12 98.31
4.18 98.41
4.25 98.54
4.31 98.64
4.37 98.74
4.44 98.85
4.5 98.95
4.55 99.03
4.62 99.14
4.68 99.23
4.75 99.34
4.82 99.44
4.87 99.52
4.94 99.62
5 99.70
5.08 99.82
5.15 99.91
5.22 100.00
5.3 100.10
5.38 100.20
5.45 100.29
5.52 100.37
5.6 100.46
5.7 100.56
5.8 100.66
5.9 100.76
6 100.85
6.08 100.92
6.15 100.98
6.22 101.04
6.3 101.10
6.4 101.18
6.5 101.26
6.6 101.33
6.7 101.40
6.8 101.47
6.9 101.54
7 101.60
7.1 101.67
7.2 101.73
7.3 101.79
7.4 101.86
7.5 101.91
7.62 101.98
7.75 102.06
7.88 102.13
8 102.19
8.12 102.25
8.25 102.30
8.38 102.36
8.5 102.41
8.62 102.46
8.75 102.51
8.85 102.55
9 102.60
9.12 102.64
9.25 102.69
9.38 102.73
9.5 102.77
9.62 102.81
9.75 102.85
9.88 102.89
10 102.93
10.15 102.97
10.3 103.01
10.44 103.05
10.6 103.09
10.75 103.13
10.9 103.17
11.06 103.21
11.2 103.24
11.38 103.28
11.5 103.30
11.72 103.35
11.8 103.37
12.06 103.42
12.2 103.45
12.41 103.49
12.5 103.50
12.65 103.53
12.8 103.56
13.15 103.62
13.2 103.62
13.4 103.66
13.6 103.69
13.8 103.72
14 103.75
14.3 103.79
14.5 103.82
14.75 103.85
15 103.89
15.25 103.92
15.5 103.95
15.75 103.97
16 104.00
16.25 104.03
16.5 104.06
16.75 104.08
17 104.10
17.25 104.12
17.5 104.15
17.75 104.17
18 104.19
18.25 104.21
18.5 104.22
18.75 104.24
19 104.26
19.25 104.27
19.5 104.29
19.75 104.31
20 104.32
20.299999 104.34
20.6 104.36
20.9 104.37
21.200001 104.39
21.4 104.40
21.799999 104.42
22 104.43
22.4 104.44
22.700001 104.46
23 104.47
23.299999 104.48
23.6 104.49
24 104.51
24.299999 104.52
24.700001 104.54
25 104.55
25.4 104.56
25.799999 104.58
26.200001 104.59
26.5 104.59
26.9 104.60
27.200001 104.61
27.6 104.62
28 104.63
28.5 104.64
29 104.65
29.5 104.66
30 104.66
30.4 104.67
30.700001 104.68
31.1 104.68
31.5 104.69
32 104.70
32.5 104.70
33 104.71
33.5 104.71
34 104.72
34.5 104.72
35 104.72
35.5 104.72
36 104.72
36.5 104.73
37 104.73
37.5 104.73
38.200001 104.73
38.700001 104.73
39.5 104.72
40 104.72
40.599998 104.72
41.200001 104.72
41.799999 104.72
42.5 104.72
43.099998 104.72
43.700001 104.72
44.400002 104.71
45 104.71
45.5 104.71
46.200001 104.70
46.799999 104.70
47.5 104.69
48.200001 104.68
48.700001 104.67
49.400002 104.66
50 104.66
50.799999 104.65
51.5 104.64
52.200001 104.63
53 104.62
53.799999 104.62
54.5 104.61
55.200001 104.60
56 104.59
57 104.57
58 104.56
59 104.54
60 104.52
60.799999 104.51
61.5 104.50
62.200001 104.49
63 104.48
64 104.46
65 104.44
66 104.41
67 104.39
68 104.37
69 104.35
70 104.33
71 104.31
72 104.29
73 104.26
74 104.23
75 104.20
76.199997 104.16
77.5 104.14
78.800003 104.12
80 104.10
81.199997 104.08
82.5 104.05
83.800003 104.02
85 103.98
86.199997 103.94
87.5 103.90
88.5 103.87
90 103.83
91.199997 103.79
92.5 103.76
93.800003 103.72
95 103.69
96.199997 103.66
97.5 103.63
98.800003 103.60
100 103.56
101.5 103.51
103 103.47
104.400002 103.42
106 103.37
107.5 103.32
109 103.28
110.599998 103.23
112 103.19
113.800003 103.14
115 103.10
117.199997 103.04
118 103.02
120.599998 102.95
122 102.91
124.099998 102.85
125 102.82
126.5 102.77
128 102.73
131.5 102.62
132 102.60
134 102.54
136 102.48
138 102.42
140 102.37
143 102.27
145 102.21
147.5 102.14
150 102.06
152.5 101.99
155 101.91
157.5 101.84
160 101.76
162.5 101.69
165 101.61
167.5 101.54
170 101.46
172.5 101.39
175 101.31
177.5 101.24
180 101.16
182.5 101.08
185 101.01
187.5 100.93
190 100.86
192.5 100.78
195 100.71
197.5 100.63
200 100.56
203 100.46
206 100.36
209 100.26
212 100.16
214 100.09
218 99.94
220 99.87
224 99.72
227 99.63
230 99.58
233 99.57
236 99.62
240 99.74
243 99.83
247 99.93
250 99.97
254 99.97
258 99.94
262 99.90
265 99.86
269 99.80
272 99.74
276 99.67
280 99.58
285 99.48
290 99.38
295 99.27
300 99.16
304 99.08
307 99.02
311 98.93
315 98.85
320 98.76
325 98.66
330 98.57
335 98.49
340 98.40
345 98.32
350 98.24
355 98.17
360 98.09
365 98.02
370 97.94
375 97.87
382 97.78
387 97.71
395 97.61
400 97.55
406 97.47
412 97.40
418 97.33
425 97.25
431 97.18
437 97.12
444 97.05
450 96.98
455 96.94
462 96.87
468 96.81
475 96.75
482 96.69
487 96.64
494 96.59
500 96.54
508 96.48
515 96.43
522 96.38
530 96.32
538 96.27
545 96.23
552 96.18
560 96.13
570 96.07
580 96.01
590 95.96
600 95.90
608 95.86
615 95.83
622 95.80
630 95.77
640 95.73
650 95.69
660 95.65
670 95.62
680 95.59
690 95.57
700 95.54
710 95.52
720 95.51
730 95.49
740 95.48
750 95.47
762 95.47
775 95.47
788 95.47
800 95.48
812 95.49
825 95.51
838 95.54
850 95.57
862 95.60
875 95.64
885 95.67
900 95.73
912 95.78
925 95.84
938 95.90
950 95.96
962 96.03
975 96.10
988 96.17
1000 96.25
1015 96.34
1030 96.43
1044 96.52
1060 96.62
1075 96.71
1090 96.80
1106 96.90
1120 96.98
1138 97.08
1150 97.15
1172 97.26
1180 97.30
1206 97.42
1220 97.48
1241 97.56
1250 97.59
1265 97.64
1280 97.69
1315 97.75
1320 97.76
1340 97.78
1360 97.79
1380 97.81
1400 97.82
1430 97.84
1450 97.87
1475 97.92
1500 97.97
1525 98.03
1550 98.08
1575 98.12
1600 98.16
1625 98.18
1650 98.20
1675 98.21
1700 98.22
1725 98.22
1750 98.22
1775 98.21
1800 98.19
1825 98.17
1850 98.15
1875 98.12
1900 98.09
1925 98.05
1950 98.01
1975 97.97
2000 97.92
2030 97.86
2060 97.79
2090 97.72
2120 97.64
2140 97.59
2180 97.48
2200 97.43
2240 97.31
2270 97.22
2300 97.12
2330 97.03
2360 96.93
2400 96.80
2430 96.70
2470 96.57
2500 96.47
2540 96.33
2580 96.20
2620 96.06
2650 95.96
2690 95.83
2720 95.74
2760 95.61
2800 95.48
2850 95.33
2900 95.18
2950 95.04
3000 94.90
3040 94.79
3070 94.72
3110 94.62
3150 94.52
3200 94.41
3250 94.30
3300 94.20
3350 94.11
3400 94.03
3450 93.95
3500 93.88
3550 93.82
3600 93.77
3650 93.72
3700 93.69
3750 93.66
3820 93.65
3870 93.65
3950 93.69
4000 93.72
4060 93.78
4120 93.86
4180 93.94
4250 94.05
4310 94.16
4370 94.28
4440 94.44
4500 94.59
4550 94.74
4620 94.96
4680 95.16
4750 95.43
4820 95.72
4870 95.94
4940 96.29
5000 96.61
5080 97.09
5150 97.56
5220 98.06
5300 98.69
5380 99.34
5450 99.91
5520 100.44
5600 100.97
5700 101.42
5800 101.53
5900 101.24
6000 100.55
6080 99.75
6150 98.91
6220 97.99
6300 96.89
6400 95.59
6500 94.57
6600 94.08
6700 94.31
6800 95.17
6900 96.37
7000 97.58
7100 98.61
7200 99.35
7300 99.76
7400 99.86
7500 99.74
7620 99.39
7750 98.93
7880 98.51
8000 98.25
8120 98.16
8250 98.24
8380 98.45
8500 98.66
8620 98.87
8750 99.08
8850 99.26
9000 99.60
9120 99.91
9250 100.27
9380 100.60
9500 100.85
9620 101.04
9750 101.14
9880 101.10
10000 100.93
10150 100.53
10300 99.95
10440 99.31
10600 98.52
10750 97.76
10900 97.02
11060 96.28
11200 95.69
11380 95.00
11500 94.60
11720 93.98
11800 93.79
12060 93.31
12200 93.14
12410 93.00
12500 92.98
12650 93.00
12800 93.10
13150 93.59
13200 93.69
13400 94.13
13600 94.63
13800 95.12
14000 95.54
14300 95.91
14500 95.94
14750 95.72
15000 95.32
15250 94.84
15500 94.37
15750 93.88
16000 93.27
16250 92.43
16500 91.35
16750 90.06
17000 88.62
17250 87.09
17500 85.52
17750 83.93
18000 82.35
18250 80.78
18500 79.27
18750 77.84
19000 76.55
19250 75.42
19500 74.49
19750 73.81
