20 103.77
20.2909066988 103.78
20.5860447329 103.79
20.8854756485 103.80
21.1892618872 103.81
21.4974667984 103.83
21.8101546533 103.85
22.1273906578 103.87
22.4492409662 103.89
22.7757726951 103.91
23.1070539374 103.93
23.4431537764 103.95
23.7841423001 103.97
24.130090616 103.98
24.4810708661 103.99
24.8371562415 104.00
25.1984209979 104.00
25.5649404712 104.00
25.936791093 104.00
26.3140504067 103.99
26.6967970834 103.98
27.0851109387 103.97
27.4790729492 103.95
27.878765269 103.94
28.2842712475 103.93
28.6956754462 103.91
29.1130636568 103.90
29.5365229188 103.89
29.9661415375 103.89
30.402009103 103.88
30.8442165082 103.88
31.2928559682 103.88
31.7480210394 103.88
32.209806639 103.88
32.6783090648 103.87
33.1536260154 103.86
33.6358566101 103.85
34.1251014105 103.84
34.6214624402 103.82
35.1250432075 103.80
35.6359487256 103.77
36.1542855356 103.75
36.6801617282 103.72
37.2136869661 103.70
37.7549725073 103.67
38.3041312279 103.65
38.8612776461 103.63
39.4265279456 103.61
40 103.59
40.5818133975 103.58
41.1720894657 103.56
41.7709512971 103.54
42.3785237744 103.51
42.9949335968 103.49
43.6203093066 103.46
44.2547813156 103.42
44.8984819324 103.38
45.5515453903 103.34
46.2141078749 103.30
46.8863075528 103.25
47.5682846001 103.21
48.260181232 103.17
48.9621417322 103.10
49.6743124829 103.02
50.3968419958 102.96
51.1298809424 102.95
51.873582186 102.96
52.6281008133 102.95
53.3935941668 102.94
54.1702218775 102.91
54.9581458983 102.88
55.757530538 102.84
56.5685424949 102.80
57.3913508924 102.76
58.2261273137 102.71
59.0730458376 102.66
59.9322830751 102.61
60.804018206 102.56
61.6884330163 102.51
62.5857119363 102.47
63.4960420787 102.42
64.419613278 102.37
65.3566181296 102.32
66.3072520307 102.27
67.2717132203 102.22
68.2502028209 102.16
69.2429248805 102.11
70.2500864149 102.05
71.2718974512 102.00
72.3085710713 101.94
73.3603234564 101.89
74.4273739322 101.83
75.5099450145 101.77
76.6082624559 101.71
77.7225552923 101.65
78.8530558912 101.59
80 101.53
81.163626795 101.47
82.3441789315 101.41
83.5419025942 101.35
84.7570475487 101.28
85.9898671937 101.22
87.2406186132 101.15
88.5095626311 101.09
89.7969638648 101.02
91.1030907805 100.95
92.4282157498 100.89
93.7726151055 100.82
95.1365692002 100.75
96.520362464 100.68
97.9242834644 100.61
99.3486249659 100.54
100.7936839916 100.47
102.2597618848 100.40
103.7471643721 100.33
105.2562016267 100.25
106.7871883336 100.18
108.340443755 100.11
109.9162917966 100.03
111.5150610759 99.96
113.1370849898 99.88
114.7827017849 99.81
116.4522546274 99.73
118.1460916752 99.66
119.8645661501 99.58
121.6080364119 99.50
123.3768660326 99.42
125.1714238726 99.35
126.9920841575 99.27
128.8392265559 99.19
130.7132362593 99.11
132.6145040614 99.03
134.5434264406 98.95
136.5004056418 98.87
138.485849761 98.79
140.5001728299 98.71
142.5437949025 98.62
144.6171421426 98.53
146.7206469127 98.41
148.8547478643 98.30
151.0198900291 98.22
153.2165249118 98.16
155.4451105846 98.12
157.7061117824 98.06
160 97.99
162.32725359 97.91
164.688357863 97.83
167.0838051884 97.75
169.5140950975 97.68
171.9797343873 97.60
174.4812372264 97.53
177.0191252622 97.47
179.5939277295 97.42
182.2061815611 97.38
184.8564314996 97.34
187.5452302111 97.27
190.2731384004 97.14
193.0407249281 96.98
195.8485669287 96.84
198.6972499318 96.72
201.5873679832 96.63
204.5195237697 96.55
207.4943287442 96.47
210.5124032534 96.39
213.5743766672 96.31
216.6808875099 96.23
219.8325835933 96.15
223.0301221518 96.07
226.2741699797 96.00
229.5654035698 95.92
232.9045092548 95.84
236.2921833503 95.76
239.7291323003 95.69
243.2160728239 95.63
246.7537320653 95.57
250.3428477452 95.50
253.9841683149 95.42
257.6784531119 95.32
261.4264725186 95.24
265.2290081229 95.16
269.0868528812 95.08
273.0008112836 95.01
276.971699522 94.94
281.0003456597 94.86
285.0875898049 94.79
289.2342842852 94.72
293.4412938255 94.65
297.7094957287 94.58
302.0397800581 94.51
306.4330498235 94.45
310.8902211692 94.38
315.4122235649 94.31
320 94.25
324.65450718 94.18
329.3767157259 94.12
334.1676103768 94.05
339.028190195 93.99
343.9594687746 93.92
348.9624744529 93.86
354.0382505244 93.80
359.187855459 93.75
364.4123631221 93.70
369.7128629991 93.64
375.0904604222 93.59
380.5462768009 93.54
386.0814498562 93.48
391.6971338575 93.43
397.3944998635 93.38
403.1747359664 93.34
409.0390475393 93.29
414.9886574883 93.24
421.0248065068 93.20
427.1487533344 93.16
433.3617750198 93.12
439.6651671866 93.08
446.0602443037 93.04
452.5483399594 93.00
459.1308071395 92.96
465.8090185095 92.93
472.5843667007 92.90
479.4582646005 92.86
486.4321456477 92.83
493.5074641306 92.81
500.6856954905 92.78
507.9683366298 92.76
515.3569062238 92.74
522.8529450372 92.72
530.4580162458 92.70
538.1737057624 92.69
546.0016225673 92.67
553.9433990439 92.66
562.0006913195 92.66
570.1751796098 92.66
578.4685685703 92.65
586.882587651 92.65
595.4189914574 92.65
604.0795601163 92.65
612.8660996471 92.66
621.7804423383 92.66
630.8244471297 92.67
640 92.68
649.30901436 92.69
658.7534314519 92.69
668.3352207536 92.69
678.05638039 92.70
687.9189375493 92.71
697.9249489058 92.73
708.0765010489 92.77
718.375710918 92.81
728.8247262443 92.86
739.4257259983 92.92
750.1809208443 92.99
761.0925536018 93.05
772.1628997124 93.12
783.394267715 93.18
794.7889997271 93.25
806.3494719327 93.33
818.0780950787 93.40
829.9773149767 93.49
842.0496130136 93.57
854.2975066688 93.66
866.7235500396 93.75
879.3303343732 93.85
892.1204886074 93.96
905.0966799188 94.08
918.2616142791 94.21
931.618037019 94.36
945.1687334013 94.52
958.9165292011 94.70
972.8642912955 94.89
987.0149282611 95.08
1001.371390981 95.27
1015.9366732597 95.45
1030.7138124476 95.64
1045.7058900743 95.82
1060.9160324916 95.99
1076.3474115248 96.15
1092.0032451345 96.32
1107.8867980879 96.48
1124.0013826389 96.64
1140.3503592197 96.80
1156.9371371406 96.95
1173.765175302 97.11
1190.8379829148 97.25
1208.1591202326 97.40
1225.7321992942 97.54
1243.5608846767 97.69
1261.6488942595 97.83
1280 97.96
1298.6180287201 98.10
1317.5068629037 98.23
1336.6704415071 98.35
1356.1127607799 98.48
1375.8378750985 98.60
1395.8498978116 98.71
1416.1530020977 98.82
1436.751421836 98.93
1457.6494524886 99.04
1478.8514519966 99.14
1500.3618416887 99.24
1522.1851072035 99.33
1544.3257994247 99.42
1566.78853543 99.51
1589.5779994541 99.59
1612.6989438655 99.67
1636.1561901574 99.75
1659.9546299533 99.82
1684.0992260271 99.89
1708.5950133377 99.95
1733.4471000793 100.01
1758.6606687464 100.07
1784.2409772148 100.13
1810.1933598376 100.18
1836.5232285581 100.24
1863.2360740381 100.29
1890.3374668026 100.34
1917.8330584022 100.39
1945.7285825909 100.44
1974.0298565222 100.48
2002.742781962 100.52
2031.8733465194 100.56
2061.4276248951 100.60
2091.4117801487 100.64
2121.8320649832 100.68
2152.6948230496 100.71
2184.0064902691 100.75
2215.7735961758 100.78
2248.0027652779 100.81
2280.7007184393 100.84
2313.8742742813 100.87
2347.530350604 100.89
2381.6759658296 100.91
2416.3182404652 100.93
2451.4643985884 100.94
2487.1217693533 100.94
2523.297788519 100.95
2560.0000000001 100.94
2597.2360574402 100.93
2635.0137258074 100.91
2673.3408830143 100.89
2712.2255215599 100.85
2751.6757501971 100.81
2791.6997956232 100.75
2832.3060041955 100.69
2873.5028436721 100.61
2915.2989049772 100.53
2957.7029039931 100.43
3000.7236833774 100.32
3044.3702144071 100.21
3088.6515988494 100.08
3133.57707086 99.95
3179.1559989082 99.81
3225.397887731 99.66
3272.3123803148 99.51
3319.9092599067 99.34
3368.1984520542 99.17
3417.1900266754 98.99
3466.8942001586 98.81
3517.3213374928 98.63
3568.4819544296 98.45
3620.3867196753 98.27
3673.0464571163 98.12
3726.4721480761 97.98
3780.6749336053 97.88
3835.6661168044 97.81
3891.4571651819 97.80
3948.0597130445 97.81
4005.4855639241 97.87
4063.7466930387 97.96
4122.8552497902 98.06
4182.8235602974 98.16
4243.6641299665 98.25
4305.3896460992 98.32
4368.0129805382 98.36
4431.5471923516 98.37
4496.0055305558 98.34
4561.4014368787 98.26
4627.7485485626 98.15
4695.0607012081 97.99
4763.3519316592 97.81
4832.6364809305 97.58
4902.9287971769 97.33
4974.2435387067 97.04
5046.595577038 96.73
5120.0000000002 96.39
5194.4721148803 96.04
5270.0274516149 95.66
5346.6817660286 95.27
5424.4510431198 94.88
5503.3515003942 94.49
5583.3995912463 94.13
5664.6120083911 93.81
5747.0056873442 93.55
5830.5978099545 93.35
5915.4058079863 93.24
6001.4473667548 93.22
6088.7404288142 93.32
6177.3031976989 93.56
6267.1541417201 93.92
6358.3119978165 94.41
6450.795775462 94.98
6544.6247606297 95.61
6639.8185198134 96.21
6736.3969041085 96.75
6834.3800533509 97.14
6933.7884003172 97.36
7034.6426749857 97.38
7136.9639088592 97.24
7240.7734393506 96.98
7346.0929142326 96.66
7452.9442961523 96.33
7561.3498672106 96.02
7671.3322336089 95.76
7782.9143303638 95.56
7896.119426089 95.43
8010.9711278481 95.36
8127.4933860775 95.34
8245.7104995805 95.36
8365.6471205948 95.42
8487.328259933 95.52
8610.7792921984 95.69
8736.0259610765 95.95
8863.0943847033 96.28
8992.0110611117 96.63
9122.8028737575 96.91
9255.4970971253 97.04
9390.1214024162 96.95
9526.7038633184 96.65
9665.272961861 96.18
9805.8575943538 95.60
9948.4870774134 94.97
10093.191154076 94.35
10240.0000000005 93.79
10388.9442297607 93.28
10540.0549032298 92.86
10693.3635320572 92.52
10848.9020862397 92.27
11006.7030007884 92.10
11166.7991824927 91.99
11329.2240167822 91.91
11494.0113746885 91.86
11661.1956199091 91.85
11830.8116159726 91.87
12002.8947335097 91.93
12177.4808576284 92.03
12354.6063953979 92.11
12534.3082834402 92.10
12716.6239956331 91.91
12901.5915509241 91.47
13089.2495212594 90.91
13279.637039627 90.24
13472.7938082171 89.52
13668.7601067018 88.83
13867.5768006344 88.23
14069.2853499715 87.78
14273.9278177184 87.43
14481.5468787012 87.25
14692.1858284653 87.24
14905.8885923047 87.37
15122.6997344212 87.62
15342.6644672179 87.98
15565.8286607277 88.45
15792.2388521781 88.98
16021.9422556964 89.46
16254.9867721551 89.79
16491.4209991611 89.81
16731.2942411897 89.48
16974.656519866 88.84
17221.5585843969 87.98
17472.0519221531 87.07
17726.1887694067 86.46
17984.0221222235 86.46
18245.605747515 86.86
18510.9941942506 87.11
18780.2428048326 86.93
19053.4077266369 86.31
19330.545923722 85.24
19611.7151887077 83.80
19896.9741548268 82.46
20186.382308152 82.06
