20 102.50
20.2909066988 102.50
20.5860447329 102.50
20.8854756485 102.51
21.1892618872 102.52
21.4974667984 102.53
21.8101546533 102.54
22.1273906578 102.55
22.4492409662 102.56
22.7757726951 102.58
23.1070539374 102.59
23.4431537764 102.60
23.7841423001 102.61
24.130090616 102.62
24.4810708661 102.62
24.8371562415 102.63
25.1984209979 102.63
25.5649404712 102.64
25.936791093 102.64
26.3140504067 102.64
26.6967970834 102.65
27.0851109387 102.65
27.4790729492 102.65
27.878765269 102.65
28.2842712475 102.65
28.6956754462 102.65
29.1130636568 102.65
29.5365229188 102.65
29.9661415375 102.65
30.402009103 102.65
30.8442165082 102.65
31.2928559682 102.64
31.7480210394 102.64
32.209806639 102.63
32.6783090648 102.62
33.1536260154 102.62
33.6358566101 102.61
34.1251014105 102.61
34.6214624402 102.60
35.1250432075 102.59
35.6359487256 102.58
36.1542855356 102.58
36.6801617282 102.57
37.2136869661 102.56
37.7549725073 102.54
38.3041312279 102.53
38.8612776461 102.52
39.4265279456 102.51
40 102.50
40.5818133975 102.48
41.1720894657 102.47
41.7709512971 102.45
42.3785237744 102.43
42.9949335968 102.42
43.6203093066 102.41
44.2547813156 102.39
44.8984819324 102.37
45.5515453903 102.34
46.2141078749 102.31
46.8863075528 102.32
47.5682846001 102.32
48.260181232 102.27
48.9621417322 102.18
49.6743124829 102.05
50.3968419958 102.03
51.1298809424 102.12
51.873582186 102.15
52.6281008133 102.14
53.3935941668 102.12
54.1702218775 102.07
54.9581458983 102.05
55.757530538 102.03
56.5685424949 102.00
57.3913508924 101.97
58.2261273137 101.94
59.0730458376 101.91
59.9322830751 101.88
60.804018206 101.85
61.6884330163 101.82
62.5857119363 101.78
63.4960420787 101.75
64.419613278 101.72
65.3566181296 101.68
66.3072520307 101.65
67.2717132203 101.61
68.2502028209 101.57
69.2429248805 101.53
70.2500864149 101.50
71.2718974512 101.46
72.3085710713 101.42
73.3603234564 101.38
74.4273739322 101.33
75.5099450145 101.29
76.6082624559 101.25
77.7225552923 101.20
78.8530558912 101.16
80 101.12
81.163626795 101.07
82.3441789315 101.02
83.5419025942 100.97
84.7570475487 100.93
85.9898671937 100.88
87.2406186132 100.83
88.5095626311 100.78
89.7969638648 100.72
91.1030907805 100.67
92.4282157498 100.62
93.7726151055 100.57
95.1365692002 100.51
96.520362464 100.46
97.9242834644 100.40
99.3486249659 100.34
100.7936839916 100.29
102.2597618848 100.23
103.7471643721 100.17
105.2562016267 100.11
106.7871883336 100.05
108.340443755 99.99
109.9162917966 99.92
111.5150610759 99.86
113.1370849898 99.80
114.7827017849 99.73
116.4522546274 99.67
118.1460916752 99.60
119.8645661501 99.53
121.6080364119 99.47
123.3768660326 99.40
125.1714238726 99.33
126.9920841575 99.26
128.8392265559 99.19
130.7132362593 99.12
132.6145040614 99.05
134.5434264406 98.97
136.5004056418 98.90
138.485849761 98.83
140.5001728299 98.75
142.5437949025 98.69
144.6171421426 98.62
146.7206469127 98.50
148.8547478643 98.36
151.0198900291 98.27
153.2165249118 98.23
155.4451105846 98.19
157.7061117824 98.12
160 98.06
162.32725359 97.98
164.688357863 97.90
167.0838051884 97.81
169.5140950975 97.73
171.9797343873 97.65
174.4812372264 97.57
177.0191252622 97.48
179.5939277295 97.40
182.2061815611 97.32
184.8564314996 97.23
187.5452302111 97.15
190.2731384004 97.06
193.0407249281 96.98
195.8485669287 96.89
198.6972499318 96.81
201.5873679832 96.72
204.5195237697 96.63
207.4943287442 96.54
210.5124032534 96.45
213.5743766672 96.37
216.6808875099 96.28
219.8325835933 96.19
223.0301221518 96.10
226.2741699797 96.01
229.5654035698 95.92
232.9045092548 95.84
236.2921833503 95.75
239.7291323003 95.66
243.2160728239 95.58
246.7537320653 95.65
250.3428477452 95.69
253.9841683149 95.46
257.6784531119 95.22
261.4264725186 95.12
265.2290081229 95.03
269.0868528812 94.95
273.0008112836 94.86
276.971699522 94.77
281.0003456597 94.68
285.0875898049 94.60
289.2342842852 94.51
293.4412938255 94.42
297.7094957287 94.34
302.0397800581 94.25
306.4330498235 94.16
310.8902211692 94.08
315.4122235649 93.99
320 93.91
324.65450718 93.83
329.3767157259 93.74
334.1676103768 93.66
339.028190195 93.58
343.9594687746 93.49
348.9624744529 93.41
354.0382505244 93.34
359.187855459 93.26
364.4123631221 93.19
369.7128629991 93.11
375.0904604222 93.04
380.5462768009 92.97
386.0814498562 92.89
391.6971338575 92.83
397.3944998635 92.76
403.1747359664 92.69
409.0390475393 92.62
414.9886574883 92.56
421.0248065068 92.49
427.1487533344 92.43
433.3617750198 92.37
439.6651671866 92.25
446.0602443037 92.05
452.5483399594 91.97
459.1308071395 92.08
465.8090185095 92.10
472.5843667007 92.06
479.4582646005 92.02
486.4321456477 91.98
493.5074641306 91.94
500.6856954905 91.91
507.9683366298 91.89
515.3569062238 91.87
522.8529450372 91.86
530.4580162458 91.85
538.1737057624 91.85
546.0016225673 91.84
553.9433990439 91.89
562.0006913195 91.93
570.1751796098 91.99
578.4685685703 92.05
586.882587651 92.15
595.4189914574 92.25
604.0795601163 92.37
612.8660996471 92.51
621.7804423383 92.65
630.8244471297 92.77
640 92.82
649.30901436 92.86
658.7534314519 92.97
668.3352207536 93.09
678.05638039 93.13
687.9189375493 93.15
697.9249489058 93.17
708.0765010489 93.18
718.375710918 93.20
728.8247262443 93.22
739.4257259983 93.25
750.1809208443 93.27
761.0925536018 93.34
772.1628997124 93.40
783.394267715 93.48
794.7889997271 93.56
806.3494719327 93.64
818.0780950787 93.74
829.9773149767 93.82
842.0496130136 93.90
854.2975066688 94.00
866.7235500396 94.18
879.3303343732 94.34
892.1204886074 94.49
905.0966799188 94.64
918.2616142791 94.81
931.618037019 94.99
945.1687334013 95.18
958.9165292011 95.36
972.8642912955 95.53
987.0149282611 95.73
1001.371390981 95.93
1015.9366732597 96.14
1030.7138124476 96.36
1045.7058900743 96.58
1060.9160324916 96.80
1076.3474115248 97.02
1092.0032451345 97.25
1107.8867980879 97.48
1124.0013826389 97.72
1140.3503592197 97.97
1156.9371371406 98.20
1173.765175302 98.42
1190.8379829148 98.65
1208.1591202326 98.88
1225.7321992942 99.12
1243.5608846767 99.38
1261.6488942595 99.59
1280 99.77
1298.6180287201 99.98
1317.5068629037 100.20
1336.6704415071 100.40
1356.1127607799 100.60
1375.8378750985 100.79
1395.8498978116 100.98
1416.1530020977 101.15
1436.751421836 101.32
1457.6494524886 101.49
1478.8514519966 101.63
1500.3618416887 101.77
1522.1851072035 101.90
1544.3257994247 102.03
1566.78853543 102.13
1589.5779994541 102.22
1612.6989438655 102.31
1636.1561901574 102.39
1659.9546299533 102.46
1684.0992260271 102.52
1708.5950133377 102.58
1733.4471000793 102.63
1758.6606687464 102.67
1784.2409772148 102.68
1810.1933598376 102.70
1836.5232285581 102.72
1863.2360740381 102.73
1890.3374668026 102.73
1917.8330584022 102.73
1945.7285825909 102.73
1974.0298565222 102.72
2002.742781962 102.71
2031.8733465194 102.70
2061.4276248951 102.69
2091.4117801487 102.67
2121.8320649832 102.65
2152.6948230496 102.63
2184.0064902691 102.62
2215.7735961758 102.60
2248.0027652779 102.58
2280.7007184393 102.56
2313.8742742813 102.54
2347.530350604 102.52
2381.6759658296 102.50
2416.3182404652 102.48
2451.4643985884 102.46
2487.1217693533 102.44
2523.297788519 102.43
2560.0000000001 102.41
2597.2360574402 102.39
2635.0137258074 102.36
2673.3408830143 102.34
2712.2255215599 102.33
2751.6757501971 102.30
2791.6997956232 102.28
2832.3060041955 102.26
2873.5028436721 102.23
2915.2989049772 102.21
2957.7029039931 102.18
3000.7236833774 102.15
3044.3702144071 102.12
3088.6515988494 102.08
3133.57707086 102.05
3179.1559989082 102.02
3225.397887731 101.99
3272.3123803148 101.95
3319.9092599067 101.92
3368.1984520542 101.88
3417.1900266754 101.85
3466.8942001586 101.81
3517.3213374928 101.77
3568.4819544296 101.72
3620.3867196753 101.68
3673.0464571163 101.63
3726.4721480761 101.57
3780.6749336053 101.51
3835.6661168044 101.44
3891.4571651819 101.36
3948.0597130445 101.27
4005.4855639241 101.17
4063.7466930387 101.05
4122.8552497902 100.93
4182.8235602974 100.76
4243.6641299665 100.59
4305.3896460992 100.38
4368.0129805382 100.16
4431.5471923516 99.89
4496.0055305558 99.62
4561.4014368787 99.30
4627.7485485626 98.98
4695.0607012081 98.61
4763.3519316592 98.24
4832.6364809305 97.83
4902.9287971769 97.41
4974.2435387067 96.97
5046.595577038 96.49
5120.0000000002 95.97
5194.4721148803 95.43
5270.0274516149 94.87
5346.6817660286 94.31
5424.4510431198 93.75
5503.3515003942 93.20
5583.3995912463 92.67
5664.6120083911 92.16
5747.0056873442 91.65
5830.5978099545 91.16
5915.4058079863 90.73
6001.4473667548 90.29
6088.7404288142 89.97
6177.3031976989 89.68
6267.1541417201 89.49
6358.3119978165 89.39
6450.795775462 89.34
6544.6247606297 89.37
6639.8185198134 89.48
6736.3969041085 89.67
6834.3800533509 89.98
6933.7884003172 90.36
7034.6426749857 90.88
7136.9639088592 91.48
7240.7734393506 92.25
7346.0929142326 93.10
7452.9442961523 94.05
7561.3498672106 95.10
7671.3322336089 96.23
7782.9143303638 97.34
7896.119426089 98.38
8010.9711278481 99.40
8127.4933860775 100.08
8245.7104995805 100.77
8365.6471205948 100.99
8487.328259933 101.20
8610.7792921984 101.21
8736.0259610765 101.19
8863.0943847033 101.13
8992.0110611117 101.05
9122.8028737575 100.91
9255.4970971253 100.76
9390.1214024162 100.45
9526.7038633184 100.10
9665.272961861 99.58
9805.8575943538 98.99
9948.4870774134 98.28
10093.191154076 97.50
10240.0000000005 96.66
10388.9442297607 95.79
10540.0549032298 94.88
10693.3635320572 94.02
10848.9020862397 93.18
11006.7030007884 92.41
11166.7991824927 91.67
11329.2240167822 91.06
11494.0113746885 90.49
11661.1956199091 90.15
11830.8116159726 89.84
12002.8947335097 89.62
12177.4808576284 89.39
12354.6063953979 88.82
12534.3082834402 88.24
12716.6239956331 87.85
12901.5915509241 87.86
13089.2495212594 88.22
13279.637039627 88.82
13472.7938082171 89.78
13668.7601067018 90.90
13867.5768006344 92.31
14069.2853499715 93.55
14273.9278177184 94.44
14481.5468787012 95.33
14692.1858284653 94.66
14905.8885923047 93.82
15122.6997344212 92.86
15342.6644672179 91.80
15565.8286607277 90.93
15792.2388521781 90.57
16021.9422556964 90.26
16254.9867721551 90.49
16491.4209991611 90.72
16731.2942411897 91.10
16974.656519866 91.49
17221.5585843969 91.84
17472.0519221531 92.18
17726.1887694067 92.53
17984.0221222235 92.88
18245.605747515 91.36
18510.9941942506 89.68
18780.2428048326 87.84
19053.4077266369 85.94
19330.545923722 83.89
19611.7151887077 82.64
19896.9741548268 82.64
20186.382308152 82.64
