20.000000	87.293
20.290907	87.374
20.586045	87.443
20.885476	87.494
21.189262	87.524
21.497467	87.535
21.810155	87.537
22.127391	87.540
22.449241	87.549
22.775773	87.571
23.107054	87.596
23.443154	87.616
23.784142	87.620
24.130091	87.613
24.481071	87.603
24.837156	87.603
25.198421	87.623
25.564940	87.656
25.936791	87.691
26.314050	87.717
26.696797	87.724
27.085111	87.720
27.479073	87.713
27.878765	87.712
28.284271	87.724
28.695675	87.746
29.113064	87.777
29.536523	87.815
29.966142	87.862
30.402009	87.920
30.844217	87.987
31.292856	88.050
31.748021	88.092
32.209807	88.110
32.678309	88.109
33.153626	88.101
33.635857	88.095
34.125101	88.088
34.621462	88.076
35.125043	88.075
35.635949	88.101
36.154286	88.152
36.680162	88.202
37.213687	88.240
37.754973	88.276
38.304131	88.313
38.861278	88.324
39.426528	88.295
40.000000	88.241
40.581813	88.216
41.172089	88.225
41.770951	88.220
42.378524	88.181
42.994934	88.152
43.620309	88.161
44.254781	88.183
44.898482	88.179
45.551545	88.150
46.214108	88.129
46.886308	88.127
47.568285	88.116
48.260181	88.072
48.962142	88.008
49.674312	87.951
50.396842	87.911
51.129881	87.882
51.873582	87.858
52.628101	87.830
53.393594	87.796
54.170222	87.763
54.958146	87.743
55.757531	87.738
56.568542	87.741
57.391351	87.745
58.226127	87.750
59.073046	87.756
59.932283	87.762
60.804018	87.776
61.688433	87.800
62.585712	87.834
63.496042	87.876
64.419613	87.923
65.356618	87.975
66.307252	88.031
67.271713	88.084
68.250203	88.135
69.242925	88.186
70.250086	88.241
71.271897	88.295
72.308571	88.345
73.360323	88.388
74.427374	88.422
75.509945	88.445
76.608262	88.455
77.722555	88.454
78.853056	88.447
80.000000	88.438
81.163627	88.433
82.344179	88.437
83.541903	88.448
84.757048	88.469
85.989867	88.495
87.240619	88.526
88.509563	88.554
89.796964	88.581
91.103091	88.605
92.428216	88.629
93.772615	88.653
95.136569	88.676
96.520362	88.698
97.924283	88.720
99.348625	88.741
100.793684	88.763
102.259762	88.787
103.747164	88.813
105.256202	88.838
106.787188	88.863
108.340444	88.886
109.916292	88.909
111.515061	88.929
113.137085	88.947
114.782702	88.961
116.452255	88.969
118.146092	88.973
119.864566	88.969
121.608036	88.963
123.376866	88.951
125.171424	88.935
126.992084	88.912
128.839227	88.881
130.713236	88.846
132.614504	88.807
134.543426	88.766
136.500406	88.722
138.485850	88.677
140.500173	88.632
142.543795	88.589
144.617142	88.547
146.720647	88.510
148.854748	88.476
151.019890	88.444
153.216525	88.411
155.445111	88.374
157.706112	88.331
160.000000	88.283
162.327254	88.231
164.688358	88.172
167.083805	88.106
169.514095	88.033
171.979734	87.953
174.481237	87.865
177.019125	87.771
179.593928	87.672
182.206182	87.568
184.856431	87.461
187.545230	87.349
190.273138	87.228
193.040725	87.097
195.848567	86.956
198.697250	86.802
201.587368	86.634
204.519524	86.451
207.494329	86.251
210.512403	86.031
213.574377	85.792
216.680888	85.544
219.832584	85.297
223.030122	85.050
226.274170	84.786
229.565404	84.498
232.904509	84.185
236.292183	83.853
239.729132	83.504
243.216073	83.134
246.753732	82.739
250.342848	82.324
253.984168	81.894
257.678453	81.452
261.426473	80.999
265.229008	80.529
269.086853	80.043
273.000811	79.557
276.971700	79.087
281.000346	78.646
285.087590	78.225
289.234284	77.800
293.441294	77.330
297.709496	76.795
302.039780	76.189
306.433050	75.510
310.890221	74.774
315.412224	73.999
320.000000	73.203
324.654507	72.414
329.376716	71.669
334.167610	71.017
339.028190	70.510
343.959469	70.187
348.962474	70.066
354.038251	70.136
359.187855	70.362
364.412363	70.699
369.712863	71.108
375.090460	71.556
380.546277	72.018
386.081450	72.476
391.697134	72.915
397.394500	73.342
403.174736	73.744
409.039048	74.122
414.988657	74.469
421.024807	74.780
427.148753	75.061
433.361775	75.312
439.665167	75.540
446.060244	75.749
452.548340	75.944
459.130807	76.139
465.809019	76.342
472.584367	76.552
479.458265	76.760
486.432146	76.960
493.507464	77.141
500.685695	77.303
507.968337	77.447
515.356906	77.577
522.852945	77.696
530.458016	77.808
538.173706	77.920
546.001623	78.028
553.943399	78.110
562.000691	78.153
570.175180	78.171
578.468569	78.179
586.882588	78.191
595.418991	78.204
604.079560	78.217
612.866100	78.224
621.780442	78.223
630.824447	78.223
640.000000	78.229
649.309014	78.245
658.753431	78.267
668.335221	78.293
678.056380	78.321
687.918938	78.347
697.924949	78.368
708.076501	78.382
718.375711	78.388
728.824726	78.389
739.425726	78.386
750.180921	78.380
761.092554	78.374
772.162900	78.374
783.394268	78.381
794.789000	78.392
806.349472	78.407
818.078095	78.428
829.977315	78.453
842.049613	78.478
854.297507	78.496
866.723550	78.500
879.330334	78.491
892.120489	78.463
905.096680	78.421
918.261614	78.364
931.618037	78.295
945.168733	78.216
958.916529	78.126
972.864291	78.025
987.014928	77.913
1001.371391	77.788
1015.936673	77.650
1030.713812	77.502
1045.705890	77.346
1060.916032	77.180
1076.347412	76.993
1092.003245	76.763
1107.886798	76.477
1124.001383	76.137
1140.350359	75.799
1156.937137	75.674
1173.765175	75.765
1190.837983	76.224
1208.159120	76.728
1225.732199	77.108
1243.560885	77.359
1261.648894	77.459
1280.000000	77.492
1298.618029	77.494
1317.506863	77.497
1336.670442	77.510
1356.112761	77.523
1375.837875	77.534
1395.849898	77.543
1416.153002	77.552
1436.751422	77.562
1457.649452	77.579
1478.851452	77.602
1500.361842	77.630
1522.185107	77.659
1544.325799	77.687
1566.788535	77.713
1589.577999	77.738
1612.698944	77.767
1636.156190	77.801
1659.954630	77.841
1684.099226	77.884
1708.595013	77.932
1733.447100	77.980
1758.660669	78.031
1784.240977	78.087
1810.193360	78.149
1836.523229	78.218
1863.236074	78.294
1890.337467	78.375
1917.833058	78.462
1945.728583	78.557
1974.029857	78.661
2002.742782	78.774
2031.873347	78.891
2061.427625	79.010
2091.411780	79.129
2121.832065	79.250
2152.694823	79.376
2184.006490	79.506
2215.773596	79.643
2248.002765	79.792
2280.700718	79.976
2313.874274	80.206
2347.530351	80.464
2381.675966	80.711
2416.318240	80.940
2451.464399	81.151
2487.121769	81.355
2523.297789	81.558
2560.000000	81.761
2597.236057	81.961
2635.013726	82.155
2673.340883	82.334
2712.225522	82.496
2751.675750	82.633
2791.699796	82.747
2832.306004	82.830
2873.502844	82.886
2915.298905	82.914
2957.702904	82.915
3000.723683	82.889
3044.370214	82.841
3088.651599	82.775
3133.577071	82.700
3179.155999	82.621
3225.397888	82.547
3272.312380	82.489
3319.909260	82.469
3368.198452	82.516
3417.190027	82.676
3466.894200	82.986
3517.321337	83.442
3568.481954	83.962
3620.386720	84.417
3673.046457	84.703
3726.472148	84.793
3780.674934	84.715
3835.666117	84.554
3891.457165	84.319
3948.059713	84.051
4005.485564	83.733
4063.746693	83.374
4122.855250	82.992
4182.823560	82.638
4243.664130	82.372
4305.389646	82.189
4368.012981	82.010
4431.547192	81.743
4496.005531	81.400
4561.401437	81.024
4627.748549	80.656
4695.060701	80.313
4763.351932	79.993
4832.636481	79.700
4902.928797	79.440
4974.243539	79.208
5046.595577	79.021
5120.000000	78.884
5194.472115	78.819
5270.027452	78.844
5346.681766	78.972
5424.451043	79.218
5503.351500	79.603
5583.399591	80.120
5664.612008	80.711
5747.005687	81.260
5830.597810	81.662
5915.405808	81.815
6001.447367	81.657
6088.740429	81.211
6177.303198	80.658
6267.154142	80.169
6358.311998	79.862
6450.795775	79.737
6544.624761	79.748
6639.818520	79.793
6736.396904	79.756
6834.380053	79.543
6933.788400	79.106
7034.642675	78.447
7136.963909	77.609
7240.773439	76.645
7346.092914	75.601
7452.944296	74.514
7561.349867	73.458
7671.332234	72.636
7782.914330	72.394
7896.119426	73.177
8010.971128	75.100
8127.493386	77.316
8245.710500	79.088
8365.647121	80.002
8487.328260	80.116
8610.779292	79.592
8736.025961	78.797
8863.094385	78.085
8992.011061	77.633
9122.802874	77.633
9255.497097	78.293
9390.121402	79.507
9526.703863	80.773
9665.272962	81.679
9805.857594	82.108
9948.487077	82.102
10093.191154	81.802
10240.000000	81.447
10388.944230	81.208
10540.054903	81.178
10693.363532	81.257
10848.902086	81.280
11006.703001	81.064
11166.799182	80.544
11329.224017	79.686
11494.011375	78.649
11661.195620	77.563
11830.811616	76.556
12002.894734	75.670
12177.480858	74.773
12354.606395	73.810
12534.308283	72.802
12716.623996	71.660
12901.591551	69.973
13089.249521	67.932
13279.637040	66.063
13472.793808	65.824
13668.760107	68.253
13867.576801	71.949
14069.285350	75.084
14273.927818	77.387
14481.546879	78.456
14692.185828	78.450
14905.888592	78.070
15122.699734	77.822
15342.664467	78.087
15565.828661	78.954
15792.238852	80.143
16021.942256	81.108
16254.986772	81.308
16491.420999	80.429
16731.294241	78.576
16974.656520	76.190
17221.558584	74.040
17472.051922	72.737
17726.188769	72.144
17984.022122	71.925
18245.605748	71.880
18510.994194	71.628
18780.242805	70.640
19053.407727	68.609
19330.545924	65.541
19611.715189	61.824
19896.974155	59.951
20186.382308	59.951
