20.000000	85.912
20.290907	85.988
20.586045	86.004
20.885476	85.983
21.189262	85.952
21.497467	85.943
21.810155	85.960
22.127391	86.038
22.449241	86.147
22.775773	86.282
23.107054	86.412
23.443154	86.518
23.784142	86.594
24.130091	86.652
24.481071	86.699
24.837156	86.746
25.198421	86.796
25.564940	86.849
25.936791	86.901
26.314050	86.956
26.696797	87.012
27.085111	87.067
27.479073	87.120
27.878765	87.170
28.284271	87.216
28.695675	87.261
29.113064	87.304
29.536523	87.345
29.966142	87.385
30.402009	87.430
30.844217	87.482
31.292856	87.538
31.748021	87.589
32.209807	87.628
32.678309	87.656
33.153626	87.678
33.635857	87.705
34.125101	87.741
34.621462	87.783
35.125043	87.824
35.635949	87.860
36.154286	87.892
36.680162	87.924
37.213687	87.960
37.754973	87.997
38.304131	88.034
38.861278	88.068
39.426528	88.102
40.000000	88.133
40.581813	88.160
41.172089	88.182
41.770951	88.204
42.378524	88.227
42.994934	88.249
43.620309	88.266
44.254781	88.275
44.898482	88.282
45.551545	88.286
46.214108	88.290
46.886308	88.295
47.568285	88.303
48.260181	88.312
48.962142	88.315
49.674312	88.310
50.396842	88.301
51.129881	88.291
51.873582	88.278
52.628101	88.262
53.393594	88.244
54.170222	88.227
54.958146	88.208
55.757531	88.188
56.568542	88.160
57.391351	88.141
58.226127	88.141
59.073046	88.151
59.932283	88.115
60.804018	88.054
61.688433	88.001
62.585712	87.952
63.496042	87.913
64.419613	87.884
65.356618	87.857
66.307252	87.828
67.271713	87.799
68.250203	87.763
69.242925	87.730
70.250086	87.698
71.271897	87.675
72.308571	87.664
73.360323	87.653
74.427374	87.649
75.509945	87.648
76.608262	87.647
77.722555	87.648
78.853056	87.648
80.000000	87.649
81.163627	87.651
82.344179	87.656
83.541903	87.672
84.757048	87.696
85.989867	87.723
87.240619	87.756
88.509563	87.793
89.796964	87.843
91.103091	87.901
92.428216	87.961
93.772615	88.033
95.136569	88.120
96.520362	88.213
97.924283	88.311
99.348625	88.415
100.793684	88.519
102.259762	88.617
103.747164	88.711
105.256202	88.802
106.787188	88.889
108.340444	88.964
109.916292	89.020
111.515061	89.055
113.137085	89.064
114.782702	89.049
116.452255	88.993
118.146092	88.912
119.864566	88.779
121.608036	88.618
123.376866	88.407
125.171424	88.174
126.992084	87.936
128.839227	87.725
130.713236	87.538
132.614504	87.385
134.543426	87.272
136.500406	87.176
138.485850	87.081
140.500173	86.976
142.543795	86.853
144.617142	86.706
146.720647	86.529
148.854748	86.327
151.019890	86.103
153.216525	85.863
155.445111	85.609
157.706112	85.341
160.000000	85.062
162.327254	84.775
164.688358	84.476
167.083805	84.170
169.514095	83.860
171.979734	83.544
174.481237	83.217
177.019125	82.879
179.593928	82.529
182.206182	82.166
184.856431	81.789
187.545230	81.394
190.273138	80.981
193.040725	80.555
195.848567	80.122
198.697250	79.699
201.587368	79.304
204.519524	78.935
207.494329	78.579
210.512403	78.213
213.574377	77.830
216.680888	77.440
219.832584	77.046
223.030122	76.654
226.274170	76.269
229.565404	75.904
232.904509	75.561
236.292183	75.244
239.729132	74.954
243.216073	74.701
246.753732	74.498
250.342848	74.343
253.984168	74.236
257.678453	74.190
261.426473	74.194
265.229008	74.247
269.086853	74.350
273.000811	74.516
276.971700	74.711
281.000346	74.904
285.087590	75.090
289.234284	75.283
293.441294	75.484
297.709496	75.670
302.039780	75.836
306.433050	75.990
310.890221	76.150
315.412224	76.324
320.000000	76.502
324.654507	76.664
329.376716	76.811
334.167610	76.947
339.028190	77.070
343.959469	77.185
348.962474	77.297
354.038251	77.403
359.187855	77.503
364.412363	77.590
369.712863	77.667
375.090460	77.739
380.546277	77.802
386.081450	77.861
391.697134	77.918
397.394500	77.971
403.174736	78.013
409.039048	78.044
414.988657	78.073
421.024807	78.107
427.148753	78.144
433.361775	78.187
439.665167	78.251
446.060244	78.338
452.548340	78.450
459.130807	78.570
465.809019	78.668
472.584367	78.720
479.458265	78.737
486.432146	78.737
493.507464	78.736
500.685695	78.738
507.968337	78.749
515.356906	78.769
522.852945	78.785
530.458016	78.807
538.173706	78.835
546.001623	78.853
553.943399	78.861
562.000691	78.860
570.175180	78.853
578.468569	78.853
586.882588	78.864
595.418991	78.881
604.079560	78.899
612.866100	78.921
621.780442	78.950
630.824447	78.982
640.000000	79.010
649.309014	79.036
658.753431	79.066
668.335221	79.098
678.056380	79.130
687.918938	79.161
697.924949	79.190
708.076501	79.219
718.375711	79.242
728.824726	79.258
739.425726	79.270
750.180921	79.288
761.092554	79.305
772.162900	79.318
783.394268	79.330
794.789000	79.340
806.349472	79.349
818.078095	79.360
829.977315	79.377
842.049613	79.396
854.297507	79.414
866.723550	79.432
879.330334	79.460
892.120489	79.503
905.096680	79.550
918.261614	79.593
931.618037	79.631
945.168733	79.669
958.916529	79.705
972.864291	79.744
987.014928	79.796
1001.371391	79.857
1015.936673	79.915
1030.713812	79.967
1045.705890	80.013
1060.916032	80.052
1076.347412	80.085
1092.003245	80.121
1107.886798	80.152
1124.001383	80.166
1140.350359	80.165
1156.937137	80.153
1173.765175	80.147
1190.837983	80.237
1208.159120	80.368
1225.732199	80.533
1243.560885	80.677
1261.648894	80.786
1280.000000	80.882
1298.618029	80.968
1317.506863	81.054
1336.670442	81.142
1356.112761	81.227
1375.837875	81.312
1395.849898	81.398
1416.153002	81.482
1436.751422	81.568
1457.649452	81.657
1478.851452	81.750
1500.361842	81.844
1522.185107	81.939
1544.325799	82.037
1566.788535	82.141
1589.577999	82.254
1612.698944	82.377
1636.156190	82.505
1659.954630	82.635
1684.099226	82.769
1708.595013	82.917
1733.447100	83.083
1758.660669	83.263
1784.240977	83.450
1810.193360	83.631
1836.523229	83.793
1863.236074	83.951
1890.337467	84.135
1917.833058	84.345
1945.728583	84.551
1974.029857	84.749
2002.742782	84.969
2031.873347	85.204
2061.427625	85.439
2091.411780	85.669
2121.832065	85.895
2152.694823	86.113
2184.006490	86.328
2215.773596	86.539
2248.002765	86.754
2280.700718	86.984
2313.874274	87.242
2347.530351	87.538
2381.675966	87.856
2416.318240	88.156
2451.464399	88.387
2487.121769	88.561
2523.297789	88.680
2560.000000	88.763
2597.236057	88.807
2635.013726	88.822
2673.340883	88.829
2712.225522	88.833
2751.675750	88.811
2791.699796	88.751
2832.306004	88.647
2873.502844	88.509
2915.298905	88.336
2957.702904	88.126
3000.723683	87.881
3044.370214	87.607
3088.651599	87.324
3133.577071	87.067
3179.155999	86.885
3225.397888	86.784
3272.312380	86.738
3319.909260	86.690
3368.198452	86.597
3417.190027	86.470
3466.894200	86.379
3517.321337	86.365
3568.481954	86.369
3620.386720	86.303
3673.046457	86.134
3726.472148	85.903
3780.674934	85.678
3835.666117	85.472
3891.457165	85.269
3948.059713	85.058
4005.485564	84.878
4063.746693	84.740
4122.855250	84.622
4182.823560	84.514
4243.664130	84.444
4305.389646	84.400
4368.012981	84.386
4431.547192	84.401
4496.005531	84.444
4561.401437	84.570
4627.748549	84.831
4695.060701	85.251
4763.351932	85.716
4832.636481	86.142
4902.928797	86.499
4974.243539	86.803
5046.595577	87.058
5120.000000	87.284
5194.472115	87.477
5270.027452	87.624
5346.681766	87.726
5424.451043	87.797
5503.351500	87.861
5583.399591	87.930
5664.612008	88.014
5747.005687	88.099
5830.597810	88.164
5915.405808	88.175
6001.447367	88.088
6088.740429	87.823
6177.303198	87.358
6267.154142	86.695
6358.311998	85.919
6450.795775	85.248
6544.624761	84.928
6639.818520	85.012
6736.396904	85.278
6834.380053	85.454
6933.788400	85.331
7034.642675	84.807
7136.963909	83.970
7240.773439	83.001
7346.092914	82.074
7452.944296	81.349
7561.349867	81.010
7671.332234	81.064
7782.914330	81.406
7896.119426	81.902
8010.971128	82.487
8127.493386	83.110
8245.710500	83.766
8365.647121	84.128
8487.328260	83.704
8610.779292	82.177
8736.025961	79.656
8863.094385	76.758
8992.011061	74.097
9122.802874	71.818
9255.497097	70.684
9390.121402	72.656
9526.703863	75.522
9665.272962	77.560
9805.857594	78.252
9948.487077	77.633
10093.191154	75.971
10240.000000	73.809
10388.944230	71.640
10540.054903	70.014
10693.363532	68.872
10848.902086	67.995
11006.703001	68.191
11166.799182	69.700
11329.224017	71.627
11494.011375	73.345
11661.195620	75.477
11830.811616	78.296
12002.894734	81.365
12177.480858	83.747
12354.606395	84.926
12534.308283	85.301
12716.623996	84.625
12901.591551	83.169
13089.249521	81.441
13279.637040	79.739
13472.793808	78.237
13668.760107	77.331
13867.576801	77.376
14069.285350	77.838
14273.927818	78.026
14481.546879	77.099
14692.185828	76.159
14905.888592	76.482
15122.699734	77.579
15342.664467	78.894
15565.828661	80.209
15792.238852	81.551
16021.942256	82.649
16254.986772	82.949
16491.420999	82.282
16731.294241	80.887
16974.656520	78.752
17221.558584	76.357
17472.051922	74.607
17726.188769	73.750
17984.022122	73.134
18245.605748	72.036
18510.994194	69.908
18780.242805	66.579
19053.407727	62.205
19330.545924	57.093
19611.715189	51.739
19896.974155	49.169
20186.382308	49.169
