20.000000	78.615
20.290907	78.628
20.586045	78.623
20.885476	78.605
21.189262	78.577
21.497467	78.538
21.810155	78.493
22.127391	78.444
22.449241	78.396
22.775773	78.362
23.107054	78.351
23.443154	78.365
23.784142	78.400
24.130091	78.443
24.481071	78.480
24.837156	78.505
25.198421	78.513
25.564940	78.520
25.936791	78.531
26.314050	78.550
26.696797	78.568
27.085111	78.575
27.479073	78.560
27.878765	78.532
28.284271	78.502
28.695675	78.480
29.113064	78.467
29.536523	78.460
29.966142	78.446
30.402009	78.423
30.844217	78.398
31.292856	78.380
31.748021	78.372
32.209807	78.367
32.678309	78.356
33.153626	78.336
33.635857	78.312
34.125101	78.297
34.621462	78.302
35.125043	78.324
35.635949	78.349
36.154286	78.365
36.680162	78.375
37.213687	78.393
37.754973	78.423
38.304131	78.455
38.861278	78.470
39.426528	78.470
40.000000	78.478
40.581813	78.512
41.172089	78.556
41.770951	78.580
42.378524	78.574
42.994934	78.564
43.620309	78.566
44.254781	78.584
44.898482	78.616
45.551545	78.661
46.214108	78.718
46.886308	78.780
47.568285	78.843
48.260181	78.891
48.962142	78.906
49.674312	78.903
50.396842	78.910
51.129881	78.935
51.873582	78.977
52.628101	79.026
53.393594	79.076
54.170222	79.117
54.958146	79.141
55.757531	79.151
56.568542	79.159
57.391351	79.178
58.226127	79.213
59.073046	79.257
59.932283	79.284
60.804018	79.291
61.688433	79.293
62.585712	79.295
63.496042	79.299
64.419613	79.308
65.356618	79.322
66.307252	79.332
67.271713	79.339
68.250203	79.348
69.242925	79.356
70.250086	79.366
71.271897	79.383
72.308571	79.412
73.360323	79.450
74.427374	79.486
75.509945	79.504
76.608262	79.510
77.722555	79.511
78.853056	79.508
80.000000	79.500
81.163627	79.492
82.344179	79.488
83.541903	79.489
84.757048	79.489
85.989867	79.479
87.240619	79.465
88.509563	79.449
89.796964	79.429
91.103091	79.412
92.428216	79.397
93.772615	79.383
95.136569	79.377
96.520362	79.372
97.924283	79.357
99.348625	79.332
100.793684	79.297
102.259762	79.263
103.747164	79.232
105.256202	79.204
106.787188	79.179
108.340444	79.152
109.916292	79.124
111.515061	79.096
113.137085	79.064
114.782702	79.033
116.452255	79.006
118.146092	78.984
119.864566	78.967
121.608036	78.947
123.376866	78.925
125.171424	78.900
126.992084	78.881
128.839227	78.869
130.713236	78.859
132.614504	78.844
134.543426	78.823
136.500406	78.796
138.485850	78.762
140.500173	78.723
142.543795	78.683
144.617142	78.637
146.720647	78.580
148.854748	78.520
151.019890	78.466
153.216525	78.429
155.445111	78.411
157.706112	78.399
160.000000	78.387
162.327254	78.382
164.688358	78.376
167.083805	78.364
169.514095	78.345
171.979734	78.324
174.481237	78.309
177.019125	78.298
179.593928	78.286
182.206182	78.265
184.856431	78.240
187.545230	78.215
190.273138	78.193
193.040725	78.170
195.848567	78.146
198.697250	78.119
201.587368	78.086
204.519524	78.051
207.494329	78.014
210.512403	77.978
213.574377	77.939
216.680888	77.900
219.832584	77.858
223.030122	77.808
226.274170	77.750
229.565404	77.683
232.904509	77.609
236.292183	77.533
239.729132	77.451
243.216073	77.355
246.753732	77.247
250.342848	77.134
253.984168	77.021
257.678453	76.901
261.426473	76.771
265.229008	76.636
269.086853	76.493
273.000811	76.341
276.971700	76.184
281.000346	76.017
285.087590	75.840
289.234284	75.651
293.441294	75.454
297.709496	75.249
302.039780	75.039
306.433050	74.825
310.890221	74.616
315.412224	74.414
320.000000	74.209
324.654507	73.990
329.376716	73.760
334.167610	73.519
339.028190	73.272
343.959469	73.023
348.962474	72.773
354.038251	72.523
359.187855	72.268
364.412363	72.010
369.712863	71.750
375.090460	71.487
380.546277	71.221
386.081450	70.958
391.697134	70.694
397.394500	70.426
403.174736	70.154
409.039048	69.879
414.988657	69.600
421.024807	69.315
427.148753	69.023
433.361775	68.727
439.665167	68.429
446.060244	68.135
452.548340	67.852
459.130807	67.584
465.809019	67.331
472.584367	67.104
479.458265	66.901
486.432146	66.720
493.507464	66.572
500.685695	66.464
507.968337	66.402
515.356906	66.405
522.852945	66.481
530.458016	66.612
538.173706	66.780
546.001623	66.970
553.943399	67.176
562.000691	67.396
570.175180	67.626
578.468569	67.874
586.882588	68.142
595.418991	68.423
604.079560	68.715
612.866100	69.012
621.780442	69.318
630.824447	69.645
640.000000	69.989
649.309014	70.343
658.753431	70.693
668.335221	71.030
678.056380	71.343
687.918938	71.622
697.924949	71.843
708.076501	71.994
718.375711	72.077
728.824726	72.114
739.425726	72.139
750.180921	72.180
761.092554	72.260
772.162900	72.392
783.394268	72.561
794.789000	72.754
806.349472	72.964
818.078095	73.190
829.977315	73.431
842.049613	73.681
854.297507	73.937
866.723550	74.207
879.330334	74.486
892.120489	74.762
905.096680	75.021
918.261614	75.243
931.618037	75.436
945.168733	75.616
958.916529	75.802
972.864291	76.007
987.014928	76.232
1001.371391	76.467
1015.936673	76.697
1030.713812	76.915
1045.705890	77.112
1060.916032	77.291
1076.347412	77.454
1092.003245	77.607
1107.886798	77.757
1124.001383	77.913
1140.350359	78.082
1156.937137	78.275
1173.765175	78.486
1190.837983	78.717
1208.159120	78.952
1225.732199	79.177
1243.560885	79.389
1261.648894	79.573
1280.000000	79.729
1298.618029	79.829
1317.506863	79.925
1336.670442	79.958
1356.112761	79.953
1375.837875	79.915
1395.849898	79.859
1416.153002	79.805
1436.751422	79.760
1457.649452	79.740
1478.851452	79.742
1500.361842	79.767
1522.185107	79.822
1544.325799	79.902
1566.788535	80.006
1589.577999	80.125
1612.698944	80.249
1636.156190	80.364
1659.954630	80.457
1684.099226	80.521
1708.595013	80.552
1733.447100	80.549
1758.660669	80.509
1784.240977	80.436
1810.193360	80.337
1836.523229	80.224
1863.236074	80.105
1890.337467	79.992
1917.833058	79.892
1945.728583	79.808
1974.029857	79.731
2002.742782	79.656
2031.873347	79.589
2061.427625	79.538
2091.411780	79.499
2121.832065	79.462
2152.694823	79.426
2184.006490	79.395
2215.773596	79.393
2248.002765	79.424
2280.700718	79.527
2313.874274	79.711
2347.530351	79.965
2381.675966	80.261
2416.318240	80.569
2451.464399	80.892
2487.121769	81.241
2523.297789	81.639
2560.000000	82.093
2597.236057	82.619
2635.013726	83.221
2673.340883	83.888
2712.225522	84.554
2751.675750	85.137
2791.699796	85.612
2832.306004	85.967
2873.502844	86.232
2915.298905	86.415
2957.702904	86.533
3000.723683	86.608
3044.370214	86.655
3088.651599	86.662
3133.577071	86.633
3179.155999	86.602
3225.397888	86.598
3272.312380	86.603
3319.909260	86.558
3368.198452	86.439
3417.190027	86.298
3466.894200	86.217
3517.321337	86.253
3568.481954	86.384
3620.386720	86.512
3673.046457	86.569
3726.472148	86.547
3780.674934	86.455
3835.666117	86.323
3891.457165	86.125
3948.059713	85.877
4005.485564	85.405
4063.746693	84.629
4122.855250	83.583
4182.823560	82.709
4243.664130	82.524
4305.389646	82.745
4368.012981	82.906
4431.547192	82.585
4496.005531	81.858
4561.401437	81.299
4627.748549	81.410
4695.060701	82.011
4763.351932	82.577
4832.636481	82.950
4902.928797	83.120
4974.243539	83.196
5046.595577	83.256
5120.000000	83.334
5194.472115	83.410
5270.027452	83.440
5346.681766	83.422
5424.451043	83.368
5503.351500	83.258
5583.399591	83.057
5664.612008	82.792
5747.005687	82.532
5830.597810	82.310
5915.405808	82.134
6001.447367	81.983
6088.740429	81.882
6177.303198	81.811
6267.154142	81.698
6358.311998	81.497
6450.795775	81.239
6544.624761	80.942
6639.818520	80.628
6736.396904	80.331
6834.380053	80.072
6933.788400	79.815
7034.642675	79.492
7136.963909	79.115
7240.773439	78.780
7346.092914	78.542
7452.944296	78.476
7561.349867	78.727
7671.332234	79.277
7782.914330	80.075
7896.119426	81.097
8010.971128	82.371
8127.493386	83.780
8245.710500	85.016
8365.647121	85.758
8487.328260	85.897
8610.779292	85.356
8736.025961	84.182
8863.094385	82.460
8992.011061	80.153
9122.802874	77.190
9255.497097	73.866
9390.121402	71.582
9526.703863	72.104
9665.272962	74.585
9805.857594	77.255
9948.487077	79.233
10093.191154	80.242
10240.000000	80.364
10388.944230	79.422
10540.054903	77.229
10693.363532	74.465
10848.902086	72.185
11006.703001	70.671
11166.799182	69.560
11329.224017	69.298
11494.011375	69.989
11661.195620	71.280
11830.811616	72.106
12002.894734	72.033
12177.480858	71.427
12354.606395	70.387
12534.308283	69.323
12716.623996	68.272
12901.591551	67.224
13089.249521	66.166
13279.637040	65.659
13472.793808	66.307
13668.760107	68.311
13867.576801	71.097
14069.285350	73.906
14273.927818	76.625
14481.546879	78.715
14692.185828	79.723
14905.888592	80.073
15122.699734	80.168
15342.664467	80.476
15565.828661	81.368
15792.238852	82.900
16021.942256	84.689
16254.986772	86.213
16491.420999	87.099
16731.294241	87.214
16974.656520	86.639
17221.558584	85.635
17472.051922	84.506
17726.188769	83.441
17984.022122	82.498
18245.605748	81.619
18510.994194	80.647
18780.242805	79.490
19053.407727	78.365
19330.545924	77.656
19611.715189	77.362
19896.974155	77.248
20186.382308	77.225
