20.000000	75.178
20.290907	75.304
20.586045	75.408
20.885476	75.488
21.189262	75.542
21.497467	75.578
21.810155	75.614
22.127391	75.691
22.449241	75.802
22.775773	75.960
23.107054	76.133
23.443154	76.293
23.784142	76.414
24.130091	76.499
24.481071	76.548
24.837156	76.590
25.198421	76.642
25.564940	76.709
25.936791	76.781
26.314050	76.846
26.696797	76.889
27.085111	76.921
27.479073	76.952
27.878765	76.997
28.284271	77.065
28.695675	77.146
29.113064	77.234
29.536523	77.323
29.966142	77.406
30.402009	77.485
30.844217	77.562
31.292856	77.638
31.748021	77.710
32.209807	77.777
32.678309	77.836
33.153626	77.896
33.635857	77.964
34.125101	78.045
34.621462	78.128
35.125043	78.200
35.635949	78.255
36.154286	78.298
36.680162	78.339
37.213687	78.380
37.754973	78.425
38.304131	78.473
38.861278	78.528
39.426528	78.586
40.000000	78.639
40.581813	78.692
41.172089	78.755
41.770951	78.816
42.378524	78.857
42.994934	78.886
43.620309	78.922
44.254781	78.976
44.898482	79.033
45.551545	79.085
46.214108	79.140
46.886308	79.207
47.568285	79.272
48.260181	79.321
48.962142	79.352
49.674312	79.381
50.396842	79.418
51.129881	79.457
51.873582	79.487
52.628101	79.510
53.393594	79.530
54.170222	79.550
54.958146	79.571
55.757531	79.592
56.568542	79.612
57.391351	79.631
58.226127	79.647
59.073046	79.662
59.932283	79.683
60.804018	79.704
61.688433	79.714
62.585712	79.717
63.496042	79.721
64.419613	79.729
65.356618	79.737
66.307252	79.740
67.271713	79.743
68.250203	79.747
69.242925	79.753
70.250086	79.757
71.271897	79.762
72.308571	79.767
73.360323	79.771
74.427374	79.777
75.509945	79.787
76.608262	79.800
77.722555	79.809
78.853056	79.809
80.000000	79.815
81.163627	79.817
82.344179	79.807
83.541903	79.794
84.757048	79.782
85.989867	79.770
87.240619	79.757
88.509563	79.745
89.796964	79.732
91.103091	79.716
92.428216	79.697
93.772615	79.674
95.136569	79.651
96.520362	79.628
97.924283	79.606
99.348625	79.582
100.793684	79.558
102.259762	79.531
103.747164	79.504
105.256202	79.478
106.787188	79.450
108.340444	79.419
109.916292	79.389
111.515061	79.361
113.137085	79.328
114.782702	79.286
116.452255	79.241
118.146092	79.197
119.864566	79.150
121.608036	79.097
123.376866	79.039
125.171424	78.982
126.992084	78.925
128.839227	78.869
130.713236	78.816
132.614504	78.765
134.543426	78.716
136.500406	78.666
138.485850	78.614
140.500173	78.563
142.543795	78.514
144.617142	78.461
146.720647	78.408
148.854748	78.363
151.019890	78.324
153.216525	78.285
155.445111	78.241
157.706112	78.196
160.000000	78.152
162.327254	78.113
164.688358	78.076
167.083805	78.038
169.514095	77.999
171.979734	77.962
174.481237	77.927
177.019125	77.894
179.593928	77.862
182.206182	77.834
184.856431	77.806
187.545230	77.774
190.273138	77.739
193.040725	77.703
195.848567	77.668
198.697250	77.630
201.587368	77.594
204.519524	77.564
207.494329	77.535
210.512403	77.505
213.574377	77.476
216.680888	77.452
219.832584	77.428
223.030122	77.403
226.274170	77.380
229.565404	77.359
232.904509	77.342
236.292183	77.328
239.729132	77.316
243.216073	77.305
246.753732	77.290
250.342848	77.267
253.984168	77.244
257.678453	77.223
261.426473	77.202
265.229008	77.181
269.086853	77.162
273.000811	77.142
276.971700	77.123
281.000346	77.108
285.087590	77.094
289.234284	77.081
293.441294	77.070
297.709496	77.061
302.039780	77.053
306.433050	77.048
310.890221	77.042
315.412224	77.038
320.000000	77.038
324.654507	77.043
329.376716	77.050
334.167610	77.057
339.028190	77.064
343.959469	77.072
348.962474	77.082
354.038251	77.088
359.187855	77.093
364.412363	77.100
369.712863	77.110
375.090460	77.121
380.546277	77.134
386.081450	77.149
391.697134	77.163
397.394500	77.175
403.174736	77.182
409.039048	77.188
414.988657	77.194
421.024807	77.198
427.148753	77.195
433.361775	77.182
439.665167	77.160
446.060244	77.132
452.548340	77.101
459.130807	77.073
465.809019	77.055
472.584367	77.055
479.458265	77.069
486.432146	77.090
493.507464	77.110
500.685695	77.126
507.968337	77.141
515.356906	77.160
522.852945	77.178
530.458016	77.193
538.173706	77.202
546.001623	77.201
553.943399	77.194
562.000691	77.188
570.175180	77.184
578.468569	77.178
586.882588	77.169
595.418991	77.157
604.079560	77.144
612.866100	77.133
621.780442	77.122
630.824447	77.105
640.000000	77.088
649.309014	77.078
658.753431	77.070
668.335221	77.060
678.056380	77.052
687.918938	77.046
697.924949	77.044
708.076501	77.048
718.375711	77.061
728.824726	77.084
739.425726	77.115
750.180921	77.150
761.092554	77.184
772.162900	77.211
783.394268	77.232
794.789000	77.250
806.349472	77.270
818.078095	77.296
829.977315	77.332
842.049613	77.375
854.297507	77.422
866.723550	77.469
879.330334	77.506
892.120489	77.514
905.096680	77.496
918.261614	77.446
931.618037	77.377
945.168733	77.301
958.916529	77.225
972.864291	77.144
987.014928	77.042
1001.371391	76.912
1015.936673	76.775
1030.713812	76.642
1045.705890	76.490
1060.916032	76.314
1076.347412	76.137
1092.003245	75.970
1107.886798	75.808
1124.001383	75.643
1140.350359	75.474
1156.937137	75.308
1173.765175	75.141
1190.837983	74.970
1208.159120	74.799
1225.732199	74.647
1243.560885	74.506
1261.648894	74.360
1280.000000	74.214
1298.618029	74.092
1317.506863	73.973
1336.670442	73.906
1356.112761	73.864
1375.837875	73.828
1395.849898	73.790
1416.153002	73.761
1436.751422	73.747
1457.649452	73.770
1478.851452	73.814
1500.361842	73.858
1522.185107	73.900
1544.325799	73.962
1566.788535	74.046
1589.577999	74.147
1612.698944	74.257
1636.156190	74.381
1659.954630	74.536
1684.099226	74.752
1708.595013	75.045
1733.447100	75.382
1758.660669	75.714
1784.240977	76.033
1810.193360	76.348
1836.523229	76.669
1863.236074	76.998
1890.337467	77.339
1917.833058	77.696
1945.728583	78.071
1974.029857	78.469
2002.742782	78.901
2031.873347	79.351
2061.427625	79.805
2091.411780	80.254
2121.832065	80.695
2152.694823	81.123
2184.006490	81.545
2215.773596	81.934
2248.002765	82.294
2280.700718	82.590
2313.874274	82.825
2347.530351	83.004
2381.675966	83.139
2416.318240	83.249
2451.464399	83.334
2487.121769	83.412
2523.297789	83.489
2560.000000	83.565
2597.236057	83.636
2635.013726	83.700
2673.340883	83.751
2712.225522	83.780
2751.675750	83.766
2791.699796	83.699
2832.306004	83.571
2873.502844	83.403
2915.298905	83.194
2957.702904	82.942
3000.723683	82.646
3044.370214	82.323
3088.651599	81.986
3133.577071	81.655
3179.155999	81.364
3225.397888	81.137
3272.312380	81.002
3319.909260	80.967
3368.198452	81.012
3417.190027	81.086
3466.894200	81.145
3517.321337	81.189
3568.481954	81.252
3620.386720	81.352
3673.046457	81.482
3726.472148	81.619
3780.674934	81.745
3835.666117	81.865
3891.457165	81.972
3948.059713	82.067
4005.485564	82.076
4063.746693	81.976
4122.855250	81.773
4182.823560	81.524
4243.664130	81.289
4305.389646	81.107
4368.012981	80.998
4431.547192	80.989
4496.005531	81.092
4561.401437	81.343
4627.748549	81.702
4695.060701	82.157
4763.351932	82.677
4832.636481	83.246
4902.928797	83.849
4974.243539	84.467
5046.595577	85.086
5120.000000	85.702
5194.472115	86.310
5270.027452	86.911
5346.681766	87.509
5424.451043	88.101
5503.351500	88.654
5583.399591	89.066
5664.612008	89.180
5747.005687	88.948
5830.597810	88.337
5915.405808	87.371
6001.447367	86.145
6088.740429	84.806
6177.303198	83.467
6267.154142	82.153
6358.311998	80.860
6450.795775	79.615
6544.624761	78.523
6639.818520	77.719
6736.396904	77.274
6834.380053	77.156
6933.788400	77.277
7034.642675	77.565
7136.963909	77.995
7240.773439	78.544
7346.092914	79.118
7452.944296	79.541
7561.349867	79.617
7671.332234	79.379
7782.914330	78.968
7896.119426	78.500
8010.971128	77.782
8127.493386	76.465
8245.710500	74.324
8365.647121	71.389
8487.328260	69.387
8610.779292	70.649
8736.025961	73.076
8863.094385	74.695
8992.011061	75.256
9122.802874	74.942
9255.497097	74.124
9390.121402	73.496
9526.703863	73.816
9665.272962	75.117
9805.857594	76.943
9948.487077	78.896
10093.191154	80.698
10240.000000	82.257
10388.944230	83.575
10540.054903	84.679
10693.363532	85.482
10848.902086	85.671
11006.703001	84.964
11166.799182	83.443
11329.224017	81.317
11494.011375	79.031
11661.195620	76.949
11830.811616	75.315
12002.894734	74.535
12177.480858	74.222
12354.606395	73.889
12534.308283	73.212
12716.623996	72.507
12901.591551	72.387
13089.249521	72.554
13279.637040	72.621
13472.793808	72.387
13668.760107	71.792
13867.576801	71.144
14069.285350	71.205
14273.927818	72.180
14481.546879	73.674
14692.185828	75.031
14905.888592	76.138
15122.699734	76.842
15342.664467	77.125
15565.828661	77.390
15792.238852	78.361
16021.942256	79.982
16254.986772	81.387
16491.420999	81.928
16731.294241	81.278
16974.656520	79.748
17221.558584	78.316
17472.051922	77.633
17726.188769	77.344
17984.022122	76.942
18245.605748	76.161
18510.994194	74.954
18780.242805	73.525
19053.407727	72.141
19330.545924	70.964
19611.715189	70.101
19896.974155	69.716
20186.382308	69.660
