20.000000	76.124
20.290907	76.150
20.586045	76.164
20.885476	76.174
21.189262	76.183
21.497467	76.187
21.810155	76.185
22.127391	76.175
22.449241	76.163
22.775773	76.153
23.107054	76.150
23.443154	76.154
23.784142	76.161
24.130091	76.167
24.481071	76.168
24.837156	76.165
25.198421	76.163
25.564940	76.165
25.936791	76.169
26.314050	76.173
26.696797	76.174
27.085111	76.169
27.479073	76.164
27.878765	76.161
28.284271	76.161
28.695675	76.162
29.113064	76.160
29.536523	76.155
29.966142	76.151
30.402009	76.151
30.844217	76.155
31.292856	76.158
31.748021	76.156
32.209807	76.150
32.678309	76.145
33.153626	76.144
33.635857	76.148
34.125101	76.154
34.621462	76.161
35.125043	76.168
35.635949	76.173
36.154286	76.175
36.680162	76.174
37.213687	76.176
37.754973	76.184
38.304131	76.194
38.861278	76.199
39.426528	76.201
40.000000	76.210
40.581813	76.229
41.172089	76.244
41.770951	76.244
42.378524	76.232
42.994934	76.222
43.620309	76.220
44.254781	76.220
44.898482	76.220
45.551545	76.220
46.214108	76.222
46.886308	76.222
47.568285	76.220
48.260181	76.221
48.962142	76.226
49.674312	76.229
50.396842	76.228
51.129881	76.227
51.873582	76.228
52.628101	76.229
53.393594	76.232
54.170222	76.239
54.958146	76.243
55.757531	76.241
56.568542	76.239
57.391351	76.241
58.226127	76.244
59.073046	76.246
59.932283	76.248
60.804018	76.251
61.688433	76.255
62.585712	76.259
63.496042	76.264
64.419613	76.270
65.356618	76.276
66.307252	76.279
67.271713	76.278
68.250203	76.274
69.242925	76.270
70.250086	76.271
71.271897	76.273
72.308571	76.277
73.360323	76.284
74.427374	76.289
75.509945	76.292
76.608262	76.297
77.722555	76.306
78.853056	76.315
80.000000	76.321
81.163627	76.326
82.344179	76.328
83.541903	76.325
84.757048	76.324
85.989867	76.323
87.240619	76.323
88.509563	76.321
89.796964	76.322
91.103091	76.325
92.428216	76.327
93.772615	76.329
95.136569	76.329
96.520362	76.329
97.924283	76.329
99.348625	76.329
100.793684	76.329
102.259762	76.333
103.747164	76.340
105.256202	76.345
106.787188	76.346
108.340444	76.343
109.916292	76.339
111.515061	76.337
113.137085	76.339
114.782702	76.341
116.452255	76.342
118.146092	76.346
119.864566	76.348
121.608036	76.348
123.376866	76.348
125.171424	76.351
126.992084	76.358
128.839227	76.365
130.713236	76.370
132.614504	76.377
134.543426	76.387
136.500406	76.399
138.485850	76.410
140.500173	76.419
142.543795	76.427
144.617142	76.434
146.720647	76.440
148.854748	76.444
151.019890	76.447
153.216525	76.449
155.445111	76.456
157.706112	76.465
160.000000	76.475
162.327254	76.485
164.688358	76.496
167.083805	76.508
169.514095	76.519
171.979734	76.531
174.481237	76.544
177.019125	76.558
179.593928	76.572
182.206182	76.582
184.856431	76.590
187.545230	76.594
190.273138	76.597
193.040725	76.602
195.848567	76.611
198.697250	76.627
201.587368	76.651
204.519524	76.680
207.494329	76.708
210.512403	76.735
213.574377	76.760
216.680888	76.784
219.832584	76.806
223.030122	76.830
226.274170	76.856
229.565404	76.893
232.904509	76.942
236.292183	76.994
239.729132	77.036
243.216073	77.063
246.753732	77.062
250.342848	77.015
253.984168	76.897
257.678453	76.691
261.426473	76.414
265.229008	76.108
269.086853	75.817
273.000811	75.573
276.971700	75.402
281.000346	75.325
285.087590	75.341
289.234284	75.422
293.441294	75.533
297.709496	75.644
302.039780	75.733
306.433050	75.802
310.890221	75.863
315.412224	75.926
320.000000	75.998
324.654507	76.080
329.376716	76.168
334.167610	76.253
339.028190	76.335
343.959469	76.414
348.962474	76.490
354.038251	76.554
359.187855	76.601
364.412363	76.635
369.712863	76.666
375.090460	76.710
380.546277	76.767
386.081450	76.833
391.697134	76.901
397.394500	76.967
403.174736	77.028
409.039048	77.082
414.988657	77.132
421.024807	77.186
427.148753	77.249
433.361775	77.322
439.665167	77.401
446.060244	77.482
452.548340	77.565
459.130807	77.647
465.809019	77.734
472.584367	77.829
479.458265	77.935
486.432146	78.054
493.507464	78.182
500.685695	78.300
507.968337	78.361
515.356906	78.279
522.852945	77.979
530.458016	77.462
538.173706	76.851
546.001623	76.323
553.943399	75.993
562.000691	75.895
570.175180	75.968
578.468569	76.103
586.882588	76.234
595.418991	76.355
604.079560	76.486
612.866100	76.635
621.780442	76.793
630.824447	76.948
640.000000	77.095
649.309014	77.236
658.753431	77.380
668.335221	77.525
678.056380	77.663
687.918938	77.789
697.924949	77.901
708.076501	78.009
718.375711	78.127
728.824726	78.271
739.425726	78.446
750.180921	78.645
761.092554	78.858
772.162900	79.070
783.394268	79.251
794.789000	79.359
806.349472	79.349
818.078095	79.197
829.977315	78.902
842.049613	78.452
854.297507	77.879
866.723550	77.349
879.330334	77.049
892.120489	76.982
905.096680	77.052
918.261614	77.203
931.618037	77.387
945.168733	77.568
958.916529	77.734
972.864291	77.879
987.014928	78.007
1001.371391	78.129
1015.936673	78.219
1030.713812	78.263
1045.705890	78.315
1060.916032	78.424
1076.347412	78.563
1092.003245	78.656
1107.886798	78.640
1124.001383	78.455
1140.350359	78.016
1156.937137	77.308
1173.765175	76.556
1190.837983	75.975
1208.159120	75.546
1225.732199	75.404
1243.560885	75.627
1261.648894	75.943
1280.000000	76.187
1298.618029	76.397
1317.506863	76.608
1336.670442	76.783
1356.112761	76.916
1375.837875	77.060
1395.849898	77.213
1416.153002	77.330
1436.751422	77.417
1457.649452	77.501
1478.851452	77.545
1500.361842	77.464
1522.185107	77.257
1544.325799	77.043
1566.788535	76.928
1589.577999	76.980
1612.698944	77.246
1636.156190	77.637
1659.954630	78.001
1684.099226	78.243
1708.595013	78.364
1733.447100	78.475
1758.660669	78.623
1784.240977	78.757
1810.193360	78.854
1836.523229	78.949
1863.236074	79.068
1890.337467	79.215
1917.833058	79.399
1945.728583	79.670
1974.029857	80.028
2002.742782	80.351
2031.873347	80.550
2061.427625	80.612
2091.411780	80.591
2121.832065	80.579
2152.694823	80.660
2184.006490	80.835
2215.773596	81.151
2248.002765	81.740
2280.700718	82.569
2313.874274	83.467
2347.530351	84.359
2381.675966	85.141
2416.318240	85.644
2451.464399	85.887
2487.121769	85.991
2523.297789	86.054
2560.000000	86.192
2597.236057	86.439
2635.013726	86.663
2673.340883	86.780
2712.225522	86.810
2751.675750	86.795
2791.699796	86.758
2832.306004	86.698
2873.502844	86.577
2915.298905	86.397
2957.702904	86.215
3000.723683	86.051
3044.370214	85.887
3088.651599	85.682
3133.577071	85.446
3179.155999	85.231
3225.397888	85.058
3272.312380	84.935
3319.909260	84.834
3368.198452	84.719
3417.190027	84.559
3466.894200	84.367
3517.321337	84.194
3568.481954	84.027
3620.386720	83.814
3673.046457	83.560
3726.472148	83.312
3780.674934	83.094
3835.666117	82.887
3891.457165	82.717
3948.059713	82.653
4005.485564	82.633
4063.746693	82.524
4122.855250	82.306
4182.823560	82.044
4243.664130	81.761
4305.389646	81.460
4368.012981	81.151
4431.547192	80.848
4496.005531	80.584
4561.401437	80.389
4627.748549	80.207
4695.060701	79.928
4763.351932	79.702
4832.636481	79.732
4902.928797	79.856
4974.243539	79.963
5046.595577	80.090
5120.000000	80.018
5194.472115	79.744
5270.027452	79.449
5346.681766	79.049
5424.451043	78.416
5503.351500	77.600
5583.399591	76.866
5664.612008	76.542
5747.005687	76.695
5830.597810	77.163
5915.405808	77.517
6001.447367	77.608
6088.740429	77.790
6177.303198	78.344
6267.154142	79.651
6358.311998	81.409
6450.795775	82.868
6544.624761	83.891
6639.818520	84.529
6736.396904	84.863
6834.380053	84.921
6933.788400	84.778
7034.642675	84.536
7136.963909	84.278
7240.773439	84.111
7346.092914	84.029
7452.944296	84.006
7561.349867	84.065
7671.332234	84.186
7782.914330	84.343
7896.119426	84.515
8010.971128	84.645
8127.493386	84.596
8245.710500	84.205
8365.647121	83.372
8487.328260	82.105
8610.779292	80.420
8736.025961	78.272
8863.094385	75.650
8992.011061	72.826
9122.802874	70.429
9255.497097	68.661
9390.121402	67.826
9526.703863	68.757
9665.272962	71.125
9805.857594	73.368
9948.487077	74.954
10093.191154	75.865
10240.000000	76.223
10388.944230	76.241
10540.054903	76.040
10693.363532	75.699
10848.902086	75.406
11006.703001	75.381
11166.799182	75.727
11329.224017	76.510
11494.011375	77.671
11661.195620	78.876
11830.811616	79.670
12002.894734	79.773
12177.480858	79.185
12354.606395	78.139
12534.308283	76.990
12716.623996	75.918
12901.591551	74.855
13089.249521	73.748
13279.637040	72.687
13472.793808	71.831
13668.760107	71.239
13867.576801	70.937
14069.285350	70.853
14273.927818	70.675
14481.546879	70.174
14692.185828	69.683
14905.888592	69.710
15122.699734	70.347
15342.664467	71.452
15565.828661	72.435
15792.238852	72.891
16021.942256	72.831
16254.986772	72.272
16491.420999	71.008
16731.294241	68.980
16974.656520	66.587
17221.558584	64.751
17472.051922	63.951
17726.188769	63.810
17984.022122	63.836
18245.605748	63.944
18510.994194	64.118
18780.242805	64.361
19053.407727	64.398
19330.545924	64.359
19611.715189	64.424
19896.974155	64.484
20186.382308	64.502
