20.000000	69.564
20.290907	69.658
20.586045	69.744
20.885476	69.839
21.189262	69.950
21.497467	70.074
21.810155	70.201
22.127391	70.311
22.449241	70.407
22.775773	70.480
23.107054	70.541
23.443154	70.595
23.784142	70.647
24.130091	70.693
24.481071	70.722
24.837156	70.733
25.198421	70.719
25.564940	70.694
25.936791	70.680
26.314050	70.695
26.696797	70.751
27.085111	70.826
27.479073	70.897
27.878765	70.946
28.284271	70.975
28.695675	71.001
29.113064	71.033
29.536523	71.080
29.966142	71.135
30.402009	71.186
30.844217	71.229
31.292856	71.265
31.748021	71.296
32.209807	71.324
32.678309	71.348
33.153626	71.369
33.635857	71.389
34.125101	71.407
34.621462	71.420
35.125043	71.426
35.635949	71.424
36.154286	71.418
36.680162	71.409
37.213687	71.402
37.754973	71.399
38.304131	71.398
38.861278	71.398
39.426528	71.396
40.000000	71.394
40.581813	71.391
41.172089	71.374
41.770951	71.341
42.378524	71.306
42.994934	71.283
43.620309	71.267
44.254781	71.244
44.898482	71.220
45.551545	71.198
46.214108	71.164
46.886308	71.111
47.568285	71.068
48.260181	71.049
48.962142	71.019
49.674312	70.971
50.396842	70.918
51.129881	70.860
51.873582	70.777
52.628101	70.680
53.393594	70.591
54.170222	70.516
54.958146	70.451
55.757531	70.389
56.568542	70.321
57.391351	70.250
58.226127	70.187
59.073046	70.139
59.932283	70.094
60.804018	70.058
61.688433	70.039
62.585712	70.030
63.496042	70.035
64.419613	70.065
65.356618	70.131
66.307252	70.239
67.271713	70.380
68.250203	70.546
69.242925	70.742
70.250086	70.972
71.271897	71.226
72.308571	71.495
73.360323	71.772
74.427374	72.059
75.509945	72.366
76.608262	72.680
77.722555	72.977
78.853056	73.231
80.000000	73.433
81.163627	73.585
82.344179	73.701
83.541903	73.797
84.757048	73.890
85.989867	73.993
87.240619	74.096
88.509563	74.185
89.796964	74.231
91.103091	74.221
92.428216	74.134
93.772615	73.974
95.136569	73.756
96.520362	73.537
97.924283	73.385
99.348625	73.359
100.793684	73.484
102.259762	73.707
103.747164	73.984
105.256202	74.267
106.787188	74.526
108.340444	74.740
109.916292	74.899
111.515061	75.006
113.137085	75.068
114.782702	75.107
116.452255	75.118
118.146092	75.118
119.864566	75.095
121.608036	75.064
123.376866	75.016
125.171424	74.956
126.992084	74.879
128.839227	74.788
130.713236	74.689
132.614504	74.584
134.543426	74.470
136.500406	74.346
138.485850	74.215
140.500173	74.086
142.543795	73.959
144.617142	73.847
146.720647	73.763
148.854748	73.710
151.019890	73.686
153.216525	73.679
155.445111	73.672
157.706112	73.645
160.000000	73.599
162.327254	73.548
164.688358	73.506
167.083805	73.466
169.514095	73.419
171.979734	73.359
174.481237	73.284
177.019125	73.199
179.593928	73.110
182.206182	73.018
184.856431	72.927
187.545230	72.834
190.273138	72.740
193.040725	72.645
195.848567	72.551
198.697250	72.459
201.587368	72.371
204.519524	72.283
207.494329	72.196
210.512403	72.108
213.574377	72.020
216.680888	71.933
219.832584	71.848
223.030122	71.764
226.274170	71.680
229.565404	71.595
232.904509	71.508
236.292183	71.423
239.729132	71.338
243.216073	71.252
246.753732	71.169
250.342848	71.093
253.984168	71.022
257.678453	70.954
261.426473	70.889
265.229008	70.822
269.086853	70.756
273.000811	70.692
276.971700	70.625
281.000346	70.551
285.087590	70.471
289.234284	70.384
293.441294	70.292
297.709496	70.203
302.039780	70.124
306.433050	70.064
310.890221	70.016
315.412224	69.950
320.000000	69.863
324.654507	69.768
329.376716	69.669
334.167610	69.583
339.028190	69.542
343.959469	69.560
348.962474	69.631
354.038251	69.733
359.187855	69.828
364.412363	69.881
369.712863	69.889
375.090460	69.873
380.546277	69.844
386.081450	69.814
391.697134	69.781
397.394500	69.745
403.174736	69.708
409.039048	69.674
414.988657	69.643
421.024807	69.612
427.148753	69.582
433.361775	69.551
439.665167	69.521
446.060244	69.493
452.548340	69.471
459.130807	69.462
465.809019	69.467
472.584367	69.487
479.458265	69.516
486.432146	69.549
493.507464	69.580
500.685695	69.606
507.968337	69.627
515.356906	69.652
522.852945	69.676
530.458016	69.701
538.173706	69.727
546.001623	69.751
553.943399	69.773
562.000691	69.791
570.175180	69.805
578.468569	69.820
586.882588	69.837
595.418991	69.855
604.079560	69.872
612.866100	69.893
621.780442	69.927
630.824447	69.986
640.000000	70.050
649.309014	70.097
658.753431	70.134
668.335221	70.168
678.056380	70.198
687.918938	70.225
697.924949	70.252
708.076501	70.282
718.375711	70.313
728.824726	70.346
739.425726	70.382
750.180921	70.419
761.092554	70.453
772.162900	70.482
783.394268	70.499
794.789000	70.501
806.349472	70.483
818.078095	70.448
829.977315	70.395
842.049613	70.335
854.297507	70.290
866.723550	70.296
879.330334	70.391
892.120489	70.613
905.096680	70.885
918.261614	71.144
931.618037	71.354
945.168733	71.531
958.916529	71.722
972.864291	71.963
987.014928	72.237
1001.371391	72.488
1015.936673	72.677
1030.713812	72.791
1045.705890	72.843
1060.916032	72.859
1076.347412	72.852
1092.003245	72.831
1107.886798	72.802
1124.001383	72.767
1140.350359	72.726
1156.937137	72.679
1173.765175	72.630
1190.837983	72.576
1208.159120	72.519
1225.732199	72.449
1243.560885	72.367
1261.648894	72.270
1280.000000	72.162
1298.618029	72.045
1317.506863	71.925
1336.670442	71.799
1356.112761	71.666
1375.837875	71.527
1395.849898	71.379
1416.153002	71.217
1436.751422	71.048
1457.649452	70.866
1478.851452	70.669
1500.361842	70.454
1522.185107	70.263
1544.325799	70.286
1566.788535	70.638
1589.577999	71.138
1612.698944	71.565
1636.156190	71.856
1659.954630	72.091
1684.099226	72.339
1708.595013	72.593
1733.447100	72.825
1758.660669	73.025
1784.240977	73.198
1810.193360	73.353
1836.523229	73.502
1863.236074	73.675
1890.337467	73.898
1917.833058	74.173
1945.728583	74.463
1974.029857	74.727
2002.742782	74.954
2031.873347	75.172
2061.427625	75.407
2091.411780	75.666
2121.832065	75.931
2152.694823	76.163
2184.006490	76.371
2215.773596	76.548
2248.002765	76.727
2280.700718	76.931
2313.874274	77.157
2347.530351	77.373
2381.675966	77.542
2416.318240	77.682
2451.464399	77.811
2487.121769	77.946
2523.297789	78.097
2560.000000	78.263
2597.236057	78.444
2635.013726	78.640
2673.340883	78.847
2712.225522	79.061
2751.675750	79.276
2791.699796	79.478
2832.306004	79.647
2873.502844	79.781
2915.298905	79.872
2957.702904	79.907
3000.723683	79.854
3044.370214	79.629
3088.651599	79.190
3133.577071	78.566
3179.155999	77.787
3225.397888	76.946
3272.312380	76.108
3319.909260	75.311
3368.198452	74.556
3417.190027	73.832
3466.894200	73.130
3517.321337	72.469
3568.481954	71.879
3620.386720	71.370
3673.046457	70.934
3726.472148	70.550
3780.674934	70.227
3835.666117	69.984
3891.457165	69.943
3948.059713	70.026
4005.485564	70.223
4063.746693	70.461
4122.855250	70.719
4182.823560	71.019
4243.664130	71.421
4305.389646	71.911
4368.012981	72.431
4431.547192	72.950
4496.005531	73.459
4561.401437	73.943
4627.748549	74.411
4695.060701	74.868
4763.351932	75.288
4832.636481	75.622
4902.928797	75.815
4974.243539	75.884
5046.595577	75.859
5120.000000	75.839
5194.472115	75.847
5270.027452	75.829
5346.681766	75.767
5424.451043	75.682
5503.351500	75.609
5583.399591	75.569
5664.612008	75.578
5747.005687	75.648
5830.597810	75.792
5915.405808	76.009
6001.447367	76.278
6088.740429	76.577
6177.303198	76.906
6267.154142	77.249
6358.311998	77.575
6450.795775	77.880
6544.624761	78.153
6639.818520	78.369
6736.396904	78.491
6834.380053	78.488
6933.788400	78.334
7034.642675	78.035
7136.963909	77.624
7240.773439	77.116
7346.092914	76.566
7452.944296	76.179
7561.349867	76.153
7671.332234	76.349
7782.914330	76.579
7896.119426	76.736
8010.971128	76.864
8127.493386	77.077
8245.710500	77.393
8365.647121	77.588
8487.328260	77.280
8610.779292	76.091
8736.025961	73.894
8863.094385	71.077
8992.011061	68.230
9122.802874	66.421
9255.497097	66.474
9390.121402	67.892
9526.703863	69.559
9665.272962	70.750
9805.857594	71.159
9948.487077	70.713
10093.191154	69.506
10240.000000	67.910
10388.944230	66.265
10540.054903	64.977
10693.363532	64.244
10848.902086	64.073
11006.703001	64.154
11166.799182	64.134
11329.224017	63.780
11494.011375	63.273
11661.195620	63.110
11830.811616	63.363
12002.894734	64.020
12177.480858	64.534
12354.606395	64.550
12534.308283	64.176
12716.623996	63.458
12901.591551	62.734
13089.249521	62.057
13279.637040	61.666
13472.793808	61.743
13668.760107	62.352
13867.576801	63.386
14069.285350	64.659
14273.927818	65.971
14481.546879	66.920
14692.185828	67.382
14905.888592	67.630
15122.699734	67.876
15342.664467	68.239
15565.828661	68.694
15792.238852	69.112
16021.942256	69.346
16254.986772	69.273
16491.420999	68.713
16731.294241	67.445
16974.656520	65.376
17221.558584	62.814
17472.051922	60.539
17726.188769	59.099
17984.022122	58.239
18245.605748	57.619
18510.994194	57.092
18780.242805	56.668
19053.407727	56.680
19330.545924	57.128
19611.715189	57.649
19896.974155	58.051
20186.382308	58.166
