20.000000	83.904
20.290907	83.904
20.586045	83.902
20.885476	83.896
21.189262	83.888
21.497467	83.879
21.810155	83.868
22.127391	83.853
22.449241	83.835
22.775773	83.815
23.107054	83.796
23.443154	83.778
23.784142	83.762
24.130091	83.746
24.481071	83.729
24.837156	83.713
25.198421	83.698
25.564940	83.686
25.936791	83.675
26.314050	83.664
26.696797	83.651
27.085111	83.633
27.479073	83.613
27.878765	83.592
28.284271	83.573
28.695675	83.554
29.113064	83.535
29.536523	83.514
29.966142	83.490
30.402009	83.462
30.844217	83.432
31.292856	83.400
31.748021	83.366
32.209807	83.331
32.678309	83.296
33.153626	83.261
33.635857	83.225
34.125101	83.187
34.621462	83.147
35.125043	83.109
35.635949	83.071
36.154286	83.034
36.680162	82.998
37.213687	82.961
37.754973	82.926
38.304131	82.893
38.861278	82.862
39.426528	82.834
40.000000	82.806
40.581813	82.778
41.172089	82.749
41.770951	82.718
42.378524	82.683
42.994934	82.644
43.620309	82.601
44.254781	82.553
44.898482	82.500
45.551545	82.442
46.214108	82.383
46.886308	82.317
47.568285	82.243
48.260181	82.168
48.962142	82.095
49.674312	82.021
50.396842	81.943
51.129881	81.866
51.873582	81.793
52.628101	81.725
53.393594	81.662
54.170222	81.605
54.958146	81.554
55.757531	81.510
56.568542	81.472
57.391351	81.443
58.226127	81.423
59.073046	81.409
59.932283	81.396
60.804018	81.384
61.688433	81.375
62.585712	81.367
63.496042	81.359
64.419613	81.345
65.356618	81.323
66.307252	81.292
67.271713	81.253
68.250203	81.205
69.242925	81.148
70.250086	81.081
71.271897	81.005
72.308571	80.925
73.360323	80.846
74.427374	80.768
75.509945	80.680
76.608262	80.580
77.722555	80.473
78.853056	80.364
80.000000	80.255
81.163627	80.147
82.344179	80.042
83.541903	79.940
84.757048	79.840
85.989867	79.742
87.240619	79.645
88.509563	79.550
89.796964	79.455
91.103091	79.360
92.428216	79.264
93.772615	79.170
95.136569	79.077
96.520362	78.984
97.924283	78.889
99.348625	78.794
100.793684	78.700
102.259762	78.607
103.747164	78.515
105.256202	78.423
106.787188	78.335
108.340444	78.250
109.916292	78.166
111.515061	78.085
113.137085	78.005
114.782702	77.929
116.452255	77.855
118.146092	77.787
119.864566	77.724
121.608036	77.666
123.376866	77.614
125.171424	77.569
126.992084	77.530
128.839227	77.495
130.713236	77.465
132.614504	77.442
134.543426	77.421
136.500406	77.404
138.485850	77.386
140.500173	77.370
142.543795	77.354
144.617142	77.336
146.720647	77.316
148.854748	77.295
151.019890	77.271
153.216525	77.245
155.445111	77.218
157.706112	77.193
160.000000	77.167
162.327254	77.143
164.688358	77.118
167.083805	77.090
169.514095	77.060
171.979734	77.028
174.481237	76.994
177.019125	76.958
179.593928	76.922
182.206182	76.883
184.856431	76.842
187.545230	76.802
190.273138	76.762
193.040725	76.723
195.848567	76.686
198.697250	76.650
201.587368	76.616
204.519524	76.582
207.494329	76.549
210.512403	76.518
213.574377	76.490
216.680888	76.467
219.832584	76.448
223.030122	76.433
226.274170	76.423
229.565404	76.416
232.904509	76.412
236.292183	76.411
239.729132	76.414
243.216073	76.419
246.753732	76.427
250.342848	76.437
253.984168	76.454
257.678453	76.477
261.426473	76.506
265.229008	76.543
269.086853	76.583
273.000811	76.627
276.971700	76.672
281.000346	76.717
285.087590	76.762
289.234284	76.805
293.441294	76.847
297.709496	76.891
302.039780	76.940
306.433050	76.994
310.890221	77.049
315.412224	77.099
320.000000	77.141
324.654507	77.173
329.376716	77.195
334.167610	77.210
339.028190	77.223
343.959469	77.234
348.962474	77.244
354.038251	77.249
359.187855	77.248
364.412363	77.242
369.712863	77.229
375.090460	77.210
380.546277	77.185
386.081450	77.151
391.697134	77.108
397.394500	77.056
403.174736	76.993
409.039048	76.920
414.988657	76.842
421.024807	76.760
427.148753	76.677
433.361775	76.594
439.665167	76.513
446.060244	76.436
452.548340	76.371
459.130807	76.328
465.809019	76.317
472.584367	76.335
479.458265	76.372
486.432146	76.408
493.507464	76.430
500.685695	76.439
507.968337	76.443
515.356906	76.451
522.852945	76.458
530.458016	76.461
538.173706	76.457
546.001623	76.447
553.943399	76.436
562.000691	76.424
570.175180	76.409
578.468569	76.390
586.882588	76.371
595.418991	76.347
604.079560	76.317
612.866100	76.287
621.780442	76.263
630.824447	76.248
640.000000	76.242
649.309014	76.241
658.753431	76.244
668.335221	76.252
678.056380	76.261
687.918938	76.269
697.924949	76.273
708.076501	76.272
718.375711	76.268
728.824726	76.263
739.425726	76.260
750.180921	76.264
761.092554	76.275
772.162900	76.297
783.394268	76.329
794.789000	76.371
806.349472	76.421
818.078095	76.479
829.977315	76.542
842.049613	76.610
854.297507	76.685
866.723550	76.768
879.330334	76.860
892.120489	76.959
905.096680	77.060
918.261614	77.153
931.618037	77.233
945.168733	77.297
958.916529	77.346
972.864291	77.388
987.014928	77.434
1001.371391	77.490
1015.936673	77.556
1030.713812	77.625
1045.705890	77.688
1060.916032	77.740
1076.347412	77.780
1092.003245	77.811
1107.886798	77.834
1124.001383	77.851
1140.350359	77.864
1156.937137	77.873
1173.765175	77.880
1190.837983	77.888
1208.159120	77.898
1225.732199	77.910
1243.560885	77.923
1261.648894	77.938
1280.000000	77.959
1298.618029	77.988
1317.506863	78.030
1336.670442	78.092
1356.112761	78.182
1375.837875	78.304
1395.849898	78.447
1416.153002	78.584
1436.751422	78.702
1457.649452	78.804
1478.851452	78.902
1500.361842	79.007
1522.185107	79.118
1544.325799	79.238
1566.788535	79.360
1589.577999	79.484
1612.698944	79.609
1636.156190	79.737
1659.954630	79.871
1684.099226	80.014
1708.595013	80.168
1733.447100	80.335
1758.660669	80.511
1784.240977	80.689
1810.193360	80.866
1836.523229	81.036
1863.236074	81.195
1890.337467	81.341
1917.833058	81.477
1945.728583	81.608
1974.029857	81.740
2002.742782	81.884
2031.873347	82.056
2061.427625	82.250
2091.411780	82.426
2121.832065	82.564
2152.694823	82.675
2184.006490	82.773
2215.773596	82.864
2248.002765	82.948
2280.700718	83.014
2313.874274	83.048
2347.530351	83.058
2381.675966	83.089
2416.318240	83.156
2451.464399	83.177
2487.121769	83.047
2523.297789	82.738
2560.000000	82.279
2597.236057	81.725
2635.013726	81.250
2673.340883	81.311
2712.225522	82.260
2751.675750	83.590
2791.699796	84.559
2832.306004	84.974
2873.502844	85.041
2915.298905	84.991
2957.702904	84.951
3000.723683	84.961
3044.370214	85.009
3088.651599	85.058
3133.577071	85.076
3179.155999	85.043
3225.397888	84.945
3272.312380	84.775
3319.909260	84.541
3368.198452	84.251
3417.190027	83.913
3466.894200	83.540
3517.321337	83.155
3568.481954	82.791
3620.386720	82.469
3673.046457	82.188
3726.472148	81.943
3780.674934	81.745
3835.666117	81.612
3891.457165	81.547
3948.059713	81.545
4005.485564	81.584
4063.746693	81.641
4122.855250	81.710
4182.823560	81.802
4243.664130	81.892
4305.389646	81.888
4368.012981	81.681
4431.547192	81.231
4496.005531	80.583
4561.401437	79.874
4627.748549	79.316
4695.060701	79.079
4763.351932	79.169
4832.636481	79.438
4902.928797	79.705
4974.243539	79.833
5046.595577	79.756
5120.000000	79.480
5194.472115	79.069
5270.027452	78.621
5346.681766	78.218
5424.451043	77.878
5503.351500	77.550
5583.399591	77.156
5664.612008	76.648
5747.005687	76.058
5830.597810	75.502
5915.405808	75.129
6001.447367	75.034
6088.740429	75.183
6177.303198	75.435
6267.154142	75.684
6358.311998	75.896
6450.795775	76.102
6544.624761	76.366
6639.818520	76.724
6736.396904	77.158
6834.380053	77.642
6933.788400	78.181
7034.642675	78.752
7136.963909	79.245
7240.773439	79.531
7346.092914	79.555
7452.944296	79.379
7561.349867	79.161
7671.332234	79.092
7782.914330	79.314
7896.119426	79.829
8010.971128	80.496
8127.493386	81.145
8245.710500	81.631
8365.647121	81.777
8487.328260	81.356
8610.779292	80.193
8736.025961	78.311
8863.094385	76.008
8992.011061	73.782
9122.802874	72.021
9255.497097	70.686
9390.121402	69.447
9526.703863	67.961
9665.272962	65.943
9805.857594	63.451
9948.487077	61.251
10093.191154	60.603
10240.000000	61.079
10388.944230	61.919
10540.054903	62.503
10693.363532	62.496
10848.902086	61.943
11006.703001	61.546
11166.799182	62.498
11329.224017	64.218
11494.011375	65.236
11661.195620	65.364
11830.811616	65.519
12002.894734	66.956
12177.480858	69.121
12354.606395	71.100
12534.308283	72.612
12716.623996	73.622
12901.591551	74.134
13089.249521	74.189
13279.637040	74.023
13472.793808	74.110
13668.760107	74.781
13867.576801	75.776
14069.285350	76.564
14273.927818	76.817
14481.546879	76.578
14692.185828	76.092
14905.888592	75.640
15122.699734	75.609
15342.664467	76.373
15565.828661	77.847
15792.238852	79.650
16021.942256	81.349
16254.986772	82.506
16491.420999	82.802
16731.294241	82.125
16974.656520	80.592
17221.558584	78.522
17472.051922	76.338
17726.188769	74.430
17984.022122	73.245
18245.605748	72.984
18510.994194	72.796
18780.242805	71.842
19053.407727	70.134
19330.545924	68.124
19611.715189	66.396
19896.974155	65.488
20186.382308	65.343
