20.000000	88.341
20.290907	88.309
20.586045	88.261
20.885476	88.201
21.189262	88.131
21.497467	88.055
21.810155	87.974
22.127391	87.891
22.449241	87.809
22.775773	87.728
23.107054	87.646
23.443154	87.560
23.784142	87.470
24.130091	87.377
24.481071	87.284
24.837156	87.193
25.198421	87.104
25.564940	87.013
25.936791	86.918
26.314050	86.817
26.696797	86.713
27.085111	86.610
27.479073	86.511
27.878765	86.416
28.284271	86.320
28.695675	86.222
29.113064	86.120
29.536523	86.015
29.966142	85.909
30.402009	85.803
30.844217	85.696
31.292856	85.589
31.748021	85.482
32.209807	85.375
32.678309	85.269
33.153626	85.165
33.635857	85.063
34.125101	84.963
34.621462	84.862
35.125043	84.760
35.635949	84.657
36.154286	84.556
36.680162	84.456
37.213687	84.358
37.754973	84.266
38.304131	84.185
38.861278	84.130
39.426528	84.093
40.000000	84.075
40.581813	84.074
41.172089	84.088
41.770951	84.111
42.378524	84.136
42.994934	84.161
43.620309	84.196
44.254781	84.259
44.898482	84.343
45.551545	84.425
46.214108	84.475
46.886308	84.464
47.568285	84.399
48.260181	84.280
48.962142	84.113
49.674312	83.917
50.396842	83.697
51.129881	83.461
51.873582	83.216
52.628101	82.973
53.393594	82.739
54.170222	82.520
54.958146	82.320
55.757531	82.145
56.568542	82.009
57.391351	81.912
58.226127	81.852
59.073046	81.828
59.932283	81.856
60.804018	81.934
61.688433	82.066
62.585712	82.246
63.496042	82.477
64.419613	82.752
65.356618	83.072
66.307252	83.432
67.271713	83.826
68.250203	84.244
69.242925	84.680
70.250086	85.122
71.271897	85.557
72.308571	85.971
73.360323	86.351
74.427374	86.713
75.509945	87.113
76.608262	87.552
77.722555	87.980
78.853056	88.332
80.000000	88.601
81.163627	88.806
82.344179	88.954
83.541903	89.051
84.757048	89.100
85.989867	89.102
87.240619	89.066
88.509563	89.005
89.796964	88.923
91.103091	88.835
92.428216	88.745
93.772615	88.667
95.136569	88.611
96.520362	88.586
97.924283	88.590
99.348625	88.616
100.793684	88.654
102.259762	88.689
103.747164	88.707
105.256202	88.701
106.787188	88.672
108.340444	88.616
109.916292	88.526
111.515061	88.408
113.137085	88.263
114.782702	88.101
116.452255	87.923
118.146092	87.737
119.864566	87.544
121.608036	87.347
123.376866	87.144
125.171424	86.936
126.992084	86.723
128.839227	86.507
130.713236	86.289
132.614504	86.072
134.543426	85.855
136.500406	85.632
138.485850	85.395
140.500173	85.138
142.543795	84.863
144.617142	84.582
146.720647	84.332
148.854748	84.161
151.019890	84.097
153.216525	84.132
155.445111	84.218
157.706112	84.287
160.000000	84.297
162.327254	84.233
164.688358	84.109
167.083805	83.938
169.514095	83.733
171.979734	83.510
174.481237	83.281
177.019125	83.065
179.593928	82.875
182.206182	82.712
184.856431	82.563
187.545230	82.411
190.273138	82.253
193.040725	82.100
195.848567	81.949
198.697250	81.787
201.587368	81.610
204.519524	81.428
207.494329	81.247
210.512403	81.069
213.574377	80.892
216.680888	80.713
219.832584	80.531
223.030122	80.347
226.274170	80.161
229.565404	79.978
232.904509	79.803
236.292183	79.636
239.729132	79.470
243.216073	79.299
246.753732	79.124
250.342848	78.942
253.984168	78.754
257.678453	78.562
261.426473	78.373
265.229008	78.194
269.086853	78.032
273.000811	77.880
276.971700	77.734
281.000346	77.592
285.087590	77.450
289.234284	77.305
293.441294	77.165
297.709496	77.031
302.039780	76.901
306.433050	76.772
310.890221	76.638
315.412224	76.501
320.000000	76.369
324.654507	76.245
329.376716	76.120
334.167610	75.995
339.028190	75.876
343.959469	75.761
348.962474	75.646
354.038251	75.528
359.187855	75.408
364.412363	75.289
369.712863	75.174
375.090460	75.055
380.546277	74.930
386.081450	74.808
391.697134	74.699
397.394500	74.594
403.174736	74.495
409.039048	74.402
414.988657	74.313
421.024807	74.231
427.148753	74.156
433.361775	74.091
439.665167	74.032
446.060244	73.986
452.548340	73.964
459.130807	73.972
465.809019	73.998
472.584367	74.033
479.458265	74.059
486.432146	74.067
493.507464	74.056
500.685695	74.034
507.968337	74.013
515.356906	73.997
522.852945	73.984
530.458016	73.973
538.173706	73.965
546.001623	73.961
553.943399	73.960
562.000691	73.968
570.175180	73.984
578.468569	74.009
586.882588	74.035
595.418991	74.057
604.079560	74.075
612.866100	74.091
621.780442	74.110
630.824447	74.135
640.000000	74.166
649.309014	74.200
658.753431	74.231
668.335221	74.265
678.056380	74.304
687.918938	74.350
697.924949	74.403
708.076501	74.449
718.375711	74.484
728.824726	74.512
739.425726	74.545
750.180921	74.591
761.092554	74.637
772.162900	74.678
783.394268	74.714
794.789000	74.750
806.349472	74.790
818.078095	74.836
829.977315	74.884
842.049613	74.933
854.297507	74.984
866.723550	75.034
879.330334	75.083
892.120489	75.129
905.096680	75.175
918.261614	75.218
931.618037	75.259
945.168733	75.302
958.916529	75.345
972.864291	75.384
987.014928	75.423
1001.371391	75.460
1015.936673	75.492
1030.713812	75.516
1045.705890	75.536
1060.916032	75.555
1076.347412	75.574
1092.003245	75.591
1107.886798	75.615
1124.001383	75.649
1140.350359	75.683
1156.937137	75.715
1173.765175	75.750
1190.837983	75.792
1208.159120	75.838
1225.732199	75.891
1243.560885	75.947
1261.648894	76.000
1280.000000	76.050
1298.618029	76.097
1317.506863	76.146
1336.670442	76.195
1356.112761	76.235
1375.837875	76.246
1395.849898	76.217
1416.153002	76.171
1436.751422	76.148
1457.649452	76.205
1478.851452	76.315
1500.361842	76.448
1522.185107	76.575
1544.325799	76.690
1566.788535	76.785
1589.577999	76.882
1612.698944	77.031
1636.156190	77.228
1659.954630	77.423
1684.099226	77.596
1708.595013	77.757
1733.447100	77.917
1758.660669	78.083
1784.240977	78.259
1810.193360	78.442
1836.523229	78.627
1863.236074	78.816
1890.337467	79.013
1917.833058	79.216
1945.728583	79.419
1974.029857	79.625
2002.742782	79.836
2031.873347	80.056
2061.427625	80.285
2091.411780	80.515
2121.832065	80.739
2152.694823	80.952
2184.006490	81.165
2215.773596	81.371
2248.002765	81.569
2280.700718	81.749
2313.874274	81.912
2347.530351	82.090
2381.675966	82.369
2416.318240	82.734
2451.464399	83.119
2487.121769	83.463
2523.297789	83.753
2560.000000	84.010
2597.236057	84.236
2635.013726	84.442
2673.340883	84.641
2712.225522	84.856
2751.675750	85.130
2791.699796	85.469
2832.306004	85.841
2873.502844	86.173
2915.298905	86.405
2957.702904	86.499
3000.723683	86.489
3044.370214	86.399
3088.651599	86.148
3133.577071	85.695
3179.155999	85.020
3225.397888	84.187
3272.312380	83.210
3319.909260	82.090
3368.198452	80.836
3417.190027	79.514
3466.894200	78.280
3517.321337	77.353
3568.481954	76.872
3620.386720	76.748
3673.046457	76.766
3726.472148	76.766
3780.674934	76.710
3835.666117	76.664
3891.457165	76.748
3948.059713	76.924
4005.485564	77.076
4063.746693	77.109
4122.855250	77.028
4182.823560	76.890
4243.664130	76.736
4305.389646	76.611
4368.012981	76.577
4431.547192	76.652
4496.005531	76.754
4561.401437	76.861
4627.748549	77.006
4695.060701	77.211
4763.351932	77.426
4832.636481	77.596
4902.928797	77.694
4974.243539	77.736
5046.595577	77.707
5120.000000	77.637
5194.472115	77.586
5270.027452	77.649
5346.681766	77.839
5424.451043	78.104
5503.351500	78.371
5583.399591	78.591
5664.612008	78.772
5747.005687	78.949
5830.597810	79.135
5915.405808	79.345
6001.447367	79.609
6088.740429	79.991
6177.303198	80.465
6267.154142	80.965
6358.311998	81.402
6450.795775	81.730
6544.624761	81.926
6639.818520	81.976
6736.396904	81.866
6834.380053	81.587
6933.788400	81.149
7034.642675	80.599
7136.963909	80.016
7240.773439	79.476
7346.092914	79.033
7452.944296	78.747
7561.349867	78.681
7671.332234	78.805
7782.914330	79.093
7896.119426	79.533
8010.971128	80.146
8127.493386	80.906
8245.710500	81.674
8365.647121	82.067
8487.328260	81.714
8610.779292	80.325
8736.025961	77.932
8863.094385	75.239
8992.011061	73.324
9122.802874	73.196
9255.497097	74.220
9390.121402	75.491
9526.703863	76.601
9665.272962	77.243
9805.857594	77.133
9948.487077	76.075
10093.191154	74.039
10240.000000	71.444
10388.944230	68.769
10540.054903	66.634
10693.363532	65.177
10848.902086	64.577
11006.703001	65.336
11166.799182	67.909
11329.224017	71.796
11494.011375	75.445
11661.195620	78.095
11830.811616	80.171
12002.894734	81.412
12177.480858	81.918
12354.606395	81.163
12534.308283	79.781
12716.623996	77.936
12901.591551	75.875
13089.249521	73.702
13279.637040	71.556
13472.793808	69.791
13668.760107	68.711
13867.576801	68.158
14069.285350	68.084
14273.927818	68.434
14481.546879	69.616
14692.185828	71.113
14905.888592	72.332
15122.699734	73.232
15342.664467	74.054
15565.828661	75.180
15792.238852	76.776
16021.942256	78.411
16254.986772	79.307
16491.420999	78.916
16731.294241	77.426
16974.656520	75.516
17221.558584	73.948
17472.051922	73.144
17726.188769	72.939
17984.022122	72.988
18245.605748	73.002
18510.994194	72.461
18780.242805	71.083
19053.407727	69.256
19330.545924	67.683
19611.715189	66.878
19896.974155	66.755
20186.382308	66.780
