20.000000	79.803
20.290907	79.806
20.586045	79.799
20.885476	79.781
21.189262	79.751
21.497467	79.705
21.810155	79.650
22.127391	79.592
22.449241	79.539
22.775773	79.499
23.107054	79.471
23.443154	79.449
23.784142	79.427
24.130091	79.405
24.481071	79.380
24.837156	79.356
25.198421	79.333
25.564940	79.309
25.936791	79.281
26.314050	79.249
26.696797	79.215
27.085111	79.182
27.479073	79.153
27.878765	79.125
28.284271	79.099
28.695675	79.075
29.113064	79.059
29.536523	79.052
29.966142	79.053
30.402009	79.058
30.844217	79.069
31.292856	79.094
31.748021	79.140
32.209807	79.203
32.678309	79.278
33.153626	79.358
33.635857	79.442
34.125101	79.538
34.621462	79.645
35.125043	79.754
35.635949	79.857
36.154286	79.947
36.680162	80.023
37.213687	80.081
37.754973	80.113
38.304131	80.121
38.861278	80.091
39.426528	80.039
40.000000	79.965
40.581813	79.869
41.172089	79.759
41.770951	79.635
42.378524	79.500
42.994934	79.349
43.620309	79.183
44.254781	79.015
44.898482	78.866
45.551545	78.746
46.214108	78.652
46.886308	78.576
47.568285	78.516
48.260181	78.475
48.962142	78.461
49.674312	78.467
50.396842	78.499
51.129881	78.551
51.873582	78.628
52.628101	78.729
53.393594	78.849
54.170222	78.985
54.958146	79.136
55.757531	79.304
56.568542	79.484
57.391351	79.676
58.226127	79.879
59.073046	80.094
59.932283	80.308
60.804018	80.523
61.688433	80.740
62.585712	80.949
63.496042	81.144
64.419613	81.323
65.356618	81.485
66.307252	81.623
67.271713	81.732
68.250203	81.811
69.242925	81.860
70.250086	81.879
71.271897	81.873
72.308571	81.852
73.360323	81.826
74.427374	81.808
75.509945	81.799
76.608262	81.783
77.722555	81.759
78.853056	81.737
80.000000	81.727
81.163627	81.721
82.344179	81.707
83.541903	81.685
84.757048	81.656
85.989867	81.617
87.240619	81.574
88.509563	81.527
89.796964	81.476
91.103091	81.422
92.428216	81.364
93.772615	81.303
95.136569	81.240
96.520362	81.174
97.924283	81.104
99.348625	81.030
100.793684	80.948
102.259762	80.864
103.747164	80.775
105.256202	80.680
106.787188	80.576
108.340444	80.466
109.916292	80.353
111.515061	80.236
113.137085	80.117
114.782702	79.996
116.452255	79.868
118.146092	79.737
119.864566	79.600
121.608036	79.460
123.376866	79.318
125.171424	79.173
126.992084	79.026
128.839227	78.878
130.713236	78.729
132.614504	78.580
134.543426	78.431
136.500406	78.283
138.485850	78.141
140.500173	78.005
142.543795	77.875
144.617142	77.752
146.720647	77.633
148.854748	77.512
151.019890	77.386
153.216525	77.250
155.445111	77.102
157.706112	76.944
160.000000	76.778
162.327254	76.610
164.688358	76.439
167.083805	76.263
169.514095	76.085
171.979734	75.903
174.481237	75.717
177.019125	75.529
179.593928	75.338
182.206182	75.148
184.856431	74.956
187.545230	74.764
190.273138	74.573
193.040725	74.383
195.848567	74.195
198.697250	74.007
201.587368	73.824
204.519524	73.648
207.494329	73.478
210.512403	73.315
213.574377	73.161
216.680888	73.027
219.832584	72.905
223.030122	72.802
226.274170	72.706
229.565404	72.614
232.904509	72.525
236.292183	72.442
239.729132	72.364
243.216073	72.286
246.753732	72.206
250.342848	72.126
253.984168	72.052
257.678453	71.980
261.426473	71.902
265.229008	71.821
269.086853	71.741
273.000811	71.666
276.971700	71.591
281.000346	71.516
285.087590	71.442
289.234284	71.374
293.441294	71.310
297.709496	71.252
302.039780	71.201
306.433050	71.161
310.890221	71.129
315.412224	71.099
320.000000	71.071
324.654507	71.044
329.376716	71.017
334.167610	70.990
339.028190	70.966
343.959469	70.949
348.962474	70.936
354.038251	70.929
359.187855	70.928
364.412363	70.936
369.712863	70.951
375.090460	70.971
380.546277	70.996
386.081450	71.024
391.697134	71.056
397.394500	71.091
403.174736	71.127
409.039048	71.163
414.988657	71.200
421.024807	71.239
427.148753	71.281
433.361775	71.327
439.665167	71.376
446.060244	71.430
452.548340	71.496
459.130807	71.580
465.809019	71.679
472.584367	71.791
479.458265	71.905
486.432146	72.015
493.507464	72.115
500.685695	72.206
507.968337	72.291
515.356906	72.375
522.852945	72.455
530.458016	72.531
538.173706	72.607
546.001623	72.681
553.943399	72.753
562.000691	72.827
570.175180	72.903
578.468569	72.981
586.882588	73.059
595.418991	73.133
604.079560	73.207
612.866100	73.288
621.780442	73.389
630.824447	73.500
640.000000	73.602
649.309014	73.681
658.753431	73.752
668.335221	73.831
678.056380	73.916
687.918938	73.999
697.924949	74.078
708.076501	74.153
718.375711	74.222
728.824726	74.287
739.425726	74.346
750.180921	74.398
761.092554	74.444
772.162900	74.486
783.394268	74.525
794.789000	74.564
806.349472	74.604
818.078095	74.643
829.977315	74.680
842.049613	74.713
854.297507	74.742
866.723550	74.767
879.330334	74.788
892.120489	74.803
905.096680	74.813
918.261614	74.820
931.618037	74.827
945.168733	74.832
958.916529	74.835
972.864291	74.835
987.014928	74.827
1001.371391	74.802
1015.936673	74.765
1030.713812	74.732
1045.705890	74.717
1060.916032	74.714
1076.347412	74.715
1092.003245	74.714
1107.886798	74.712
1124.001383	74.710
1140.350359	74.708
1156.937137	74.706
1173.765175	74.704
1190.837983	74.698
1208.159120	74.690
1225.732199	74.677
1243.560885	74.663
1261.648894	74.648
1280.000000	74.631
1298.618029	74.622
1317.506863	74.615
1336.670442	74.623
1356.112761	74.641
1375.837875	74.669
1395.849898	74.706
1416.153002	74.743
1436.751422	74.781
1457.649452	74.826
1478.851452	74.880
1500.361842	74.940
1522.185107	74.998
1544.325799	75.055
1566.788535	75.114
1589.577999	75.174
1612.698944	75.235
1636.156190	75.300
1659.954630	75.376
1684.099226	75.467
1708.595013	75.576
1733.447100	75.700
1758.660669	75.840
1784.240977	75.994
1810.193360	76.163
1836.523229	76.344
1863.236074	76.536
1890.337467	76.740
1917.833058	76.959
1945.728583	77.211
1974.029857	77.509
2002.742782	77.853
2031.873347	78.227
2061.427625	78.631
2091.411780	79.064
2121.832065	79.517
2152.694823	79.970
2184.006490	80.414
2215.773596	80.814
2248.002765	81.184
2280.700718	81.507
2313.874274	81.796
2347.530351	82.060
2381.675966	82.311
2416.318240	82.558
2451.464399	82.802
2487.121769	83.046
2523.297789	83.285
2560.000000	83.520
2597.236057	83.749
2635.013726	83.971
2673.340883	84.166
2712.225522	84.324
2751.675750	84.422
2791.699796	84.467
2832.306004	84.431
2873.502844	84.296
2915.298905	84.056
2957.702904	83.734
3000.723683	83.386
3044.370214	83.065
3088.651599	82.766
3133.577071	82.464
3179.155999	82.137
3225.397888	81.778
3272.312380	81.387
3319.909260	80.962
3368.198452	80.503
3417.190027	80.014
3466.894200	79.500
3517.321337	78.962
3568.481954	78.404
3620.386720	77.838
3673.046457	77.277
3726.472148	76.732
3780.674934	76.221
3835.666117	75.744
3891.457165	75.337
3948.059713	74.972
4005.485564	74.678
4063.746693	74.439
4122.855250	74.252
4182.823560	74.114
4243.664130	74.024
4305.389646	73.985
4368.012981	74.011
4431.547192	74.112
4496.005531	74.282
4561.401437	74.537
4627.748549	74.866
4695.060701	75.266
4763.351932	75.682
4832.636481	76.052
4902.928797	76.328
4974.243539	76.530
5046.595577	76.652
5120.000000	76.719
5194.472115	76.735
5270.027452	76.712
5346.681766	76.669
5424.451043	76.628
5503.351500	76.619
5583.399591	76.686
5664.612008	76.882
5747.005687	77.221
5830.597810	77.728
5915.405808	78.416
6001.447367	79.286
6088.740429	80.333
6177.303198	81.475
6267.154142	82.586
6358.311998	83.469
6450.795775	83.952
6544.624761	83.895
6639.818520	83.298
6736.396904	82.321
6834.380053	81.214
6933.788400	80.218
7034.642675	79.504
7136.963909	79.160
7240.773439	79.179
7346.092914	79.452
7452.944296	79.810
7561.349867	80.117
7671.332234	80.362
7782.914330	80.598
7896.119426	80.864
8010.971128	81.089
8127.493386	81.095
8245.710500	80.776
8365.647121	80.140
8487.328260	79.251
8610.779292	77.986
8736.025961	76.108
8863.094385	73.595
8992.011061	70.823
9122.802874	69.415
9255.497097	69.896
9390.121402	71.306
9526.703863	72.845
9665.272962	74.009
9805.857594	74.882
9948.487077	75.739
10093.191154	76.845
10240.000000	78.187
10388.944230	79.577
10540.054903	80.684
10693.363532	81.264
10848.902086	81.116
11006.703001	80.218
11166.799182	78.756
11329.224017	77.026
11494.011375	75.430
11661.195620	74.346
11830.811616	73.408
12002.894734	72.434
12177.480858	71.172
12354.606395	69.619
12534.308283	68.163
12716.623996	67.087
12901.591551	66.543
13089.249521	66.231
13279.637040	66.061
13472.793808	65.930
13668.760107	65.771
13867.576801	65.727
14069.285350	65.873
14273.927818	66.097
14481.546879	65.843
14692.185828	64.595
14905.888592	63.011
15122.699734	61.812
15342.664467	61.438
15565.828661	61.848
15792.238852	62.554
16021.942256	62.887
16254.986772	62.472
16491.420999	61.367
16731.294241	59.496
16974.656520	57.009
17221.558584	54.433
17472.051922	52.962
17726.188769	53.078
17984.022122	54.131
18245.605748	55.606
18510.994194	56.863
18780.242805	57.267
19053.407727	57.025
19330.545924	56.643
19611.715189	56.458
19896.974155	56.536
20186.382308	56.593
