20.000000	84.916
20.290907	84.916
20.586045	84.966
20.885476	85.067
21.189262	85.166
21.497467	85.259
21.810155	85.354
22.127391	85.450
22.449241	85.547
22.775773	85.643
23.107054	85.738
23.443154	85.833
23.784142	85.926
24.130091	86.019
24.481071	86.111
24.837156	86.203
25.198421	86.296
25.564940	86.388
25.936791	86.481
26.314050	86.572
26.696797	86.662
27.085111	86.749
27.479073	86.834
27.878765	86.919
28.284271	87.002
28.695675	87.085
29.113064	87.167
29.536523	87.249
29.966142	87.331
30.402009	87.411
30.844217	87.490
31.292856	87.569
31.748021	87.647
32.209807	87.724
32.678309	87.801
33.153626	87.877
33.635857	87.952
34.125101	88.026
34.621462	88.100
35.125043	88.173
35.635949	88.245
36.154286	88.317
36.680162	88.387
37.213687	88.457
37.754973	88.526
38.304131	88.595
38.861278	88.662
39.426528	88.727
40.000000	88.790
40.581813	88.852
41.172089	88.915
41.770951	88.977
42.378524	89.040
42.994934	89.101
43.620309	89.162
44.254781	89.222
44.898482	89.279
45.551545	89.332
46.214108	89.384
46.886308	89.436
47.568285	89.490
48.260181	89.544
48.962142	89.595
49.674312	89.644
50.396842	89.694
51.129881	89.745
51.873582	89.796
52.628101	89.846
53.393594	89.892
54.170222	89.937
54.958146	89.981
55.757531	90.024
56.568542	90.068
57.391351	90.111
58.226127	90.152
59.073046	90.192
59.932283	90.230
60.804018	90.267
61.688433	90.302
62.585712	90.337
63.496042	90.373
64.419613	90.410
65.356618	90.444
66.307252	90.475
67.271713	90.503
68.250203	90.531
69.242925	90.559
70.250086	90.588
71.271897	90.619
72.308571	90.648
73.360323	90.675
74.427374	90.698
75.509945	90.721
76.608262	90.746
77.722555	90.770
78.853056	90.790
80.000000	90.809
81.163627	90.826
82.344179	90.844
83.541903	90.861
84.757048	90.878
85.989867	90.895
87.240619	90.910
88.509563	90.924
89.796964	90.937
91.103091	90.947
92.428216	90.957
93.772615	90.968
95.136569	90.977
96.520362	90.987
97.924283	90.993
99.348625	90.999
100.793684	91.004
102.259762	91.008
103.747164	91.012
105.256202	91.014
106.787188	91.016
108.340444	91.017
109.916292	91.017
111.515061	91.015
113.137085	91.011
114.782702	91.007
116.452255	91.002
118.146092	90.997
119.864566	90.990
121.608036	90.981
123.376866	90.971
125.171424	90.960
126.992084	90.947
128.839227	90.932
130.713236	90.915
132.614504	90.897
134.543426	90.878
136.500406	90.859
138.485850	90.840
140.500173	90.824
142.543795	90.809
144.617142	90.795
146.720647	90.782
148.854748	90.768
151.019890	90.752
153.216525	90.735
155.445111	90.714
157.706112	90.688
160.000000	90.659
162.327254	90.625
164.688358	90.586
167.083805	90.538
169.514095	90.482
171.979734	90.417
174.481237	90.347
177.019125	90.279
179.593928	90.219
182.206182	90.171
184.856431	90.133
187.545230	90.104
190.273138	90.075
193.040725	90.043
195.848567	90.005
198.697250	89.963
201.587368	89.916
204.519524	89.865
207.494329	89.811
210.512403	89.754
213.574377	89.695
216.680888	89.634
219.832584	89.570
223.030122	89.505
226.274170	89.437
229.565404	89.367
232.904509	89.296
236.292183	89.223
239.729132	89.148
243.216073	89.072
246.753732	88.993
250.342848	88.913
253.984168	88.832
257.678453	88.750
261.426473	88.665
265.229008	88.579
269.086853	88.489
273.000811	88.399
276.971700	88.307
281.000346	88.213
285.087590	88.119
289.234284	88.023
293.441294	87.925
297.709496	87.826
302.039780	87.725
306.433050	87.623
310.890221	87.519
315.412224	87.413
320.000000	87.306
324.654507	87.196
329.376716	87.086
334.167610	86.973
339.028190	86.858
343.959469	86.743
348.962474	86.627
354.038251	86.509
359.187855	86.390
364.412363	86.270
369.712863	86.149
375.090460	86.026
380.546277	85.903
386.081450	85.779
391.697134	85.654
397.394500	85.528
403.174736	85.402
409.039048	85.275
414.988657	85.148
421.024807	85.021
427.148753	84.894
433.361775	84.767
439.665167	84.640
446.060244	84.512
452.548340	84.385
459.130807	84.260
465.809019	84.136
472.584367	84.014
479.458265	83.895
486.432146	83.777
493.507464	83.661
500.685695	83.547
507.968337	83.436
515.356906	83.329
522.852945	83.226
530.458016	83.127
538.173706	83.032
546.001623	82.942
553.943399	82.855
562.000691	82.772
570.175180	82.693
578.468569	82.619
586.882588	82.549
595.418991	82.480
604.079560	82.412
612.866100	82.341
621.780442	82.268
630.824447	82.191
640.000000	82.113
649.309014	82.032
658.753431	81.948
668.335221	81.864
678.056380	81.780
687.918938	81.696
697.924949	81.613
708.076501	81.533
718.375711	81.456
728.824726	81.381
739.425726	81.311
750.180921	81.248
761.092554	81.194
772.162900	81.148
783.394268	81.111
794.789000	81.084
806.349472	81.068
818.078095	81.065
829.977315	81.076
842.049613	81.099
854.297507	81.137
866.723550	81.190
879.330334	81.257
892.120489	81.341
905.096680	81.439
918.261614	81.556
931.618037	81.687
945.168733	81.837
958.916529	82.005
972.864291	82.194
987.014928	82.399
1001.371391	82.615
1015.936673	82.840
1030.713812	83.087
1045.705890	83.367
1060.916032	83.668
1076.347412	83.979
1092.003245	84.299
1107.886798	84.625
1124.001383	84.960
1140.350359	85.311
1156.937137	85.700
1173.765175	86.109
1190.837983	86.497
1208.159120	86.875
1225.732199	87.238
1243.560885	87.604
1261.648894	87.989
1280.000000	88.392
1298.618029	88.798
1317.506863	89.209
1336.670442	89.609
1356.112761	89.999
1375.837875	90.378
1395.849898	90.740
1416.153002	91.077
1436.751422	91.398
1457.649452	91.683
1478.851452	91.937
1500.361842	92.154
1522.185107	92.325
1544.325799	92.452
1566.788535	92.537
1589.577999	92.580
1612.698944	92.584
1636.156190	92.552
1659.954630	92.488
1684.099226	92.397
1708.595013	92.284
1733.447100	92.154
1758.660669	92.014
1784.240977	91.868
1810.193360	91.719
1836.523229	91.573
1863.236074	91.430
1890.337467	91.293
1917.833058	91.165
1945.728583	91.046
1974.029857	90.940
2002.742782	90.848
2031.873347	90.769
2061.427625	90.707
2091.411780	90.661
2121.832065	90.632
2152.694823	90.623
2184.006490	90.627
2215.773596	90.653
2248.002765	90.693
2280.700718	90.752
2313.874274	90.829
2347.530351	90.924
2381.675966	91.037
2416.318240	91.164
2451.464399	91.309
2487.121769	91.466
2523.297789	91.638
2560.000000	91.820
2597.236057	92.011
2635.013726	92.208
2673.340883	92.406
2712.225522	92.605
2751.675750	92.796
2791.699796	92.978
2832.306004	93.144
2873.502844	93.293
2915.298905	93.422
2957.702904	93.528
3000.723683	93.607
3044.370214	93.655
3088.651599	93.673
3133.577071	93.665
3179.155999	93.630
3225.397888	93.578
3272.312380	93.514
3319.909260	93.445
3368.198452	93.376
3417.190027	93.315
3466.894200	93.262
3517.321337	93.220
3568.481954	93.189
3620.386720	93.172
3673.046457	93.168
3726.472148	93.179
3780.674934	93.202
3835.666117	93.232
3891.457165	93.266
3948.059713	93.297
4005.485564	93.301
4063.746693	93.268
4122.855250	93.178
4182.823560	93.033
4243.664130	92.849
4305.389646	92.658
4368.012981	92.495
4431.547192	92.393
4496.005531	92.356
4561.401437	92.388
4627.748549	92.458
4695.060701	92.537
4763.351932	92.593
4832.636481	92.600
4902.928797	92.537
4974.243539	92.421
5046.595577	92.255
5120.000000	92.061
5194.472115	91.848
5270.027452	91.634
5346.681766	91.436
5424.451043	91.257
5503.351500	91.084
5583.399591	90.891
5664.612008	90.644
5747.005687	90.322
5830.597810	89.901
5915.405808	89.360
6001.447367	88.694
6088.740429	87.911
6177.303198	87.060
6267.154142	86.180
6358.311998	85.300
6450.795775	84.446
6544.624761	83.650
6639.818520	82.942
6736.396904	82.347
6834.380053	81.875
6933.788400	81.539
7034.642675	81.363
7136.963909	81.366
7240.773439	81.565
7346.092914	81.971
7452.944296	82.596
7561.349867	83.448
7671.332234	84.480
7782.914330	85.627
7896.119426	86.782
8010.971128	87.753
8127.493386	88.382
8245.710500	88.507
8365.647121	88.017
8487.328260	87.116
8610.779292	86.021
8736.025961	84.975
8863.094385	84.116
8992.011061	83.489
9122.802874	83.102
9255.497097	82.951
9390.121402	83.017
9526.703863	83.293
9665.272962	83.748
9805.857594	84.314
9948.487077	84.873
10093.191154	85.235
10240.000000	85.266
10388.944230	84.896
10540.054903	84.154
10693.363532	83.218
10848.902086	82.246
11006.703001	81.389
11166.799182	80.736
11329.224017	80.400
11494.011375	80.328
11661.195620	80.639
11830.811616	81.154
12002.894734	81.938
12177.480858	82.851
12354.606395	83.768
12534.308283	84.396
12716.623996	84.332
12901.591551	83.330
13089.249521	81.898
13279.637040	80.279
13472.793808	78.735
13668.760107	77.555
13867.576801	76.786
14069.285350	76.401
14273.927818	76.267
14481.546879	76.458
14692.185828	76.659
14905.888592	76.544
15122.699734	76.176
15342.664467	75.647
15565.828661	74.949
15792.238852	73.937
16021.942256	72.503
16254.986772	70.647
16491.420999	68.856
16731.294241	67.846
16974.656520	67.477
17221.558584	67.273
17472.051922	66.959
17726.188769	66.628
17984.022122	66.836
18245.605748	67.810
18510.994194	68.653
18780.242805	68.713
19053.407727	68.051
19330.545924	66.926
19611.715189	65.613
19896.974155	64.970
20186.382308	64.970
