20.000000	84.684
20.290907	84.684
20.586045	84.685
20.885476	84.685
21.189262	84.686
21.497467	84.687
21.810155	84.690
22.127391	84.694
22.449241	84.697
22.775773	84.700
23.107054	84.702
23.443154	84.703
23.784142	84.703
24.130091	84.703
24.481071	84.703
24.837156	84.702
25.198421	84.701
25.564940	84.701
25.936791	84.700
26.314050	84.698
26.696797	84.696
27.085111	84.693
27.479073	84.690
27.878765	84.687
28.284271	84.686
28.695675	84.684
29.113064	84.682
29.536523	84.679
29.966142	84.675
30.402009	84.671
30.844217	84.667
31.292856	84.662
31.748021	84.656
32.209807	84.650
32.678309	84.643
33.153626	84.636
33.635857	84.629
34.125101	84.622
34.621462	84.615
35.125043	84.608
35.635949	84.600
36.154286	84.592
36.680162	84.584
37.213687	84.575
37.754973	84.565
38.304131	84.556
38.861278	84.546
39.426528	84.535
40.000000	84.524
40.581813	84.513
41.172089	84.502
41.770951	84.491
42.378524	84.480
42.994934	84.467
43.620309	84.454
44.254781	84.442
44.898482	84.428
45.551545	84.410
46.214108	84.391
46.886308	84.374
47.568285	84.358
48.260181	84.343
48.962142	84.327
49.674312	84.309
50.396842	84.292
51.129881	84.275
51.873582	84.259
52.628101	84.243
53.393594	84.224
54.170222	84.204
54.958146	84.184
55.757531	84.164
56.568542	84.144
57.391351	84.124
58.226127	84.103
59.073046	84.080
59.932283	84.056
60.804018	84.031
61.688433	84.006
62.585712	83.980
63.496042	83.956
64.419613	83.933
65.356618	83.908
66.307252	83.879
67.271713	83.849
68.250203	83.818
69.242925	83.788
70.250086	83.761
71.271897	83.734
72.308571	83.706
73.360323	83.676
74.427374	83.644
75.509945	83.612
76.608262	83.581
77.722555	83.550
78.853056	83.517
80.000000	83.482
81.163627	83.446
82.344179	83.410
83.541903	83.375
84.757048	83.339
85.989867	83.302
87.240619	83.265
88.509563	83.228
89.796964	83.188
91.103091	83.148
92.428216	83.110
93.772615	83.070
95.136569	83.029
96.520362	82.988
97.924283	82.945
99.348625	82.902
100.793684	82.858
102.259762	82.813
103.747164	82.769
105.256202	82.724
106.787188	82.679
108.340444	82.633
109.916292	82.586
111.515061	82.539
113.137085	82.490
114.782702	82.441
116.452255	82.392
118.146092	82.343
119.864566	82.292
121.608036	82.241
123.376866	82.189
125.171424	82.135
126.992084	82.080
128.839227	82.024
130.713236	81.967
132.614504	81.910
134.543426	81.852
136.500406	81.794
138.485850	81.737
140.500173	81.684
142.543795	81.632
144.617142	81.583
146.720647	81.536
148.854748	81.489
151.019890	81.441
153.216525	81.391
155.445111	81.338
157.706112	81.282
160.000000	81.224
162.327254	81.163
164.688358	81.097
167.083805	81.024
169.514095	80.943
171.979734	80.852
174.481237	80.759
177.019125	80.669
179.593928	80.590
182.206182	80.524
184.856431	80.469
187.545230	80.423
190.273138	80.380
193.040725	80.334
195.848567	80.286
198.697250	80.233
201.587368	80.175
204.519524	80.116
207.494329	80.056
210.512403	79.995
213.574377	79.934
216.680888	79.871
219.832584	79.808
223.030122	79.745
226.274170	79.681
229.565404	79.616
232.904509	79.552
236.292183	79.488
239.729132	79.425
243.216073	79.363
246.753732	79.299
250.342848	79.235
253.984168	79.173
257.678453	79.111
261.426473	79.049
265.229008	78.987
269.086853	78.925
273.000811	78.863
276.971700	78.801
281.000346	78.740
285.087590	78.679
289.234284	78.618
293.441294	78.558
297.709496	78.499
302.039780	78.439
306.433050	78.381
310.890221	78.323
315.412224	78.264
320.000000	78.205
324.654507	78.149
329.376716	78.096
334.167610	78.045
339.028190	77.995
343.959469	77.947
348.962474	77.901
354.038251	77.854
359.187855	77.806
364.412363	77.756
369.712863	77.706
375.090460	77.656
380.546277	77.604
386.081450	77.554
391.697134	77.504
397.394500	77.454
403.174736	77.406
409.039048	77.358
414.988657	77.309
421.024807	77.262
427.148753	77.216
433.361775	77.170
439.665167	77.123
446.060244	77.076
452.548340	77.030
459.130807	76.985
465.809019	76.940
472.584367	76.894
479.458265	76.851
486.432146	76.809
493.507464	76.766
500.685695	76.725
507.968337	76.687
515.356906	76.651
522.852945	76.618
530.458016	76.586
538.173706	76.557
546.001623	76.531
553.943399	76.506
562.000691	76.482
570.175180	76.458
578.468569	76.434
586.882588	76.412
595.418991	76.390
604.079560	76.368
612.866100	76.346
621.780442	76.326
630.824447	76.306
640.000000	76.287
649.309014	76.271
658.753431	76.254
668.335221	76.238
678.056380	76.224
687.918938	76.213
697.924949	76.203
708.076501	76.196
718.375711	76.189
728.824726	76.184
739.425726	76.181
750.180921	76.180
761.092554	76.184
772.162900	76.191
783.394268	76.199
794.789000	76.210
806.349472	76.224
818.078095	76.242
829.977315	76.265
842.049613	76.292
854.297507	76.324
866.723550	76.360
879.330334	76.400
892.120489	76.447
905.096680	76.498
918.261614	76.555
931.618037	76.616
945.168733	76.683
958.916529	76.758
972.864291	76.841
987.014928	76.931
1001.371391	77.020
1015.936673	77.105
1030.713812	77.200
1045.705890	77.315
1060.916032	77.438
1076.347412	77.561
1092.003245	77.682
1107.886798	77.804
1124.001383	77.925
1140.350359	78.052
1156.937137	78.208
1173.765175	78.378
1190.837983	78.515
1208.159120	78.637
1225.732199	78.739
1243.560885	78.841
1261.648894	78.960
1280.000000	79.093
1298.618029	79.236
1317.506863	79.381
1336.670442	79.523
1356.112761	79.662
1375.837875	79.799
1395.849898	79.935
1416.153002	80.069
1436.751422	80.204
1457.649452	80.336
1478.851452	80.468
1500.361842	80.598
1522.185107	80.727
1544.325799	80.857
1566.788535	80.987
1589.577999	81.117
1612.698944	81.248
1636.156190	81.379
1659.954630	81.510
1684.099226	81.642
1708.595013	81.775
1733.447100	81.908
1758.660669	82.042
1784.240977	82.176
1810.193360	82.312
1836.523229	82.447
1863.236074	82.582
1890.337467	82.717
1917.833058	82.850
1945.728583	82.983
1974.029857	83.116
2002.742782	83.249
2031.873347	83.382
2061.427625	83.513
2091.411780	83.645
2121.832065	83.775
2152.694823	83.903
2184.006490	84.031
2215.773596	84.156
2248.002765	84.279
2280.700718	84.399
2313.874274	84.515
2347.530351	84.628
2381.675966	84.735
2416.318240	84.836
2451.464399	84.929
2487.121769	85.015
2523.297789	85.091
2560.000000	85.159
2597.236057	85.217
2635.013726	85.264
2673.340883	85.298
2712.225522	85.322
2751.675750	85.332
2791.699796	85.332
2832.306004	85.318
2873.502844	85.294
2915.298905	85.260
2957.702904	85.216
3000.723683	85.162
3044.370214	85.096
3088.651599	85.018
3133.577071	84.931
3179.155999	84.832
3225.397888	84.726
3272.312380	84.614
3319.909260	84.499
3368.198452	84.383
3417.190027	84.266
3466.894200	84.146
3517.321337	84.023
3568.481954	83.891
3620.386720	83.751
3673.046457	83.601
3726.472148	83.445
3780.674934	83.281
3835.666117	83.113
3891.457165	82.953
3948.059713	82.799
4005.485564	82.667
4063.746693	82.558
4122.855250	82.468
4182.823560	82.391
4243.664130	82.319
4305.389646	82.246
4368.012981	82.171
4431.547192	82.097
4496.005531	82.023
4561.401437	81.943
4627.748549	81.855
4695.060701	81.760
4763.351932	81.660
4832.636481	81.553
4902.928797	81.442
4974.243539	81.327
5046.595577	81.205
5120.000000	81.076
5194.472115	80.939
5270.027452	80.795
5346.681766	80.641
5424.451043	80.479
5503.351500	80.305
5583.399591	80.119
5664.612008	79.920
5747.005687	79.709
5830.597810	79.487
5915.405808	79.254
6001.447367	79.012
6088.740429	78.765
6177.303198	78.514
6267.154142	78.261
6358.311998	78.011
6450.795775	77.764
6544.624761	77.525
6639.818520	77.294
6736.396904	77.076
6834.380053	76.872
6933.788400	76.685
7034.642675	76.518
7136.963909	76.371
7240.773439	76.249
7346.092914	76.154
7452.944296	76.087
7561.349867	76.057
7671.332234	76.089
7782.914330	76.214
7896.119426	76.463
8010.971128	76.829
8127.493386	77.293
8245.710500	77.803
8365.647121	78.319
8487.328260	78.869
8610.779292	79.474
8736.025961	80.151
8863.094385	80.874
8992.011061	81.594
9122.802874	82.230
9255.497097	82.695
9390.121402	82.883
9526.703863	82.653
9665.272962	81.952
9805.857594	80.845
9948.487077	79.473
10093.191154	78.031
10240.000000	76.695
10388.944230	75.579
10540.054903	74.733
10693.363532	74.067
10848.902086	73.500
11006.703001	72.978
11166.799182	72.516
11329.224017	72.171
11494.011375	71.913
11661.195620	71.733
11830.811616	71.566
12002.894734	71.417
12177.480858	71.293
12354.606395	71.233
12534.308283	71.237
12716.623996	71.345
12901.591551	71.604
13089.249521	71.942
13279.637040	72.436
13472.793808	73.120
13668.760107	73.995
13867.576801	75.027
14069.285350	76.114
14273.927818	77.192
14481.546879	78.225
14692.185828	79.067
14905.888592	79.519
15122.699734	79.436
15342.664467	78.770
15565.828661	77.607
15792.238852	76.141
16021.942256	74.521
16254.986772	72.721
16491.420999	71.047
16731.294241	70.081
16974.656520	69.679
17221.558584	69.514
17472.051922	69.404
17726.188769	69.381
17984.022122	69.563
18245.605748	69.811
18510.994194	69.920
18780.242805	70.010
19053.407727	70.290
19330.545924	70.625
19611.715189	70.800
19896.974155	70.830
20186.382308	70.830
