20.000000	81.098
20.290907	81.209
20.586045	81.323
20.885476	81.441
21.189262	81.563
21.497467	81.691
21.810155	81.823
22.127391	81.957
22.449241	82.092
22.775773	82.227
23.107054	82.362
23.443154	82.494
23.784142	82.624
24.130091	82.752
24.481071	82.879
24.837156	83.004
25.198421	83.128
25.564940	83.251
25.936791	83.375
26.314050	83.498
26.696797	83.620
27.085111	83.743
27.479073	83.866
27.878765	83.990
28.284271	84.115
28.695675	84.243
29.113064	84.371
29.536523	84.499
29.966142	84.626
30.402009	84.751
30.844217	84.874
31.292856	84.993
31.748021	85.111
32.209807	85.227
32.678309	85.341
33.153626	85.456
33.635857	85.572
34.125101	85.689
34.621462	85.806
35.125043	85.924
35.635949	86.040
36.154286	86.153
36.680162	86.264
37.213687	86.374
37.754973	86.481
38.304131	86.588
38.861278	86.694
39.426528	86.800
40.000000	86.903
40.581813	87.005
41.172089	87.103
41.770951	87.200
42.378524	87.296
42.994934	87.392
43.620309	87.488
44.254781	87.585
44.898482	87.681
45.551545	87.775
46.214108	87.867
46.886308	87.956
47.568285	88.043
48.260181	88.128
48.962142	88.210
49.674312	88.291
50.396842	88.369
51.129881	88.446
51.873582	88.522
52.628101	88.598
53.393594	88.673
54.170222	88.747
54.958146	88.820
55.757531	88.891
56.568542	88.959
57.391351	89.025
58.226127	89.087
59.073046	89.147
59.932283	89.204
60.804018	89.259
61.688433	89.313
62.585712	89.365
63.496042	89.415
64.419613	89.462
65.356618	89.508
66.307252	89.552
67.271713	89.595
68.250203	89.635
69.242925	89.674
70.250086	89.711
71.271897	89.746
72.308571	89.779
73.360323	89.810
74.427374	89.840
75.509945	89.866
76.608262	89.891
77.722555	89.914
78.853056	89.934
80.000000	89.952
81.163627	89.968
82.344179	89.982
83.541903	89.995
84.757048	90.005
85.989867	90.014
87.240619	90.022
88.509563	90.028
89.796964	90.032
91.103091	90.035
92.428216	90.036
93.772615	90.036
95.136569	90.034
96.520362	90.031
97.924283	90.027
99.348625	90.023
100.793684	90.018
102.259762	90.011
103.747164	90.004
105.256202	89.995
106.787188	89.985
108.340444	89.974
109.916292	89.962
111.515061	89.950
113.137085	89.937
114.782702	89.923
116.452255	89.908
118.146092	89.893
119.864566	89.877
121.608036	89.861
123.376866	89.844
125.171424	89.827
126.992084	89.810
128.839227	89.793
130.713236	89.776
132.614504	89.758
134.543426	89.740
136.500406	89.723
138.485850	89.705
140.500173	89.687
142.543795	89.670
144.617142	89.652
146.720647	89.634
148.854748	89.616
151.019890	89.598
153.216525	89.580
155.445111	89.563
157.706112	89.546
160.000000	89.529
162.327254	89.513
164.688358	89.498
167.083805	89.482
169.514095	89.467
171.979734	89.452
174.481237	89.438
177.019125	89.424
179.593928	89.412
182.206182	89.399
184.856431	89.388
187.545230	89.378
190.273138	89.368
193.040725	89.359
195.848567	89.350
198.697250	89.342
201.587368	89.335
204.519524	89.328
207.494329	89.323
210.512403	89.318
213.574377	89.314
216.680888	89.311
219.832584	89.308
223.030122	89.307
226.274170	89.307
229.565404	89.308
232.904509	89.310
236.292183	89.312
239.729132	89.316
243.216073	89.320
246.753732	89.326
250.342848	89.333
253.984168	89.340
257.678453	89.348
261.426473	89.358
265.229008	89.368
269.086853	89.380
273.000811	89.393
276.971700	89.409
281.000346	89.427
285.087590	89.447
289.234284	89.470
293.441294	89.493
297.709496	89.515
302.039780	89.531
306.433050	89.538
310.890221	89.531
315.412224	89.505
320.000000	89.464
324.654507	89.415
329.376716	89.368
334.167610	89.335
339.028190	89.321
343.959469	89.324
348.962474	89.338
354.038251	89.360
359.187855	89.384
364.412363	89.411
369.712863	89.440
375.090460	89.474
380.546277	89.515
386.081450	89.565
391.697134	89.622
397.394500	89.682
403.174736	89.739
409.039048	89.784
414.988657	89.812
421.024807	89.821
427.148753	89.815
433.361775	89.800
439.665167	89.782
446.060244	89.769
452.548340	89.761
459.130807	89.762
465.809019	89.770
472.584367	89.785
479.458265	89.807
486.432146	89.835
493.507464	89.867
500.685695	89.904
507.968337	89.946
515.356906	89.991
522.852945	90.040
530.458016	90.091
538.173706	90.146
546.001623	90.201
553.943399	90.258
562.000691	90.315
570.175180	90.370
578.468569	90.423
586.882588	90.473
595.418991	90.520
604.079560	90.564
612.866100	90.604
621.780442	90.641
630.824447	90.675
640.000000	90.704
649.309014	90.729
658.753431	90.748
668.335221	90.762
678.056380	90.769
687.918938	90.771
697.924949	90.767
708.076501	90.757
718.375711	90.743
728.824726	90.724
739.425726	90.703
750.180921	90.680
761.092554	90.654
772.162900	90.628
783.394268	90.600
794.789000	90.570
806.349472	90.540
818.078095	90.510
829.977315	90.480
842.049613	90.451
854.297507	90.423
866.723550	90.395
879.330334	90.366
892.120489	90.332
905.096680	90.292
918.261614	90.249
931.618037	90.208
945.168733	90.175
958.916529	90.153
972.864291	90.143
987.014928	90.144
1001.371391	90.154
1015.936673	90.171
1030.713812	90.194
1045.705890	90.223
1060.916032	90.256
1076.347412	90.294
1092.003245	90.336
1107.886798	90.383
1124.001383	90.434
1140.350359	90.490
1156.937137	90.548
1173.765175	90.610
1190.837983	90.673
1208.159120	90.737
1225.732199	90.803
1243.560885	90.869
1261.648894	90.936
1280.000000	91.003
1298.618029	91.069
1317.506863	91.133
1336.670442	91.194
1356.112761	91.251
1375.837875	91.304
1395.849898	91.353
1416.153002	91.399
1436.751422	91.440
1457.649452	91.477
1478.851452	91.510
1500.361842	91.540
1522.185107	91.567
1544.325799	91.592
1566.788535	91.616
1589.577999	91.639
1612.698944	91.662
1636.156190	91.687
1659.954630	91.715
1684.099226	91.746
1708.595013	91.781
1733.447100	91.822
1758.660669	91.869
1784.240977	91.922
1810.193360	91.984
1836.523229	92.054
1863.236074	92.132
1890.337467	92.219
1917.833058	92.315
1945.728583	92.418
1974.029857	92.530
2002.742782	92.650
2031.873347	92.776
2061.427625	92.907
2091.411780	93.043
2121.832065	93.180
2152.694823	93.317
2184.006490	93.452
2215.773596	93.584
2248.002765	93.709
2280.700718	93.825
2313.874274	93.923
2347.530351	93.993
2381.675966	94.015
2416.318240	93.969
2451.464399	93.849
2487.121769	93.680
2523.297789	93.528
2560.000000	93.483
2597.236057	93.632
2635.013726	93.936
2673.340883	94.227
2712.225522	94.371
2751.675750	94.364
2791.699796	94.270
2832.306004	94.144
2873.502844	94.007
2915.298905	93.865
2957.702904	93.717
3000.723683	93.565
3044.370214	93.410
3088.651599	93.256
3133.577071	93.104
3179.155999	92.955
3225.397888	92.810
3272.312380	92.671
3319.909260	92.540
3368.198452	92.417
3417.190027	92.302
3466.894200	92.197
3517.321337	92.101
3568.481954	92.015
3620.386720	91.940
3673.046457	91.880
3726.472148	91.840
3780.674934	91.825
3835.666117	91.833
3891.457165	91.864
3948.059713	91.908
4005.485564	91.962
4063.746693	92.025
4122.855250	92.099
4182.823560	92.185
4243.664130	92.288
4305.389646	92.411
4368.012981	92.557
4431.547192	92.728
4496.005531	92.923
4561.401437	93.147
4627.748549	93.408
4695.060701	93.702
4763.351932	94.010
4832.636481	94.303
4902.928797	94.544
4974.243539	94.704
5046.595577	94.758
5120.000000	94.694
5194.472115	94.494
5270.027452	94.156
5346.681766	93.696
5424.451043	93.134
5503.351500	92.487
5583.399591	91.778
5664.612008	91.028
5747.005687	90.262
5830.597810	89.512
5915.405808	88.840
6001.447367	88.341
6088.740429	88.077
6177.303198	87.962
6267.154142	87.847
6358.311998	87.635
6450.795775	87.306
6544.624761	86.879
6639.818520	86.387
6736.396904	85.881
6834.380053	85.539
6933.788400	85.702
7034.642675	86.532
7136.963909	87.515
7240.773439	88.032
7346.092914	87.993
7452.944296	87.596
7561.349867	87.115
7671.332234	86.760
7782.914330	86.569
7896.119426	86.441
8010.971128	86.216
8127.493386	85.798
8245.710500	85.174
8365.647121	84.374
8487.328260	83.457
8610.779292	82.453
8736.025961	81.388
8863.094385	80.311
8992.011061	79.297
9122.802874	78.453
9255.497097	77.831
9390.121402	77.357
9526.703863	76.877
9665.272962	76.299
9805.857594	75.631
9948.487077	74.927
10093.191154	74.241
10240.000000	73.612
10388.944230	73.066
10540.054903	72.597
10693.363532	72.162
10848.902086	71.732
11006.703001	71.298
11166.799182	70.864
11329.224017	70.440
11494.011375	70.044
11661.195620	69.707
11830.811616	69.436
12002.894734	69.247
12177.480858	69.102
12354.606395	68.966
12534.308283	68.775
12716.623996	68.439
12901.591551	67.905
13089.249521	67.276
13279.637040	66.771
13472.793808	66.618
13668.760107	66.802
13867.576801	66.907
14069.285350	66.570
14273.927818	65.802
14481.546879	64.397
14692.185828	62.430
14905.888592	60.557
15122.699734	59.223
15342.664467	58.540
15565.828661	58.240
15792.238852	58.029
16021.942256	57.769
16254.986772	57.337
16491.420999	56.600
16731.294241	55.642
16974.656520	54.741
17221.558584	54.008
17472.051922	53.388
17726.188769	52.840
17984.022122	52.353
18245.605748	51.922
18510.994194	51.638
18780.242805	51.609
19053.407727	51.815
19330.545924	52.115
19611.715189	52.319
19896.974155	52.325
20186.382308	52.292
