20.290907 108.45
20.437943 108.43
20.586044 108.41
20.73522 108.38
20.885475 108.35
21.036821 108.31
21.189262 108.27
21.342808 108.23
21.497467 108.19
21.653246 108.15
21.810154 108.11
21.968201 108.08
22.12739 108.04
22.287735 108.00
22.449242 107.97
22.611917 107.94
22.775772 107.92
22.940815 107.89
23.107054 107.87
23.274498 107.85
23.443153 107.82
23.613033 107.80
23.784142 107.78
23.956491 107.75
24.130091 107.72
24.304947 107.69
24.481071 107.66
24.65847 107.62
24.837156 107.58
25.017136 107.54
25.198421 107.50
25.38102 107.46
25.564941 107.42
25.750195 107.38
25.93679 107.34
26.124741 107.31
26.314051 107.27
26.504732 107.24
26.696796 107.21
26.890253 107.18
27.085112 107.14
27.281382 107.11
27.479073 107.08
27.678198 107.04
27.878765 107.01
28.080786 106.97
28.284271 106.93
28.489231 106.90
28.695675 106.86
28.903616 106.82
29.113064 106.78
29.324028 106.74
29.536524 106.70
29.750557 106.66
29.966141 106.62
30.183289 106.58
30.40201 106.54
30.622314 106.50
30.844217 106.46
31.067726 106.42
31.292856 106.38
31.519617 106.34
31.74802 106.30
31.978081 106.26
32.209808 106.21
32.443211 106.17
32.67831 106.12
32.915108 106.08
33.153625 106.03
33.393871 105.99
33.635857 105.95
33.879597 105.91
34.125103 105.87
34.372387 105.83
34.621464 105.79
34.872345 105.75
35.125042 105.70
35.379574 105.66
35.635948 105.61
35.89418 105.57
36.154285 105.52
36.416275 105.48
36.680161 105.44
36.945961 105.39
37.213688 105.34
37.483353 105.30
37.754974 105.25
38.028561 105.20
38.304131 105.16
38.581699 105.11
38.861279 105.06
39.142883 105.01
39.426529 104.97
39.712231 104.92
40 104.87
40.289856 104.83
40.581814 104.79
40.875885 104.75
41.172089 104.71
41.47044 104.67
41.77095 104.63
42.073643 104.58
42.378525 104.54
42.685616 104.49
42.994934 104.44
43.306492 104.39
43.620308 104.35
43.936401 104.30
44.25478 104.25
44.57547 104.21
44.898483 104.16
45.223835 104.12
45.551544 104.08
45.88163 104.04
46.214108 104.00
46.548996 103.95
46.886307 103.90
47.226067 103.85
47.568283 103.80
47.912983 103.75
48.260181 103.70
48.609894 103.66
48.962143 103.61
49.31694 103.56
49.674313 103.52
50.034271 103.47
50.396843 103.42
50.762039 103.37
51.129883 103.33
51.500389 103.28
51.873581 103.23
52.249481 103.19
52.628101 103.14
53.009464 103.09
53.393593 103.04
53.780506 102.99
54.170223 102.94
54.562763 102.89
54.958145 102.84
55.356396 102.78
55.75753 102.73
56.161572 102.68
56.568542 102.62
56.978462 102.57
57.39135 102.51
57.807232 102.46
58.226128 102.40
58.648056 102.35
59.073048 102.30
59.501114 102.24
59.932281 102.19
60.366577 102.13
60.80402 102.08
61.244629 102.02
61.688435 101.97
62.135452 101.91
62.585712 101.86
63.039234 101.80
63.49604 101.75
63.956161 101.71
64.419617 101.66
64.886421 101.61
65.356621 101.57
65.830215 101.52
66.307251 101.47
66.787743 101.42
67.271713 101.37
67.759193 101.32
68.250206 101.28
68.744774 101.22
69.242928 101.17
69.74469 101.12
70.250084 101.07
70.759148 101.02
71.271896 100.97
71.788361 100.92
72.308571 100.86
72.83255 100.81
73.360321 100.76
73.891922 100.71
74.427376 100.66
74.966705 100.60
75.509949 100.55
76.057121 100.50
76.608261 100.44
77.163399 100.38
77.722557 100.33
78.285767 100.27
78.853058 100.21
79.424461 100.16
80 100.10
80.579712 100.05
81.163628 100.00
81.75177 99.96
82.344177 99.92
82.94088 99.88
83.541901 99.84
84.147285 99.81
84.75705 99.78
85.371231 99.76
85.989868 99.73
86.612984 99.71
87.240616 99.68
87.872803 99.64
88.50956 99.59
89.15094 99.54
89.796967 99.50
90.44767 99.45
91.103088 99.40
91.76326 99.35
92.428215 99.30
93.097992 99.25
93.772614 99.19
94.452133 99.14
95.136566 99.09
95.825966 99.03
96.520363 98.98
97.219788 98.93
97.924286 98.88
98.633881 98.83
99.348625 98.78
100.068542 98.73
100.793686 98.68
101.524078 98.63
102.259766 98.58
103.000778 98.54
103.747162 98.49
104.498962 98.44
105.256203 98.40
106.018929 98.35
106.787186 98.31
107.561012 98.26
108.340446 98.21
109.125526 98.16
109.91629 98.11
110.712791 98.06
111.51506 98.01
112.323143 97.96
113.137085 97.91
113.956924 97.86
114.7827 97.81
115.614464 97.76
116.452255 97.72
117.296112 97.67
118.146095 97.62
119.002228 97.57
119.864563 97.52
120.733154 97.48
121.60804 97.43
122.489258 97.39
123.376869 97.34
124.270905 97.30
125.171425 97.27
126.078468 97.23
126.992081 97.20
127.912323 97.16
128.839233 97.13
129.772842 97.10
130.713242 97.06
131.660431 97.02
132.614502 96.98
133.575485 96.95
134.543427 96.91
135.518387 96.87
136.500412 96.84
137.489548 96.80
138.485855 96.76
139.48938 96.73
140.500168 96.69
141.518295 96.66
142.543793 96.62
143.576721 96.58
144.617142 96.55
145.6651 96.51
146.720642 96.48
147.783844 96.44
148.854752 96.41
149.933411 96.38
151.019897 96.34
152.114243 96.31
153.216522 96.28
154.326797 96.25
155.445114 96.21
156.571533 96.18
157.706116 96.15
158.848923 96.11
160 96.08
161.159424 96.04
162.327255 96.01
163.50354 95.97
164.688354 95.93
165.88176 95.89
167.083801 95.86
168.294571 95.82
169.514099 95.78
170.742462 95.74
171.979736 95.70
173.225967 95.66
174.481232 95.62
175.745605 95.59
177.019119 95.55
178.30188 95.52
179.593933 95.48
180.89534 95.45
182.206177 95.42
183.52652 95.39
184.85643 95.36
186.195984 95.34
187.545227 95.31
188.904266 95.29
190.273132 95.26
191.651932 95.24
193.040726 95.22
194.439575 95.20
195.848572 95.18
197.267761 95.16
198.69725 95.14
200.137085 95.11
201.587372 95.09
203.048157 95.06
204.519531 95.03
206.001556 95.00
207.494324 94.98
208.997925 94.95
210.512405 94.93
212.037857 94.91
213.574371 94.90
215.122025 94.89
216.680893 94.88
218.251053 94.87
219.832581 94.87
221.425583 94.86
223.030121 94.85
224.646286 94.83
226.27417 94.82
227.913849 94.80
229.565399 94.79
231.228928 94.77
232.90451 94.75
234.592224 94.73
236.292191 94.71
238.004456 94.70
239.729126 94.68
241.466309 94.67
243.21608 94.66
244.978516 94.64
246.753738 94.62
248.541809 94.61
250.34285 94.59
252.156937 94.57
253.984161 94.55
255.824646 94.53
257.678467 94.51
259.545685 94.49
261.426483 94.47
263.320862 94.46
265.229004 94.44
267.15097 94.42
269.086853 94.41
271.036774 94.39
273.000824 94.38
274.979095 94.36
276.97171 94.34
278.97876 94.33
281.000336 94.32
283.036591 94.30
285.087585 94.29
287.153442 94.28
289.234283 94.27
291.3302 94.25
293.441284 94.24
295.567688 94.23
297.709503 94.22
299.866821 94.21
302.039795 94.20
304.228485 94.19
306.433044 94.18
308.653595 94.17
310.890228 94.17
313.143066 94.16
315.412231 94.16
317.697845 94.15
320 94.15
322.318848 94.16
324.65451 94.16
327.00708 94.16
329.376709 94.16
331.763519 94.16
334.167603 94.17
336.589142 94.17
339.028198 94.17
341.484924 94.18
343.959473 94.18
346.451935 94.19
348.962463 94.19
351.491211 94.20
354.038239 94.21
356.60376 94.21
359.187866 94.22
361.79068 94.22
364.412354 94.23
367.05304 94.24
369.71286 94.25
372.391968 94.25
375.090454 94.26
377.808533 94.27
380.546265 94.27
383.303864 94.28
386.081451 94.29
388.87915 94.29
391.697144 94.30
394.535522 94.31
397.394501 94.31
400.27417 94.32
403.174744 94.33
406.096313 94.33
409.039062 94.33
412.003113 94.34
414.988647 94.34
417.99585 94.35
421.024811 94.35
424.075714 94.35
427.148743 94.35
430.244049 94.35
433.361786 94.35
436.502106 94.35
439.665161 94.35
442.851166 94.35
446.060242 94.35
449.292572 94.34
452.54834 94.33
455.827698 94.33
459.130798 94.32
462.457855 94.31
465.809021 94.30
469.184448 94.29
472.584381 94.27
476.008911 94.26
479.458252 94.24
482.932617 94.22
486.432159 94.20
489.957031 94.18
493.507477 94.16
497.083618 94.13
500.685699 94.11
504.313873 94.08
507.968323 94.06
511.649292 94.03
515.356934 94.00
519.09137 93.97
522.852966 93.94
526.641724 93.91
530.458008 93.88
534.301941 93.85
538.173706 93.81
542.073547 93.78
546.001648 93.74
549.958191 93.71
553.94342 93.67
557.95752 93.63
562.000671 93.60
566.073181 93.56
570.175171 93.53
574.306885 93.49
578.468567 93.46
582.6604 93.42
586.882568 93.38
591.135376 93.34
595.419006 93.31
599.733643 93.28
604.07959 93.25
608.45697 93.22
612.866089 93.20
617.30719 93.17
621.780457 93.15
626.286133 93.12
630.824463 93.10
635.395691 93.09
640 93.07
644.637695 93.06
649.309021 93.04
654.01416 93.03
658.753418 93.02
663.527039 93.01
668.335205 93.00
673.178284 93.00
678.056396 92.99
682.969849 92.99
687.918945 92.98
692.90387 92.98
697.924927 92.98
702.982422 92.98
708.076477 92.98
713.20752 92.98
718.375732 92.99
723.58136 92.99
728.824707 93.00
734.106079 93.00
739.42572 93.01
744.783936 93.02
750.180908 93.03
755.617065 93.04
761.092529 93.06
766.607727 93.07
772.162903 93.08
777.758301 93.10
783.394287 93.12
789.071045 93.13
794.789001 93.15
800.54834 93.17
806.349487 93.19
812.192627 93.20
818.078125 93.22
824.006226 93.24
829.977295 93.25
835.991699 93.28
842.049622 93.30
848.151428 93.32
854.297485 93.34
860.488098 93.37
866.723572 93.40
873.004211 93.43
879.330322 93.46
885.702332 93.49
892.120483 93.52
898.585144 93.55
905.09668 93.59
911.655396 93.63
918.261597 93.67
924.91571 93.71
931.618042 93.75
938.368896 93.79
945.168762 93.84
952.017822 93.88
958.916504 93.93
965.865234 93.98
972.864319 94.03
979.914062 94.08
987.014954 94.14
994.167236 94.19
1001.371399 94.24
1008.627747 94.28
1015.936646 94.31
1023.298584 94.35
1030.713867 94.39
1038.182739 94.43
1045.705933 94.46
1053.283447 94.50
1060.916016 94.54
1068.603882 94.58
1076.347412 94.62
1084.147095 94.67
1092.003296 94.71
1099.916382 94.75
1107.886841 94.79
1115.915039 94.83
1124.001343 94.87
1132.146362 94.91
1140.350342 94.95
1148.61377 94.99
1156.937134 95.03
1165.320801 95.07
1173.765137 95.10
1182.270752 95.14
1190.838013 95.17
1199.467285 95.21
1208.15918 95.24
1216.91394 95.28
1225.732178 95.31
1234.61438 95.34
1243.560913 95.37
1252.572266 95.41
1261.648926 95.45
1270.791382 95.50
1280 95.54
1289.275391 95.59
1298.618042 95.63
1308.02832 95.67
1317.506836 95.72
1327.054077 95.76
1336.67041 95.80
1346.356567 95.84
1356.112793 95.88
1365.939697 95.91
1375.837891 95.95
1385.807739 95.99
1395.849854 96.03
1405.964844 96.06
1416.152954 96.10
1426.415039 96.14
1436.751465 96.17
1447.16272 96.21
1457.649414 96.25
1468.212158 96.28
1478.85144 96.32
1489.567871 96.36
1500.361816 96.39
1511.234131 96.43
1522.185059 96.47
1533.215454 96.51
1544.325806 96.55
1555.516602 96.58
1566.788574 96.62
1578.14209 96.66
1589.578003 96.70
1601.09668 96.75
1612.698975 96.79
1624.385254 96.84
1636.15625 96.89
1648.012451 96.94
1659.95459 96.99
1671.983398 97.04
1684.099243 97.09
1696.302856 97.14
1708.594971 97.20
1720.976196 97.25
1733.447144 97.31
1746.008423 97.36
1758.660645 97.42
1771.404663 97.48
1784.240967 97.53
1797.170288 97.59
1810.193359 97.65
1823.310791 97.72
1836.523193 97.78
1849.831421 97.84
1863.236084 97.91
1876.737793 97.97
1890.337524 98.04
1904.035645 98.11
1917.833008 98.18
1931.730469 98.25
1945.728638 98.32
1959.828125 98.39
1974.029907 98.47
1988.334473 98.54
2002.742798 98.62
2017.255493 98.70
2031.873291 98.78
2046.597168 98.86
2061.427734 98.94
2076.365479 99.02
2091.411865 99.11
2106.566895 99.19
2121.832031 99.28
2137.207764 99.36
2152.694824 99.45
2168.294189 99.54
2184.006592 99.62
2199.832764 99.71
2215.773682 99.80
2231.830078 99.89
2248.002686 99.98
2264.292725 100.07
2280.700684 100.16
2297.227539 100.25
2313.874268 100.34
2330.641602 100.43
2347.530273 100.52
2364.541504 100.61
2381.676025 100.70
2398.93457 100.79
2416.318359 100.87
2433.827881 100.96
2451.464355 101.04
2469.22876 101.12
2487.121826 101.20
2505.144531 101.28
2523.297852 101.35
2541.582764 101.43
2560 101.50
2578.550781 101.56
2597.236084 101.63
2616.056641 101.69
2635.013672 101.75
2654.108154 101.81
2673.34082 101.86
2692.713135 101.92
2712.225586 101.97
2731.879395 102.02
2751.675781 102.06
2771.615479 102.11
2791.699707 102.15
2811.929688 102.18
2832.305908 102.21
2852.830078 102.24
2873.50293 102.27
2894.325439 102.29
2915.298828 102.31
2936.424316 102.32
2957.702881 102.32
2979.135742 102.32
3000.723633 102.31
3022.468262 102.30
3044.370117 102.27
3066.430908 102.23
3088.651611 102.18
3111.033203 102.12
3133.577148 102.05
3156.28418 101.96
3179.156006 101.87
3202.193359 101.78
3225.397949 101.68
3248.770508 101.58
3272.3125 101.48
3296.024902 101.39
3319.90918 101.31
3343.966797 101.25
3368.198486 101.20
3392.605713 101.17
3417.189941 101.15
3441.952393 101.14
3466.894287 101.13
3492.016846 101.14
3517.321289 101.14
3542.809326 101.15
3568.481934 101.15
3594.340576 101.15
3620.386719 101.15
3646.621582 101.14
3673.046387 101.12
3699.662842 101.10
3726.472168 101.07
3753.475586 101.04
3780.675049 101.00
3808.071289 100.95
3835.666016 100.90
3863.460938 100.84
3891.457275 100.77
3919.65625 100.69
3948.059814 100.59
3976.668945 100.49
4005.485596 100.37
4034.510986 100.22
4063.746582 100.07
4093.194336 99.89
4122.855469 99.71
4152.730957 99.52
4182.82373 99.33
4213.133789 99.13
4243.664062 98.94
4274.415527 98.75
4305.389648 98.56
4336.588379 98.38
4368.013184 98.20
4399.665527 98.03
4431.547363 97.85
4463.660156 97.68
4496.005371 97.50
4528.585449 97.32
4561.401367 97.14
4594.455078 96.96
4627.748535 96.77
4661.283203 96.58
4695.060547 96.39
4729.083008 96.20
4763.352051 96.01
4797.869141 95.81
4832.636719 95.62
4867.655762 95.44
4902.928711 95.25
4938.45752 95.07
4974.243652 94.90
5010.289062 94.74
5046.595703 94.58
5083.165527 94.44
5120 94.31
5157.101562 94.18
5194.472168 94.06
5232.113281 93.95
5270.027344 93.85
5308.216309 93.75
5346.681641 93.65
5385.42627 93.56
5424.451172 93.47
5463.758789 93.38
5503.351562 93.30
5543.230957 93.22
5583.399414 93.15
5623.859375 93.08
5664.611816 93.02
5705.660156 92.97
5747.005859 92.92
5788.650879 92.89
5830.597656 92.86
5872.848633 92.84
5915.405762 92.84
5958.271484 92.85
6001.447266 92.87
6044.936523 92.90
6088.740234 92.94
6132.861816 93.00
6177.303223 93.08
6222.066406 93.16
6267.154297 93.27
6312.568359 93.38
6358.312012 93.51
6404.386719 93.65
6450.795898 93.81
6497.541016 93.98
6544.625 94.18
6592.049805 94.39
6639.818359 94.63
6687.933594 94.88
6736.396973 95.16
6785.211426 95.45
6834.379883 95.76
6883.904785 96.09
6933.788574 96.43
6984.033691 96.78
7034.642578 97.13
7085.618652 97.47
7136.963867 97.80
7188.681152 98.11
7240.773438 98.39
7293.243164 98.61
7346.092773 98.79
7399.325684 98.91
7452.944336 98.98
7506.951172 99.01
7561.350098 99.00
7616.142578 98.97
7671.332031 98.93
7726.921875 98.88
7782.914551 98.84
7839.3125 98.79
7896.119629 98.75
7953.337891 98.72
8010.971191 98.69
8069.021973 98.65
8127.493164 98.60
8186.388672 98.53
8245.710938 98.43
8305.461914 98.30
8365.647461 98.13
8426.267578 97.92
8487.328125 97.68
8548.831055 97.41
8610.779297 97.13
8673.176758 96.84
8736.026367 96.55
8799.331055 96.26
8863.094727 96.00
8927.320312 95.75
8992.010742 95.53
9057.170898 95.35
9122.802734 95.19
9188.910156 95.07
9255.49707 94.98
9322.566406 94.93
9390.121094 94.92
9458.166016 94.95
9526.704102 95.02
9595.738281 95.11
9665.273438 95.25
9735.311523 95.41
9805.857422 95.59
9876.915039 95.81
9948.487305 96.05
10020.578125 96.31
10093.191406 96.59
10166.331055 96.88
10240 97.16
10314.203125 97.42
10388.944336 97.66
10464.226562 97.86
10540.054688 97.99
10616.432617 98.06
10693.363281 98.04
10770.852539 97.94
10848.902344 97.77
10927.517578 97.53
11006.703125 97.23
11086.461914 96.90
11166.798828 96.54
11247.71875 96.17
11329.223633 95.79
11411.320312 95.42
11494.011719 95.06
11577.301758 94.73
11661.195312 94.41
11745.697266 94.12
11830.811523 93.85
11916.542969 93.60
12002.894531 93.36
12089.873047 93.15
12177.480469 92.95
12265.723633 92.76
12354.606445 92.59
12444.132812 92.44
12534.308594 92.32
12625.136719 92.23
12716.624023 92.18
12808.773438 92.19
12901.591797 92.25
12995.082031 92.36
13089.25 92.53
13184.099609 92.75
13279.636719 93.00
13375.867188 93.26
13472.793945 93.49
13570.422852 93.64
13668.759766 93.64
13767.80957 93.42
13867.577148 92.95
13968.067383 92.22
14069.285156 91.32
14171.237305 90.38
14273.927734 89.57
14377.362305 89.07
14481.546875 88.96
14586.486328 89.25
14692.185547 89.83
14798.651367 90.62
14905.888672 91.52
15013.902344 92.46
15122.700195 93.37
15232.285156 94.22
15342.664062 94.95
15453.84375 95.53
15565.829102 95.92
15678.625 96.13
15792.239258 96.18
15906.675781 96.13
16021.942383 96.04
16138.043945 95.97
16254.986328 95.91
16372.777344 95.87
16491.421875 95.80
16610.923828 95.71
16731.294922 95.60
16852.535156 95.51
16974.65625 95.47
17097.662109 95.51
17221.558594 95.63
17346.353516 95.84
17472.052734 96.13
17598.662109 96.50
17726.189453 96.94
17854.640625 97.43
17984.021484 97.96
18114.341797 98.51
18245.605469 99.03
18377.820312 99.48
18510.994141 99.81
18645.132812 99.97
18780.242188 99.94
18916.332031 99.74
19053.408203 99.39
19191.476562 98.94
19330.546875 98.45
19470.623047 97.97
19611.714844 97.53
19753.830078 97.16
19896.974609 96.90
