20.290907 102.00
20.437943 102.01
20.586044 102.02
20.73522 102.03
20.885475 102.04
21.036821 102.05
21.189262 102.06
21.342808 102.06
21.497467 102.07
21.653246 102.08
21.810154 102.08
21.968201 102.09
22.12739 102.10
22.287735 102.11
22.449242 102.12
22.611917 102.12
22.775772 102.13
22.940815 102.14
23.107054 102.15
23.274498 102.16
23.443153 102.17
23.613033 102.17
23.784142 102.18
23.956491 102.18
24.130091 102.19
24.304947 102.19
24.481071 102.20
24.65847 102.20
24.837156 102.20
25.017136 102.20
25.198421 102.20
25.38102 102.21
25.564941 102.21
25.750195 102.21
25.93679 102.21
26.124741 102.21
26.314051 102.21
26.504732 102.21
26.696796 102.22
26.890253 102.22
27.085112 102.22
27.281382 102.22
27.479073 102.23
27.678198 102.23
27.878765 102.23
28.080786 102.22
28.284271 102.22
28.489231 102.22
28.695675 102.21
28.903616 102.21
29.113064 102.21
29.324028 102.21
29.536524 102.21
29.750557 102.21
29.966141 102.21
30.183289 102.21
30.40201 102.21
30.622314 102.20
30.844217 102.20
31.067726 102.19
31.292856 102.18
31.519617 102.17
31.74802 102.16
31.978081 102.16
32.209808 102.15
32.443211 102.15
32.67831 102.14
32.915108 102.14
33.153625 102.14
33.393871 102.13
33.635857 102.12
33.879597 102.12
34.125103 102.11
34.372387 102.10
34.621464 102.09
34.872345 102.09
35.125042 102.08
35.379574 102.07
35.635948 102.06
35.89418 102.06
36.154285 102.05
36.416275 102.04
36.680161 102.03
36.945961 102.02
37.213688 102.01
37.483353 102.00
37.754974 101.99
38.028561 101.98
38.304131 101.97
38.581699 101.95
38.861279 101.94
39.142883 101.93
39.426529 101.92
39.712231 101.92
40 101.91
40.289856 101.90
40.581814 101.89
40.875885 101.88
41.172089 101.88
41.47044 101.87
41.77095 101.87
42.073643 101.87
42.378525 101.86
42.685616 101.84
42.994934 101.83
43.306492 101.81
43.620308 101.79
43.936401 101.78
44.25478 101.76
44.57547 101.75
44.898483 101.73
45.223835 101.71
45.551544 101.70
45.88163 101.68
46.214108 101.66
46.548996 101.65
46.886307 101.63
47.226067 101.62
47.568283 101.61
47.912983 101.59
48.260181 101.58
48.609894 101.56
48.962143 101.55
49.31694 101.54
49.674313 101.53
50.034271 101.51
50.396843 101.50
50.762039 101.48
51.129883 101.47
51.500389 101.45
51.873581 101.44
52.249481 101.42
52.628101 101.40
53.009464 101.38
53.393593 101.35
53.780506 101.33
54.170223 101.31
54.562763 101.29
54.958145 101.27
55.356396 101.24
55.75753 101.22
56.161572 101.19
56.568542 101.17
56.978462 101.15
57.39135 101.12
57.807232 101.10
58.226128 101.07
58.648056 101.05
59.073048 101.02
59.501114 101.00
59.932281 100.97
60.366577 100.95
60.80402 100.92
61.244629 100.90
61.688435 100.87
62.135452 100.85
62.585712 100.82
63.039234 100.80
63.49604 100.77
63.956161 100.75
64.419617 100.73
64.886421 100.71
65.356621 100.69
65.830215 100.66
66.307251 100.64
66.787743 100.62
67.271713 100.59
67.759193 100.57
68.250206 100.55
68.744774 100.53
69.242928 100.50
69.74469 100.48
70.250084 100.45
70.759148 100.43
71.271896 100.40
71.788361 100.38
72.308571 100.35
72.83255 100.33
73.360321 100.30
73.891922 100.27
74.427376 100.25
74.966705 100.22
75.509949 100.19
76.057121 100.16
76.608261 100.13
77.163399 100.10
77.722557 100.06
78.285767 100.03
78.853058 100.00
79.424461 99.98
80 99.96
80.579712 99.95
81.163628 99.93
81.75177 99.90
82.344177 99.88
82.94088 99.86
83.541901 99.83
84.147285 99.79
84.75705 99.76
85.371231 99.73
85.989868 99.72
86.612984 99.70
87.240616 99.69
87.872803 99.66
88.50956 99.64
89.15094 99.61
89.796967 99.57
90.44767 99.54
91.103088 99.51
91.76326 99.48
92.428215 99.46
93.097992 99.43
93.772614 99.41
94.452133 99.38
95.136566 99.35
95.825966 99.32
96.520363 99.29
97.219788 99.26
97.924286 99.23
98.633881 99.20
99.348625 99.17
100.068542 99.14
100.793686 99.10
101.524078 99.07
102.259766 99.04
103.000778 99.01
103.747162 98.97
104.498962 98.94
105.256203 98.91
106.018929 98.88
106.787186 98.84
107.561012 98.81
108.340446 98.78
109.125526 98.74
109.91629 98.71
110.712791 98.67
111.51506 98.64
112.323143 98.61
113.137085 98.57
113.956924 98.54
114.7827 98.50
115.614464 98.47
116.452255 98.44
117.296112 98.40
118.146095 98.37
119.002228 98.34
119.864563 98.30
120.733154 98.27
121.60804 98.23
122.489258 98.20
123.376869 98.17
124.270905 98.13
125.171425 98.10
126.078468 98.07
126.992081 98.05
127.912323 98.02
128.839233 97.99
129.772842 97.97
130.713242 97.94
131.660431 97.92
132.614502 97.89
133.575485 97.86
134.543427 97.84
135.518387 97.81
136.500412 97.79
137.489548 97.76
138.485855 97.73
139.48938 97.71
140.500168 97.68
141.518295 97.66
142.543793 97.63
143.576721 97.61
144.617142 97.58
145.6651 97.55
146.720642 97.53
147.783844 97.50
148.854752 97.48
149.933411 97.45
151.019897 97.42
152.114243 97.40
153.216522 97.37
154.326797 97.35
155.445114 97.32
156.571533 97.30
157.706116 97.27
158.848923 97.25
160 97.22
161.159424 97.19
162.327255 97.15
163.50354 97.12
164.688354 97.09
165.88176 97.06
167.083801 97.02
168.294571 96.99
169.514099 96.96
170.742462 96.93
171.979736 96.89
173.225967 96.86
174.481232 96.83
175.745605 96.80
177.019119 96.76
178.30188 96.73
179.593933 96.70
180.89534 96.67
182.206177 96.63
183.52652 96.60
184.85643 96.57
186.195984 96.54
187.545227 96.51
188.904266 96.47
190.273132 96.44
191.651932 96.41
193.040726 96.38
194.439575 96.35
195.848572 96.32
197.267761 96.29
198.69725 96.25
200.137085 96.23
201.587372 96.20
203.048157 96.17
204.519531 96.14
206.001556 96.12
207.494324 96.09
208.997925 96.06
210.512405 96.04
212.037857 96.01
213.574371 95.99
215.122025 95.96
216.680893 95.94
218.251053 95.91
219.832581 95.89
221.425583 95.86
223.030121 95.83
224.646286 95.81
226.27417 95.78
227.913849 95.76
229.565399 95.73
231.228928 95.71
232.90451 95.68
234.592224 95.66
236.292191 95.63
238.004456 95.61
239.729126 95.58
241.466309 95.56
243.21608 95.54
244.978516 95.51
246.753738 95.49
248.541809 95.47
250.34285 95.44
252.156937 95.41
253.984161 95.38
255.824646 95.36
257.678467 95.33
259.545685 95.30
261.426483 95.27
263.320862 95.25
265.229004 95.22
267.15097 95.19
269.086853 95.16
271.036774 95.14
273.000824 95.11
274.979095 95.09
276.97171 95.06
278.97876 95.03
281.000336 95.01
283.036591 94.98
285.087585 94.96
287.153442 94.94
289.234283 94.91
291.3302 94.89
293.441284 94.87
295.567688 94.84
297.709503 94.82
299.866821 94.80
302.039795 94.78
304.228485 94.76
306.433044 94.74
308.653595 94.72
310.890228 94.69
313.143066 94.67
315.412231 94.65
317.697845 94.64
320 94.62
322.318848 94.61
324.65451 94.59
327.00708 94.58
329.376709 94.56
331.763519 94.55
334.167603 94.53
336.589142 94.52
339.028198 94.50
341.484924 94.49
343.959473 94.48
346.451935 94.46
348.962463 94.45
351.491211 94.44
354.038239 94.42
356.60376 94.41
359.187866 94.40
361.79068 94.39
364.412354 94.38
367.05304 94.36
369.71286 94.35
372.391968 94.34
375.090454 94.33
377.808533 94.32
380.546265 94.31
383.303864 94.29
386.081451 94.28
388.87915 94.27
391.697144 94.26
394.535522 94.25
397.394501 94.24
400.27417 94.23
403.174744 94.22
406.096313 94.21
409.039062 94.20
412.003113 94.19
414.988647 94.18
417.99585 94.17
421.024811 94.17
424.075714 94.16
427.148743 94.15
430.244049 94.14
433.361786 94.13
436.502106 94.12
439.665161 94.12
442.851166 94.11
446.060242 94.10
449.292572 94.09
452.54834 94.09
455.827698 94.08
459.130798 94.07
462.457855 94.06
465.809021 94.06
469.184448 94.05
472.584381 94.04
476.008911 94.04
479.458252 94.03
482.932617 94.02
486.432159 94.02
489.957031 94.01
493.507477 94.01
497.083618 94.00
500.685699 94.00
504.313873 93.99
507.968323 93.99
511.649292 93.99
515.356934 93.99
519.09137 93.98
522.852966 93.98
526.641724 93.98
530.458008 93.98
534.301941 93.97
538.173706 93.97
542.073547 93.97
546.001648 93.96
549.958191 93.96
553.94342 93.95
557.95752 93.94
562.000671 93.94
566.073181 93.93
570.175171 93.92
574.306885 93.91
578.468567 93.90
582.6604 93.89
586.882568 93.89
591.135376 93.89
595.419006 93.89
599.733643 93.89
604.07959 93.90
608.45697 93.91
612.866089 93.93
617.30719 93.95
621.780457 93.97
626.286133 94.00
630.824463 94.02
635.395691 94.05
640 94.07
644.637695 94.09
649.309021 94.11
654.01416 94.13
658.753418 94.15
663.527039 94.17
668.335205 94.18
673.178284 94.19
678.056396 94.21
682.969849 94.22
687.918945 94.23
692.90387 94.25
697.924927 94.26
702.982422 94.27
708.076477 94.29
713.20752 94.31
718.375732 94.33
723.58136 94.35
728.824707 94.38
734.106079 94.40
739.42572 94.43
744.783936 94.46
750.180908 94.49
755.617065 94.52
761.092529 94.55
766.607727 94.58
772.162903 94.61
777.758301 94.64
783.394287 94.67
789.071045 94.71
794.789001 94.74
800.54834 94.77
806.349487 94.80
812.192627 94.83
818.078125 94.86
824.006226 94.90
829.977295 94.93
835.991699 94.97
842.049622 95.00
848.151428 95.04
854.297485 95.07
860.488098 95.11
866.723572 95.15
873.004211 95.19
879.330322 95.24
885.702332 95.28
892.120483 95.33
898.585144 95.38
905.09668 95.42
911.655396 95.47
918.261597 95.53
924.91571 95.58
931.618042 95.63
938.368896 95.69
945.168762 95.75
952.017822 95.81
958.916504 95.87
965.865234 95.93
972.864319 95.99
979.914062 96.06
987.014954 96.12
994.167236 96.19
1001.371399 96.25
1008.627747 96.30
1015.936646 96.35
1023.298584 96.41
1030.713867 96.46
1038.182739 96.51
1045.705933 96.56
1053.283447 96.62
1060.916016 96.67
1068.603882 96.73
1076.347412 96.79
1084.147095 96.84
1092.003296 96.90
1099.916382 96.96
1107.886841 97.02
1115.915039 97.08
1124.001343 97.14
1132.146362 97.20
1140.350342 97.26
1148.61377 97.32
1156.937134 97.39
1165.320801 97.45
1173.765137 97.52
1182.270752 97.58
1190.838013 97.65
1199.467285 97.72
1208.15918 97.78
1216.91394 97.85
1225.732178 97.92
1234.61438 97.99
1243.560913 98.06
1252.572266 98.13
1261.648926 98.21
1270.791382 98.29
1280 98.37
1289.275391 98.45
1298.618042 98.53
1308.02832 98.61
1317.506836 98.70
1327.054077 98.78
1336.67041 98.86
1346.356567 98.94
1356.112793 99.02
1365.939697 99.10
1375.837891 99.19
1385.807739 99.27
1395.849854 99.35
1405.964844 99.44
1416.152954 99.52
1426.415039 99.61
1436.751465 99.69
1447.16272 99.78
1457.649414 99.86
1468.212158 99.95
1478.85144 100.04
1489.567871 100.13
1500.361816 100.22
1511.234131 100.31
1522.185059 100.41
1533.215454 100.50
1544.325806 100.59
1555.516602 100.69
1566.788574 100.79
1578.14209 100.89
1589.578003 100.99
1601.09668 101.09
1612.698975 101.20
1624.385254 101.31
1636.15625 101.42
1648.012451 101.53
1659.95459 101.64
1671.983398 101.76
1684.099243 101.88
1696.302856 102.00
1708.594971 102.12
1720.976196 102.24
1733.447144 102.36
1746.008423 102.49
1758.660645 102.62
1771.404663 102.75
1784.240967 102.88
1797.170288 103.01
1810.193359 103.14
1823.310791 103.28
1836.523193 103.42
1849.831421 103.55
1863.236084 103.69
1876.737793 103.83
1890.337524 103.98
1904.035645 104.12
1917.833008 104.27
1931.730469 104.41
1945.728638 104.56
1959.828125 104.70
1974.029907 104.85
1988.334473 104.99
2002.742798 105.14
2017.255493 105.29
2031.873291 105.43
2046.597168 105.58
2061.427734 105.72
2076.365479 105.85
2091.411865 105.99
2106.566895 106.12
2121.832031 106.24
2137.207764 106.36
2152.694824 106.47
2168.294189 106.57
2184.006592 106.67
2199.832764 106.75
2215.773682 106.82
2231.830078 106.89
2248.002686 106.94
2264.292725 106.98
2280.700684 107.01
2297.227539 107.03
2313.874268 107.04
2330.641602 107.04
2347.530273 107.03
2364.541504 107.01
2381.676025 106.98
2398.93457 106.95
2416.318359 106.91
2433.827881 106.85
2451.464355 106.80
2469.22876 106.75
2487.121826 106.72
2505.144531 106.72
2523.297852 106.76
2541.582764 106.85
2560 106.99
2578.550781 107.16
2597.236084 107.33
2616.056641 107.50
2635.013672 107.63
2654.108154 107.72
2673.34082 107.77
2692.713135 107.79
2712.225586 107.79
2731.879395 107.76
2751.675781 107.72
2771.615479 107.66
2791.699707 107.59
2811.929688 107.50
2832.305908 107.40
2852.830078 107.29
2873.50293 107.17
2894.325439 107.04
2915.298828 106.92
2936.424316 106.79
2957.702881 106.66
2979.135742 106.53
3000.723633 106.41
3022.468262 106.29
3044.370117 106.16
3066.430908 106.04
3088.651611 105.93
3111.033203 105.81
3133.577148 105.70
3156.28418 105.59
3179.156006 105.50
3202.193359 105.40
3225.397949 105.32
3248.770508 105.23
3272.3125 105.15
3296.024902 105.08
3319.90918 105.00
3343.966797 104.94
3368.198486 104.87
3392.605713 104.80
3417.189941 104.74
3441.952393 104.67
3466.894287 104.59
3492.016846 104.51
3517.321289 104.42
3542.809326 104.32
3568.481934 104.22
3594.340576 104.12
3620.386719 104.02
3646.621582 103.93
3673.046387 103.86
3699.662842 103.80
3726.472168 103.75
3753.475586 103.71
3780.675049 103.68
3808.071289 103.65
3835.666016 103.63
3863.460938 103.61
3891.457275 103.59
3919.65625 103.56
3948.059814 103.53
3976.668945 103.50
4005.485596 103.46
4034.510986 103.41
4063.746582 103.36
4093.194336 103.29
4122.855469 103.22
4152.730957 103.15
4182.82373 103.07
4213.133789 102.98
4243.664062 102.87
4274.415527 102.76
4305.389648 102.65
4336.588379 102.53
4368.013184 102.41
4399.665527 102.29
4431.547363 102.18
4463.660156 102.07
4496.005371 101.97
4528.585449 101.86
4561.401367 101.75
4594.455078 101.64
4627.748535 101.53
4661.283203 101.40
4695.060547 101.27
4729.083008 101.13
4763.352051 100.98
4797.869141 100.83
4832.636719 100.67
4867.655762 100.50
4902.928711 100.33
4938.45752 100.15
4974.243652 99.97
5010.289062 99.79
5046.595703 99.61
5083.165527 99.43
5120 99.25
5157.101562 99.08
5194.472168 98.91
5232.113281 98.73
5270.027344 98.57
5308.216309 98.40
5346.681641 98.24
5385.42627 98.08
5424.451172 97.92
5463.758789 97.77
5503.351562 97.61
5543.230957 97.47
5583.399414 97.32
5623.859375 97.18
5664.611816 97.04
5705.660156 96.91
5747.005859 96.78
5788.650879 96.67
5830.597656 96.55
5872.848633 96.45
5915.405762 96.35
5958.271484 96.25
6001.447266 96.17
6044.936523 96.09
6088.740234 96.02
6132.861816 95.96
6177.303223 95.90
6222.066406 95.86
6267.154297 95.82
6312.568359 95.78
6358.312012 95.75
6404.386719 95.73
6450.795898 95.72
6497.541016 95.72
6544.625 95.73
6592.049805 95.75
6639.818359 95.79
6687.933594 95.84
6736.396973 95.90
6785.211426 95.98
6834.379883 96.08
6883.904785 96.19
6933.788574 96.31
6984.033691 96.45
7034.642578 96.62
7085.618652 96.80
7136.963867 97.00
7188.681152 97.22
7240.773438 97.47
7293.243164 97.74
7346.092773 98.03
7399.325684 98.34
7452.944336 98.68
7506.951172 99.04
7561.350098 99.42
7616.142578 99.81
7671.332031 100.21
7726.921875 100.62
7782.914551 101.01
7839.3125 101.36
7896.119629 101.66
7953.337891 101.86
8010.971191 101.96
8069.021973 101.91
8127.493164 101.71
8186.388672 101.35
8245.710938 100.84
8305.461914 100.22
8365.647461 99.52
8426.267578 98.77
8487.328125 98.01
8548.831055 97.26
8610.779297 96.54
8673.176758 95.84
8736.026367 95.19
8799.331055 94.56
8863.094727 93.97
8927.320312 93.41
8992.010742 92.89
9057.170898 92.39
9122.802734 91.93
9188.910156 91.49
9255.49707 91.08
9322.566406 90.69
9390.121094 90.33
9458.166016 89.99
9526.704102 89.67
9595.738281 89.38
9665.273438 89.11
9735.311523 88.86
9805.857422 88.64
9876.915039 88.44
9948.487305 88.26
10020.578125 88.11
10093.191406 87.97
10166.331055 87.87
10240 87.78
10314.203125 87.72
10388.944336 87.69
10464.226562 87.67
10540.054688 87.69
10616.432617 87.73
10693.363281 87.80
10770.852539 87.90
10848.902344 88.03
10927.517578 88.19
11006.703125 88.39
11086.461914 88.62
11166.798828 88.89
11247.71875 89.21
11329.223633 89.57
11411.320312 89.98
11494.011719 90.45
11577.301758 90.97
11661.195312 91.56
11745.697266 92.22
11830.811523 92.94
11916.542969 93.73
12002.894531 94.58
12089.873047 95.44
12177.480469 96.27
12265.723633 96.97
12354.606445 97.45
12444.132812 97.62
12534.308594 97.45
12625.136719 96.95
12716.624023 96.21
12808.773438 95.34
12901.591797 94.42
12995.082031 93.51
13089.25 92.66
13184.099609 91.88
13279.636719 91.19
13375.867188 90.56
13472.793945 90.02
13570.422852 89.55
13668.759766 89.15
13767.80957 88.81
13867.577148 88.55
13968.067383 88.34
14069.285156 88.20
14171.237305 88.12
14273.927734 88.10
14377.362305 88.15
14481.546875 88.28
14586.486328 88.49
14692.185547 88.78
14798.651367 89.15
14905.888672 89.61
15013.902344 90.15
15122.700195 90.77
15232.285156 91.45
15342.664062 92.17
15453.84375 92.89
15565.829102 93.54
15678.625 94.06
15792.239258 94.37
15906.675781 94.45
16021.942383 94.33
16138.043945 94.05
16254.986328 93.65
16372.777344 93.15
16491.421875 92.54
16610.923828 91.79
16731.294922 90.87
16852.535156 89.72
16974.65625 88.35
17097.662109 86.79
17221.558594 85.08
17346.353516 83.30
17472.052734 81.51
17598.662109 79.74
17726.189453 78.03
17854.640625 76.38
17984.021484 74.80
18114.341797 73.29
18245.605469 71.84
18377.820312 70.46
18510.994141 69.15
18645.132812 67.91
18780.242188 66.72
18916.332031 65.61
19053.408203 64.57
19191.476562 63.61
19330.546875 62.74
19470.623047 61.97
19611.714844 61.30
19753.830078 60.74
19896.974609 60.32
