20.000000	97.071
20.290907	97.086
20.586045	97.097
20.885476	97.103
21.189262	97.104
21.497467	97.101
21.810155	97.093
22.127391	97.079
22.449241	97.063
22.775773	97.042
23.107054	97.018
23.443154	96.991
23.784142	96.960
24.130091	96.926
24.481071	96.888
24.837156	96.847
25.198421	96.804
25.564940	96.757
25.936791	96.708
26.314050	96.656
26.696797	96.603
27.085111	96.548
27.479073	96.491
27.878765	96.431
28.284271	96.369
28.695675	96.305
29.113064	96.239
29.536523	96.173
29.966142	96.105
30.402009	96.036
30.844217	95.965
31.292856	95.893
31.748021	95.821
32.209807	95.748
32.678309	95.675
33.153626	95.600
33.635857	95.524
34.125101	95.448
34.621462	95.370
35.125043	95.291
35.635949	95.212
36.154286	95.130
36.680162	95.048
37.213687	94.967
37.754973	94.887
38.304131	94.805
38.861278	94.723
39.426528	94.640
40.000000	94.557
40.581813	94.475
41.172089	94.391
41.770951	94.308
42.378524	94.225
42.994934	94.143
43.620309	94.060
44.254781	93.977
44.898482	93.894
45.551545	93.811
46.214108	93.729
46.886308	93.649
47.568285	93.571
48.260181	93.496
48.962142	93.424
49.674312	93.353
50.396842	93.285
51.129881	93.217
51.873582	93.149
52.628101	93.082
53.393594	93.015
54.170222	92.949
54.958146	92.884
55.757531	92.822
56.568542	92.761
57.391351	92.701
58.226127	92.643
59.073046	92.586
59.932283	92.529
60.804018	92.473
61.688433	92.419
62.585712	92.365
63.496042	92.312
64.419613	92.258
65.356618	92.204
66.307252	92.151
67.271713	92.099
68.250203	92.049
69.242925	92.000
70.250086	91.950
71.271897	91.900
72.308571	91.849
73.360323	91.797
74.427374	91.743
75.509945	91.688
76.608262	91.632
77.722555	91.575
78.853056	91.517
80.000000	91.457
81.163627	91.394
82.344179	91.329
83.541903	91.262
84.757048	91.192
85.989867	91.120
87.240619	91.046
88.509563	90.971
89.796964	90.895
91.103091	90.816
92.428216	90.734
93.772615	90.649
95.136569	90.560
96.520362	90.469
97.924283	90.374
99.348625	90.278
100.793684	90.181
102.259762	90.083
103.747164	89.983
105.256202	89.880
106.787188	89.774
108.340444	89.664
109.916292	89.552
111.515061	89.439
113.137085	89.325
114.782702	89.211
116.452255	89.097
118.146092	88.982
119.864566	88.867
121.608036	88.751
123.376866	88.634
125.171424	88.518
126.992084	88.403
128.839227	88.291
130.713236	88.179
132.614504	88.070
134.543426	87.965
136.500406	87.865
138.485850	87.771
140.500173	87.682
142.543795	87.597
144.617142	87.516
146.720647	87.442
148.854748	87.373
151.019890	87.310
153.216525	87.254
155.445111	87.207
157.706112	87.167
160.000000	87.135
162.327254	87.113
164.688358	87.098
167.083805	87.090
169.514095	87.089
171.979734	87.091
174.481237	87.098
177.019125	87.112
179.593928	87.131
182.206182	87.158
184.856431	87.195
187.545230	87.241
190.273138	87.300
193.040725	87.370
195.848567	87.449
198.697250	87.535
201.587368	87.621
204.519524	87.704
207.494329	87.782
210.512403	87.857
213.574377	87.931
216.680888	88.009
219.832584	88.090
223.030122	88.177
226.274170	88.267
229.565404	88.360
232.904509	88.451
236.292183	88.537
239.729132	88.618
243.216073	88.692
246.753732	88.762
250.342848	88.831
253.984168	88.900
257.678453	88.968
261.426473	89.035
265.229008	89.100
269.086853	89.164
273.000811	89.225
276.971700	89.285
281.000346	89.345
285.087590	89.404
289.234284	89.461
293.441294	89.515
297.709496	89.567
302.039780	89.618
306.433050	89.666
310.890221	89.711
315.412224	89.754
320.000000	89.794
324.654507	89.831
329.376716	89.867
334.167610	89.901
339.028190	89.934
343.959469	89.966
348.962474	89.994
354.038251	90.021
359.187855	90.048
364.412363	90.075
369.712863	90.103
375.090460	90.130
380.546277	90.155
386.081450	90.177
391.697134	90.198
397.394500	90.219
403.174736	90.240
409.039048	90.259
414.988657	90.276
421.024807	90.291
427.148753	90.302
433.361775	90.311
439.665167	90.314
446.060244	90.314
452.548340	90.310
459.130807	90.302
465.809019	90.291
472.584367	90.276
479.458265	90.258
486.432146	90.237
493.507464	90.212
500.685695	90.183
507.968337	90.150
515.356906	90.110
522.852945	90.066
530.458016	90.015
538.173706	89.960
546.001623	89.898
553.943399	89.833
562.000691	89.764
570.175180	89.692
578.468569	89.614
586.882588	89.532
595.418991	89.445
604.079560	89.354
612.866100	89.258
621.780442	89.157
630.824447	89.052
640.000000	88.941
649.309014	88.826
658.753431	88.709
668.335221	88.591
678.056380	88.469
687.918938	88.346
697.924949	88.224
708.076501	88.105
718.375711	87.991
728.824726	87.878
739.425726	87.768
750.180921	87.660
761.092554	87.558
772.162900	87.464
783.394268	87.378
794.789000	87.303
806.349472	87.241
818.078095	87.192
829.977315	87.155
842.049613	87.131
854.297507	87.122
866.723550	87.129
879.330334	87.151
892.120489	87.189
905.096680	87.241
918.261614	87.309
931.618037	87.392
945.168733	87.488
958.916529	87.597
972.864291	87.716
987.014928	87.846
1001.371391	87.988
1015.936673	88.138
1030.713812	88.297
1045.705890	88.465
1060.916032	88.638
1076.347412	88.814
1092.003245	88.995
1107.886798	89.178
1124.001383	89.364
1140.350359	89.551
1156.937137	89.739
1173.765175	89.929
1190.837983	90.116
1208.159120	90.304
1225.732199	90.489
1243.560885	90.675
1261.648894	90.860
1280.000000	91.045
1298.618029	91.227
1317.506863	91.411
1336.670442	91.595
1356.112761	91.780
1375.837875	91.965
1395.849898	92.152
1416.153002	92.344
1436.751422	92.538
1457.649452	92.736
1478.851452	92.937
1500.361842	93.141
1522.185107	93.349
1544.325799	93.559
1566.788535	93.773
1589.577999	93.989
1612.698944	94.206
1636.156190	94.422
1659.954630	94.638
1684.099226	94.850
1708.595013	95.057
1733.447100	95.255
1758.660669	95.440
1784.240977	95.610
1810.193360	95.762
1836.523229	95.894
1863.236074	96.001
1890.337467	96.081
1917.833058	96.131
1945.728583	96.149
1974.029857	96.136
2002.742782	96.088
2031.873347	96.013
2061.427625	95.914
2091.411780	95.794
2121.832065	95.657
2152.694823	95.504
2184.006490	95.343
2215.773596	95.174
2248.002765	95.004
2280.700718	94.834
2313.874274	94.670
2347.530351	94.512
2381.675966	94.365
2416.318240	94.225
2451.464399	94.098
2487.121769	93.980
2523.297789	93.873
2560.000000	93.776
2597.236057	93.686
2635.013726	93.602
2673.340883	93.522
2712.225522	93.442
2751.675750	93.362
2791.699796	93.279
2832.306004	93.188
2873.502844	93.089
2915.298905	92.981
2957.702904	92.868
3000.723683	92.757
3044.370214	92.658
3088.651599	92.568
3133.577071	92.489
3179.155999	92.415
3225.397888	92.333
3272.312380	92.238
3319.909260	92.131
3368.198452	92.021
3417.190027	91.905
3466.894200	91.774
3517.321337	91.627
3568.481954	91.471
3620.386720	91.321
3673.046457	91.185
3726.472148	91.060
3780.674934	90.945
3835.666117	90.837
3891.457165	90.745
3948.059713	90.662
4005.485564	90.594
4063.746693	90.538
4122.855250	90.495
4182.823560	90.465
4243.664130	90.449
4305.389646	90.447
4368.012981	90.459
4431.547192	90.485
4496.005531	90.520
4561.401437	90.563
4627.748549	90.606
4695.060701	90.643
4763.351932	90.665
4832.636481	90.664
4902.928797	90.632
4974.243539	90.572
5046.595577	90.475
5120.000000	90.349
5194.472115	90.193
5270.027452	90.009
5346.681766	89.805
5424.451043	89.586
5503.351500	89.359
5583.399591	89.132
5664.612008	88.912
5747.005687	88.702
5830.597810	88.507
5915.405808	88.329
6001.447367	88.176
6088.740429	88.057
6177.303198	87.977
6267.154142	87.943
6358.311998	87.962
6450.795775	88.035
6544.624761	88.165
6639.818520	88.355
6736.396904	88.609
6834.380053	88.931
6933.788400	89.331
7034.642675	89.819
7136.963909	90.402
7240.773439	91.088
7346.092914	91.874
7452.944296	92.750
7561.349867	93.686
7671.332234	94.610
7782.914330	95.443
7896.119426	96.084
8010.971128	96.401
8127.493386	96.320
8245.710500	95.828
8365.647121	94.966
8487.328260	93.865
8610.779292	92.615
8736.025961	91.314
8863.094385	90.038
8992.011061	88.830
9122.802874	87.719
9255.497097	86.720
9390.121402	85.832
9526.703863	85.055
9665.272962	84.385
9805.857594	83.819
9948.487077	83.357
10093.191154	83.003
10240.000000	82.743
10388.944230	82.573
10540.054903	82.494
10693.363532	82.491
10848.902086	82.566
11006.703001	82.720
11166.799182	82.950
11329.224017	83.279
11494.011375	83.692
11661.195620	84.242
11830.811616	84.884
12002.894734	85.646
12177.480858	86.469
12354.606395	87.325
12534.308283	88.134
12716.623996	88.793
12901.591551	89.133
13089.249521	89.297
13279.637040	89.146
13472.793808	88.670
13668.760107	87.978
13867.576801	87.164
14069.285350	86.330
14273.927818	85.524
14481.546879	84.817
14692.185828	84.238
14905.888592	83.769
15122.699734	83.419
15342.664467	83.210
15565.828661	83.169
15792.238852	83.323
16021.942256	83.684
16254.986772	84.233
16491.420999	84.897
16731.294241	85.540
16974.656520	85.992
17221.558584	86.092
17472.051922	85.731
17726.188769	84.885
17984.022122	83.621
18245.605748	82.074
18510.994194	80.396
18780.242805	78.728
19053.407727	77.155
19330.545924	75.739
19611.715189	74.584
19896.974155	74.117
20186.382308	74.117
