20.000000	102.420
20.290907	102.444
20.586045	102.468
20.885476	102.495
21.189262	102.523
21.497467	102.552
21.810155	102.581
22.127391	102.610
22.449241	102.637
22.775773	102.660
23.107054	102.682
23.443154	102.703
23.784142	102.724
24.130091	102.746
24.481071	102.767
24.837156	102.788
25.198421	102.808
25.564940	102.827
25.936791	102.844
26.314050	102.861
26.696797	102.878
27.085111	102.897
27.479073	102.916
27.878765	102.935
28.284271	102.950
28.695675	102.962
29.113064	102.972
29.536523	102.981
29.966142	102.994
30.402009	103.008
30.844217	103.021
31.292856	103.033
31.748021	103.044
32.209807	103.055
32.678309	103.066
33.153626	103.078
33.635857	103.089
34.125101	103.098
34.621462	103.106
35.125043	103.112
35.635949	103.119
36.154286	103.126
36.680162	103.135
37.213687	103.144
37.754973	103.153
38.304131	103.160
38.861278	103.165
39.426528	103.167
40.000000	103.167
40.581813	103.168
41.172089	103.173
41.770951	103.179
42.378524	103.184
42.994934	103.187
43.620309	103.190
44.254781	103.193
44.898482	103.196
45.551545	103.195
46.214108	103.189
46.886308	103.186
47.568285	103.187
48.260181	103.181
48.962142	103.170
49.674312	103.164
50.396842	103.137
51.129881	103.084
51.873582	103.051
52.628101	103.084
53.393594	103.131
54.170222	103.150
54.958146	103.158
55.757531	103.170
56.568542	103.176
57.391351	103.177
58.226127	103.174
59.073046	103.169
59.932283	103.162
60.804018	103.151
61.688433	103.142
62.585712	103.137
63.496042	103.134
64.419613	103.132
65.356618	103.128
66.307252	103.123
67.271713	103.113
68.250203	103.100
69.242925	103.087
70.250086	103.073
71.271897	103.059
72.308571	103.046
73.360323	103.034
74.427374	103.022
75.509945	103.010
76.608262	102.998
77.722555	102.983
78.853056	102.968
80.000000	102.951
81.163627	102.936
82.344179	102.920
83.541903	102.904
84.757048	102.888
85.989867	102.871
87.240619	102.854
88.509563	102.837
89.796964	102.819
91.103091	102.801
92.428216	102.782
93.772615	102.762
95.136569	102.740
96.520362	102.720
97.924283	102.698
99.348625	102.675
100.793684	102.651
102.259762	102.626
103.747164	102.600
105.256202	102.576
106.787188	102.551
108.340444	102.524
109.916292	102.497
111.515061	102.469
113.137085	102.440
114.782702	102.411
116.452255	102.380
118.146092	102.349
119.864566	102.317
121.608036	102.284
123.376866	102.250
125.171424	102.215
126.992084	102.179
128.839227	102.141
130.713236	102.103
132.614504	102.063
134.543426	102.021
136.500406	101.978
138.485850	101.933
140.500173	101.885
142.543795	101.836
144.617142	101.785
146.720647	101.731
148.854748	101.675
151.019890	101.617
153.216525	101.558
155.445111	101.500
157.706112	101.446
160.000000	101.396
162.327254	101.357
164.688358	101.333
167.083805	101.333
169.514095	101.359
171.979734	101.396
174.481237	101.422
177.019125	101.419
179.593928	101.390
182.206182	101.357
184.856431	101.349
187.545230	101.384
190.273138	101.447
193.040725	101.492
195.848567	101.497
198.697250	101.464
201.587368	101.406
204.519524	101.338
207.494329	101.265
210.512403	101.192
213.574377	101.120
216.680888	101.051
219.832584	100.982
223.030122	100.914
226.274170	100.847
229.565404	100.780
232.904509	100.715
236.292183	100.650
239.729132	100.587
243.216073	100.523
246.753732	100.458
250.342848	100.395
253.984168	100.330
257.678453	100.266
261.426473	100.202
265.229008	100.138
269.086853	100.074
273.000811	100.010
276.971700	99.946
281.000346	99.881
285.087590	99.816
289.234284	99.751
293.441294	99.686
297.709496	99.621
302.039780	99.556
306.433050	99.490
310.890221	99.425
315.412224	99.359
320.000000	99.293
324.654507	99.227
329.376716	99.161
334.167610	99.096
339.028190	99.030
343.959469	98.965
348.962474	98.900
354.038251	98.834
359.187855	98.770
364.412363	98.706
369.712863	98.641
375.090460	98.577
380.546277	98.512
386.081450	98.446
391.697134	98.379
397.394500	98.313
403.174736	98.248
409.039048	98.183
414.988657	98.120
421.024807	98.059
427.148753	97.999
433.361775	97.940
439.665167	97.881
446.060244	97.820
452.548340	97.757
459.130807	97.695
465.809019	97.632
472.584367	97.569
479.458265	97.508
486.432146	97.448
493.507464	97.388
500.685695	97.328
507.968337	97.270
515.356906	97.212
522.852945	97.156
530.458016	97.100
538.173706	97.044
546.001623	96.990
553.943399	96.937
562.000691	96.885
570.175180	96.834
578.468569	96.785
586.882588	96.736
595.418991	96.689
604.079560	96.643
612.866100	96.599
621.780442	96.556
630.824447	96.515
640.000000	96.476
649.309014	96.439
658.753431	96.404
668.335221	96.371
678.056380	96.340
687.918938	96.311
697.924949	96.285
708.076501	96.262
718.375711	96.241
728.824726	96.223
739.425726	96.209
750.180921	96.198
761.092554	96.190
772.162900	96.186
783.394268	96.186
794.789000	96.190
806.349472	96.199
818.078095	96.212
829.977315	96.230
842.049613	96.254
854.297507	96.282
866.723550	96.316
879.330334	96.356
892.120489	96.402
905.096680	96.453
918.261614	96.510
931.618037	96.574
945.168733	96.644
958.916529	96.720
972.864291	96.802
987.014928	96.890
1001.371391	96.983
1015.936673	97.081
1030.713812	97.184
1045.705890	97.291
1060.916032	97.403
1076.347412	97.517
1092.003245	97.634
1107.886798	97.753
1124.001383	97.873
1140.350359	97.995
1156.937137	98.117
1173.765175	98.240
1190.837983	98.359
1208.159120	98.476
1225.732199	98.564
1243.560885	98.613
1261.648894	98.593
1280.000000	98.595
1298.618029	98.705
1317.506863	98.819
1336.670442	98.936
1356.112761	99.035
1375.837875	99.116
1395.849898	99.183
1416.153002	99.234
1436.751422	99.277
1457.649452	99.303
1478.851452	99.317
1500.361842	99.314
1522.185107	99.292
1544.325799	99.251
1566.788535	99.191
1589.577999	99.111
1612.698944	99.011
1636.156190	98.890
1659.954630	98.752
1684.099226	98.601
1708.595013	98.440
1733.447100	98.276
1758.660669	98.115
1784.240977	97.964
1810.193360	97.826
1836.523229	97.704
1863.236074	97.596
1890.337467	97.502
1917.833058	97.419
1945.728583	97.343
1974.029857	97.271
2002.742782	97.200
2031.873347	97.128
2061.427625	97.052
2091.411780	96.971
2121.832065	96.885
2152.694823	96.792
2184.006490	96.695
2215.773596	96.592
2248.002765	96.485
2280.700718	96.375
2313.874274	96.262
2347.530351	96.147
2381.675966	96.031
2416.318240	95.914
2451.464399	95.798
2487.121769	95.684
2523.297789	95.572
2560.000000	95.463
2597.236057	95.358
2635.013726	95.257
2673.340883	95.161
2712.225522	95.070
2751.675750	94.987
2791.699796	94.910
2832.306004	94.844
2873.502844	94.788
2915.298905	94.746
2957.702904	94.720
3000.723683	94.712
3044.370214	94.717
3088.651599	94.728
3133.577071	94.744
3179.155999	94.768
3225.397888	94.805
3272.312380	94.857
3319.909260	94.922
3368.198452	94.997
3417.190027	95.079
3466.894200	95.168
3517.321337	95.263
3568.481954	95.365
3620.386720	95.475
3673.046457	95.590
3726.472148	95.711
3780.674934	95.834
3835.666117	95.958
3891.457165	96.075
3948.059713	96.186
4005.485564	96.277
4063.746693	96.347
4122.855250	96.386
4182.823560	96.390
4243.664130	96.356
4305.389646	96.285
4368.012981	96.176
4431.547192	96.028
4496.005531	95.850
4561.401437	95.642
4627.748549	95.415
4695.060701	95.177
4763.351932	94.937
4832.636481	94.708
4902.928797	94.507
4974.243539	94.339
5046.595577	94.226
5120.000000	94.167
5194.472115	94.179
5270.027452	94.268
5346.681766	94.431
5424.451043	94.662
5503.351500	94.951
5583.399591	95.277
5664.612008	95.611
5747.005687	95.930
5830.597810	96.219
5915.405808	96.469
6001.447367	96.685
6088.740429	96.885
6177.303198	97.100
6267.154142	97.353
6358.311998	97.658
6450.795775	98.014
6544.624761	98.415
6639.818520	98.846
6736.396904	99.294
6834.380053	99.748
6933.788400	100.203
7034.642675	100.667
7136.963909	101.154
7240.773439	101.684
7346.092914	102.278
7452.944296	102.953
7561.349867	103.715
7671.332234	104.522
7782.914330	105.301
7896.119426	105.931
8010.971128	106.210
8127.493386	105.995
8245.710500	105.250
8365.647121	104.053
8487.328260	102.622
8610.779292	101.113
8736.025961	99.662
8863.094385	98.332
8992.011061	97.144
9122.802874	96.102
9255.497097	95.208
9390.121402	94.450
9526.703863	93.828
9665.272962	93.337
9805.857594	92.975
9948.487077	92.740
10093.191154	92.638
10240.000000	92.671
10388.944230	92.852
10540.054903	93.191
10693.363532	93.655
10848.902086	94.204
11006.703001	94.737
11166.799182	95.119
11329.224017	95.144
11494.011375	94.826
11661.195620	94.053
11830.811616	93.156
12002.894734	92.212
12177.480858	91.372
12354.606395	90.777
12534.308283	90.382
12716.623996	90.265
12901.591551	90.475
13089.249521	90.850
13279.637040	91.506
13472.793808	92.494
13668.760107	93.787
13867.576801	95.302
14069.285350	96.700
14273.927818	97.758
14481.546879	97.755
14692.185828	96.518
14905.888592	94.628
15122.699734	92.428
15342.664467	90.168
15565.828661	87.964
15792.238852	85.858
16021.942256	83.886
16254.986772	82.107
16491.420999	80.574
16731.294241	79.268
16974.656520	78.137
17221.558584	77.161
17472.051922	76.343
17726.188769	75.694
17984.022122	75.189
18245.605748	74.710
18510.994194	74.025
18780.242805	72.860
19053.407727	71.068
19330.545924	68.706
19611.715189	66.007
19896.974155	63.558
20186.382308	62.790
