20.000000	101.983
20.290907	101.988
20.586045	101.987
20.885476	101.983
21.189262	101.982
21.497467	101.996
21.810155	102.021
22.127391	102.067
22.449241	102.119
22.775773	102.171
23.107054	102.210
23.443154	102.232
23.784142	102.238
24.130091	102.238
24.481071	102.244
24.837156	102.262
25.198421	102.299
25.564940	102.344
25.936791	102.388
26.314050	102.421
26.696797	102.436
27.085111	102.439
27.479073	102.437
27.878765	102.444
28.284271	102.473
28.695675	102.516
29.113064	102.561
29.536523	102.591
29.966142	102.590
30.402009	102.575
30.844217	102.572
31.292856	102.583
31.748021	102.589
32.209807	102.578
32.678309	102.560
33.153626	102.570
33.635857	102.618
34.125101	102.666
34.621462	102.668
35.125043	102.639
35.635949	102.633
36.154286	102.657
36.680162	102.653
37.213687	102.609
37.754973	102.610
38.304131	102.677
38.861278	102.768
39.426528	102.795
40.000000	102.753
40.581813	102.717
41.172089	102.675
41.770951	102.598
42.378524	102.581
42.994934	102.646
43.620309	102.674
44.254781	102.579
44.898482	102.492
45.551545	102.492
46.214108	102.493
46.886308	102.422
47.568285	102.375
48.260181	102.378
48.962142	102.374
49.674312	102.357
50.396842	102.318
51.129881	102.276
51.873582	102.272
52.628101	102.244
53.393594	102.176
54.170222	102.163
54.958146	102.196
55.757531	102.126
56.568542	102.083
57.391351	102.068
58.226127	102.042
59.073046	101.994
59.932283	101.994
60.804018	101.941
61.688433	101.904
62.585712	101.881
63.496042	101.849
64.419613	101.823
65.356618	101.788
66.307252	101.737
67.271713	101.731
68.250203	101.726
69.242925	101.658
70.250086	101.614
71.271897	101.566
72.308571	101.530
73.360323	101.477
74.427374	101.415
75.509945	101.311
76.608262	101.254
77.722555	101.272
78.853056	101.253
80.000000	101.148
81.163627	101.282
82.344179	101.238
83.541903	101.220
84.757048	101.234
85.989867	101.112
87.240619	100.922
88.509563	100.818
89.796964	100.725
91.103091	100.736
92.428216	100.698
93.772615	100.747
95.136569	100.439
96.520362	100.428
97.924283	100.351
99.348625	100.428
100.793684	100.358
102.259762	100.347
103.747164	100.374
105.256202	100.328
106.787188	100.261
108.340444	100.155
109.916292	100.082
111.515061	100.062
113.137085	100.006
114.782702	99.931
116.452255	99.882
118.146092	99.815
119.864566	99.748
121.608036	99.727
123.376866	99.651
125.171424	99.573
126.992084	99.554
128.839227	99.495
130.713236	99.424
132.614504	99.320
134.543426	99.250
136.500406	99.253
138.485850	99.222
140.500173	99.129
142.543795	99.125
144.617142	99.040
146.720647	99.031
148.854748	98.947
151.019890	98.849
153.216525	98.807
155.445111	98.778
157.706112	98.736
160.000000	98.673
162.327254	98.600
164.688358	98.523
167.083805	98.478
169.514095	98.428
171.979734	98.349
174.481237	98.340
177.019125	98.288
179.593928	98.191
182.206182	98.099
184.856431	98.097
187.545230	98.009
190.273138	97.999
193.040725	97.915
195.848567	97.896
198.697250	97.801
201.587368	97.750
204.519524	97.703
207.494329	97.624
210.512403	97.545
213.574377	97.485
216.680888	97.413
219.832584	97.364
223.030122	97.302
226.274170	97.260
229.565404	97.201
232.904509	97.131
236.292183	97.078
239.729132	97.090
243.216073	97.023
246.753732	96.946
250.342848	96.937
253.984168	96.864
257.678453	96.833
261.426473	96.792
265.229008	96.722
269.086853	96.668
273.000811	96.643
276.971700	96.584
281.000346	96.508
285.087590	96.504
289.234284	96.407
293.441294	96.387
297.709496	96.328
302.039780	96.317
306.433050	96.319
310.890221	96.272
315.412224	96.239
320.000000	96.210
324.654507	96.174
329.376716	96.130
334.167610	96.088
339.028190	96.059
343.959469	96.019
348.962474	95.989
354.038251	95.957
359.187855	95.909
364.412363	95.875
369.712863	95.820
375.090460	95.799
380.546277	95.752
386.081450	95.717
391.697134	95.665
397.394500	95.627
403.174736	95.604
409.039048	95.561
414.988657	95.523
421.024807	95.491
427.148753	95.454
433.361775	95.413
439.665167	95.370
446.060244	95.350
452.548340	95.323
459.130807	95.277
465.809019	95.240
472.584367	95.218
479.458265	95.200
486.432146	95.165
493.507464	95.136
500.685695	95.134
507.968337	95.130
515.356906	95.095
522.852945	95.066
530.458016	95.089
538.173706	95.035
546.001623	95.063
553.943399	95.051
562.000691	95.041
570.175180	95.065
578.468569	95.074
586.882588	95.077
595.418991	95.086
604.079560	95.105
612.866100	95.119
621.780442	95.143
630.824447	95.135
640.000000	95.166
649.309014	95.166
658.753431	95.157
668.335221	95.162
678.056380	95.169
687.918938	95.165
697.924949	95.161
708.076501	95.156
718.375711	95.155
728.824726	95.149
739.425726	95.136
750.180921	95.125
761.092554	95.136
772.162900	95.121
783.394268	95.113
794.789000	95.112
806.349472	95.112
818.078095	95.117
829.977315	95.128
842.049613	95.138
854.297507	95.148
866.723550	95.167
879.330334	95.193
892.120489	95.223
905.096680	95.258
918.261614	95.298
931.618037	95.348
945.168733	95.407
958.916529	95.468
972.864291	95.542
987.014928	95.627
1001.371391	95.715
1015.936673	95.817
1030.713812	95.926
1045.705890	96.049
1060.916032	96.174
1076.347412	96.314
1092.003245	96.455
1107.886798	96.603
1124.001383	96.754
1140.350359	96.910
1156.937137	97.074
1173.765175	97.241
1190.837983	97.406
1208.159120	97.574
1225.732199	97.741
1243.560885	97.905
1261.648894	98.070
1280.000000	98.244
1298.618029	98.397
1317.506863	98.553
1336.670442	98.701
1356.112761	98.844
1375.837875	98.986
1395.849898	99.119
1416.153002	99.243
1436.751422	99.368
1457.649452	99.492
1478.851452	99.607
1500.361842	99.715
1522.185107	99.822
1544.325799	99.924
1566.788535	100.023
1589.577999	100.122
1612.698944	100.220
1636.156190	100.321
1659.954630	100.423
1684.099226	100.525
1708.595013	100.628
1733.447100	100.732
1758.660669	100.838
1784.240977	100.947
1810.193360	101.055
1836.523229	101.165
1863.236074	101.278
1890.337467	101.391
1917.833058	101.504
1945.728583	101.620
1974.029857	101.738
2002.742782	101.853
2031.873347	101.973
2061.427625	102.088
2091.411780	102.203
2121.832065	102.321
2152.694823	102.438
2184.006490	102.554
2215.773596	102.667
2248.002765	102.781
2280.700718	102.891
2313.874274	102.997
2347.530351	103.100
2381.675966	103.201
2416.318240	103.298
2451.464399	103.388
2487.121769	103.474
2523.297789	103.556
2560.000000	103.633
2597.236057	103.704
2635.013726	103.771
2673.340883	103.830
2712.225522	103.885
2751.675750	103.932
2791.699796	103.971
2832.306004	104.005
2873.502844	104.034
2915.298905	104.056
2957.702904	104.070
3000.723683	104.076
3044.370214	104.072
3088.651599	104.059
3133.577071	104.034
3179.155999	103.996
3225.397888	103.949
3272.312380	103.887
3319.909260	103.810
3368.198452	103.722
3417.190027	103.634
3466.894200	103.551
3517.321337	103.479
3568.481954	103.419
3620.386720	103.369
3673.046457	103.335
3726.472148	103.306
3780.674934	103.272
3835.666117	103.235
3891.457165	103.197
3948.059713	103.157
4005.485564	103.115
4063.746693	103.071
4122.855250	103.031
4182.823560	102.984
4243.664130	102.939
4305.389646	102.892
4368.012981	102.840
4431.547192	102.779
4496.005531	102.713
4561.401437	102.638
4627.748549	102.545
4695.060701	102.438
4763.351932	102.324
4832.636481	102.211
4902.928797	102.110
4974.243539	102.015
5046.595577	101.926
5120.000000	101.839
5194.472115	101.751
5270.027452	101.663
5346.681766	101.575
5424.451043	101.485
5503.351500	101.390
5583.399591	101.294
5664.612008	101.192
5747.005687	101.085
5830.597810	100.974
5915.405808	100.860
6001.447367	100.736
6088.740429	100.601
6177.303198	100.462
6267.154142	100.321
6358.311998	100.182
6450.795775	100.044
6544.624761	99.915
6639.818520	99.797
6736.396904	99.695
6834.380053	99.611
6933.788400	99.550
7034.642675	99.518
7136.963909	99.524
7240.773439	99.545
7346.092914	99.579
7452.944296	99.613
7561.349867	99.655
7671.332234	99.709
7782.914330	99.767
7896.119426	99.819
8010.971128	99.824
8127.493386	99.716
8245.710500	99.439
8365.647121	98.966
8487.328260	98.343
8610.779292	97.583
8736.025961	96.710
8863.094385	95.752
8992.011061	94.732
9122.802874	93.699
9255.497097	92.741
9390.121402	92.000
9526.703863	91.626
9665.272962	91.685
9805.857594	92.043
9948.487077	92.507
10093.191154	92.945
10240.000000	93.346
10388.944230	93.643
10540.054903	93.809
10693.363532	93.793
10848.902086	93.569
11006.703001	93.197
11166.799182	92.780
11329.224017	92.412
11494.011375	92.094
11661.195620	91.926
11830.811616	91.819
12002.894734	91.835
12177.480858	91.942
12354.606395	92.213
12534.308283	92.609
12716.623996	93.159
12901.591551	93.970
13089.249521	94.927
13279.637040	96.172
13472.793808	97.823
13668.760107	99.969
13867.576801	102.593
14069.285350	104.744
14273.927818	105.598
14481.546879	103.480
14692.185828	100.576
14905.888592	98.184
15122.699734	96.347
15342.664467	94.976
15565.828661	93.981
15792.238852	93.300
16021.942256	92.881
16254.986772	92.741
16491.420999	92.862
16731.294241	93.233
16974.656520	93.786
17221.558584	94.265
17472.051922	94.120
17726.188769	92.702
17984.022122	89.449
18245.605748	88.211
18510.994194	85.909
18780.242805	83.159
19053.407727	79.532
19330.545924	75.407
19611.715189	70.172
19896.974155	67.371
20186.382308	67.371
