20.000000	90.839
20.290907	90.839
20.586045	90.976
20.885476	91.094
21.189262	91.208
21.497467	91.344
21.810155	91.498
22.127391	91.685
22.449241	91.883
22.775773	92.074
23.107054	92.241
23.443154	92.377
23.784142	92.485
24.130091	92.584
24.481071	92.688
24.837156	92.804
25.198421	92.938
25.564940	93.077
25.936791	93.214
26.314050	93.345
26.696797	93.465
27.085111	93.581
27.479073	93.693
27.878765	93.805
28.284271	93.920
28.695675	94.035
29.113064	94.148
29.536523	94.251
29.966142	94.336
30.402009	94.405
30.844217	94.468
31.292856	94.538
31.748021	94.621
32.209807	94.712
32.678309	94.801
33.153626	94.877
33.635857	94.937
34.125101	94.987
34.621462	95.040
35.125043	95.102
35.635949	95.170
36.154286	95.235
36.680162	95.291
37.213687	95.338
37.754973	95.375
38.304131	95.410
38.861278	95.451
39.426528	95.504
40.000000	95.561
40.581813	95.598
41.172089	95.608
41.770951	95.609
42.378524	95.625
42.994934	95.653
43.620309	95.682
44.254781	95.703
44.898482	95.712
45.551545	95.709
46.214108	95.699
46.886308	95.699
47.568285	95.711
48.260181	95.728
48.962142	95.736
49.674312	95.742
50.396842	95.754
51.129881	95.770
51.873582	95.789
52.628101	95.810
53.393594	95.827
54.170222	95.841
54.958146	95.865
55.757531	95.892
56.568542	95.900
57.391351	95.910
58.226127	95.921
59.073046	95.908
59.932283	95.867
60.804018	95.865
61.688433	95.869
62.585712	95.872
63.496042	95.877
64.419613	95.854
65.356618	95.823
66.307252	95.822
67.271713	95.810
68.250203	95.784
69.242925	95.784
70.250086	95.780
71.271897	95.761
72.308571	95.746
73.360323	95.729
74.427374	95.691
75.509945	95.653
76.608262	95.621
77.722555	95.589
78.853056	95.555
80.000000	95.536
81.163627	95.514
82.344179	95.478
83.541903	95.451
84.757048	95.429
85.989867	95.413
87.240619	95.385
88.509563	95.354
89.796964	95.323
91.103091	95.298
92.428216	95.273
93.772615	95.252
95.136569	95.224
96.520362	95.202
97.924283	95.187
99.348625	95.164
100.793684	95.137
102.259762	95.119
103.747164	95.099
105.256202	95.078
106.787188	95.064
108.340444	95.050
109.916292	95.035
111.515061	95.020
113.137085	95.007
114.782702	94.984
116.452255	94.980
118.146092	94.974
119.864566	94.892
121.608036	94.933
123.376866	94.938
125.171424	94.915
126.992084	94.919
128.839227	94.907
130.713236	94.903
132.614504	94.897
134.543426	94.896
136.500406	94.900
138.485850	94.902
140.500173	94.899
142.543795	94.915
144.617142	94.929
146.720647	94.945
148.854748	94.964
151.019890	94.985
153.216525	95.012
155.445111	95.044
157.706112	95.045
160.000000	95.065
162.327254	95.066
164.688358	95.069
167.083805	95.064
169.514095	95.070
171.979734	95.066
174.481237	95.060
177.019125	95.054
179.593928	95.052
182.206182	95.041
184.856431	95.043
187.545230	95.048
190.273138	95.065
193.040725	95.072
195.848567	95.078
198.697250	95.081
201.587368	95.086
204.519524	95.081
207.494329	95.063
210.512403	95.028
213.574377	94.971
216.680888	94.869
219.832584	94.739
223.030122	94.563
226.274170	94.377
229.565404	94.196
232.904509	94.038
236.292183	93.922
239.729132	93.859
243.216073	93.832
246.753732	93.852
250.342848	93.905
253.984168	93.982
257.678453	94.062
261.426473	94.149
265.229008	94.231
269.086853	94.303
273.000811	94.360
276.971700	94.417
281.000346	94.476
285.087590	94.532
289.234284	94.570
293.441294	94.590
297.709496	94.591
302.039780	94.582
306.433050	94.566
310.890221	94.549
315.412224	94.520
320.000000	94.458
324.654507	94.401
329.376716	94.342
334.167610	94.272
339.028190	94.190
343.959469	94.073
348.962474	93.925
354.038251	93.739
359.187855	93.542
364.412363	93.421
369.712863	93.483
375.090460	93.571
380.546277	93.706
386.081450	93.841
391.697134	93.982
397.394500	94.117
403.174736	94.247
409.039048	94.363
414.988657	94.466
421.024807	94.561
427.148753	94.620
433.361775	94.603
439.665167	94.529
446.060244	94.460
452.548340	94.440
459.130807	94.470
465.809019	94.554
472.584367	94.681
479.458265	94.794
486.432146	94.900
493.507464	94.982
500.685695	95.076
507.968337	95.176
515.356906	95.207
522.852945	95.155
530.458016	95.069
538.173706	95.045
546.001623	95.061
553.943399	95.111
562.000691	95.082
570.175180	95.026
578.468569	95.035
586.882588	95.101
595.418991	95.212
604.079560	95.324
612.866100	95.405
621.780442	95.422
630.824447	95.436
640.000000	95.367
649.309014	95.158
658.753431	94.858
668.335221	94.646
678.056380	94.325
687.918938	94.008
697.924949	93.750
708.076501	93.662
718.375711	93.675
728.824726	93.768
739.425726	93.932
750.180921	94.010
761.092554	93.961
772.162900	93.975
783.394268	94.098
794.789000	94.227
806.349472	94.381
818.078095	94.536
829.977315	94.620
842.049613	94.668
854.297507	94.766
866.723550	94.895
879.330334	94.995
892.120489	95.063
905.096680	95.154
918.261614	95.286
931.618037	95.427
945.168733	95.603
958.916529	95.865
972.864291	96.035
987.014928	96.135
1001.371391	96.199
1015.936673	96.196
1030.713812	96.074
1045.705890	96.133
1060.916032	95.857
1076.347412	95.512
1092.003245	94.784
1107.886798	94.457
1124.001383	94.405
1140.350359	94.529
1156.937137	94.715
1173.765175	94.834
1190.837983	94.973
1208.159120	95.054
1225.732199	94.977
1243.560885	95.169
1261.648894	95.428
1280.000000	95.382
1298.618029	95.369
1317.506863	95.361
1336.670442	95.339
1356.112761	95.475
1375.837875	95.727
1395.849898	95.805
1416.153002	95.941
1436.751422	95.974
1457.649452	95.910
1478.851452	96.086
1500.361842	95.916
1522.185107	95.550
1544.325799	95.112
1566.788535	95.302
1589.577999	95.520
1612.698944	95.618
1636.156190	95.674
1659.954630	95.847
1684.099226	95.993
1708.595013	95.817
1733.447100	95.851
1758.660669	96.021
1784.240977	96.092
1810.193360	96.130
1836.523229	96.215
1863.236074	96.267
1890.337467	96.372
1917.833058	96.257
1945.728583	96.645
1974.029857	96.927
2002.742782	96.976
2031.873347	97.186
2061.427625	97.305
2091.411780	97.538
2121.832065	98.239
2152.694823	98.467
2184.006490	98.733
2215.773596	99.337
2248.002765	99.536
2280.700718	99.726
2313.874274	100.122
2347.530351	100.130
2381.675966	100.275
2416.318240	100.290
2451.464399	100.300
2487.121769	100.708
2523.297789	101.407
2560.000000	101.403
2597.236057	101.235
2635.013726	101.463
2673.340883	101.846
2712.225522	102.330
2751.675750	102.583
2791.699796	102.927
2832.306004	102.774
2873.502844	102.538
2915.298905	102.280
2957.702904	101.872
3000.723683	101.320
3044.370214	101.618
3088.651599	102.022
3133.577071	101.796
3179.155999	101.272
3225.397888	101.315
3272.312380	101.379
3319.909260	101.164
3368.198452	101.258
3417.190027	101.274
3466.894200	101.071
3517.321337	100.808
3568.481954	100.522
3620.386720	99.825
3673.046457	99.043
3726.472148	99.244
3780.674934	99.450
3835.666117	99.404
3891.457165	99.543
3948.059713	99.176
4005.485564	99.691
4063.746693	99.082
4122.855250	97.614
4182.823560	95.944
4243.664130	94.314
4305.389646	95.311
4368.012981	96.956
4431.547192	96.439
4496.005531	92.789
4561.401437	92.634
4627.748549	94.838
4695.060701	96.150
4763.351932	97.670
4832.636481	99.980
4902.928797	97.799
4974.243539	96.626
5046.595577	96.261
5120.000000	96.473
5194.472115	96.287
5270.027452	94.033
5346.681766	94.129
5424.451043	94.619
5503.351500	94.162
5583.399591	94.715
5664.612008	94.524
5747.005687	94.543
5830.597810	94.977
5915.405808	95.465
6001.447367	95.695
6088.740429	95.478
6177.303198	96.043
6267.154142	97.043
6358.311998	97.960
6450.795775	98.555
6544.624761	99.027
6639.818520	99.420
6736.396904	99.283
6834.380053	98.809
6933.788400	98.653
7034.642675	98.606
7136.963909	98.486
7240.773439	98.129
7346.092914	97.817
7452.944296	97.731
7561.349867	97.522
7671.332234	97.637
7782.914330	98.029
7896.119426	98.245
8010.971128	99.155
8127.493386	99.732
8245.710500	100.292
8365.647121	100.429
8487.328260	99.081
8610.779292	96.094
8736.025961	91.289
8863.094385	88.755
8992.011061	88.291
9122.802874	90.800
9255.497097	94.014
9390.121402	95.508
9526.703863	96.780
9665.272962	98.614
9805.857594	99.717
9948.487077	100.014
10093.191154	99.389
10240.000000	98.776
10388.944230	97.319
10540.054903	94.734
10693.363532	93.647
10848.902086	93.731
11006.703001	94.270
11166.799182	95.881
11329.224017	97.355
11494.011375	97.768
11661.195620	97.606
11830.811616	98.649
12002.894734	98.865
12177.480858	98.415
12354.606395	97.355
12534.308283	95.966
12716.623996	94.544
12901.591551	93.381
13089.249521	91.950
13279.637040	91.022
13472.793808	90.397
13668.760107	90.397
13867.576801	89.585
14069.285350	86.044
14273.927818	80.443
14481.546879	75.726
14692.185828	75.936
14905.888592	80.356
15122.699734	83.637
15342.664467	83.675
15565.828661	82.780
15792.238852	84.395
16021.942256	88.124
16254.986772	89.863
16491.420999	93.198
16731.294241	92.899
16974.656520	92.717
17221.558584	90.645
17472.051922	92.084
17726.188769	87.931
17984.022122	90.173
18245.605748	90.478
18510.994194	90.341
18780.242805	90.997
19053.407727	91.049
19330.545924	91.094
19611.715189	90.811
19896.974155	90.597
20186.382308	90.597
