20.000000	81.608
20.290907	81.608
20.586045	81.642
20.885476	81.614
21.189262	81.571
21.497467	81.609
21.810155	81.741
22.127391	82.069
22.449241	82.472
22.775773	82.866
23.107054	83.142
23.443154	83.257
23.784142	83.247
24.130091	83.215
24.481071	83.279
24.837156	83.460
25.198421	83.740
25.564940	83.980
25.936791	84.081
26.314050	84.028
26.696797	83.915
27.085111	83.878
27.479073	84.014
27.878765	84.247
28.284271	84.474
28.695675	84.644
29.113064	84.757
29.536523	84.849
29.966142	84.965
30.402009	85.096
30.844217	85.217
31.292856	85.331
31.748021	85.446
32.209807	85.566
32.678309	85.684
33.153626	85.792
33.635857	85.898
34.125101	86.008
34.621462	86.125
35.125043	86.252
35.635949	86.392
36.154286	86.538
36.680162	86.670
37.213687	86.780
37.754973	86.888
38.304131	87.006
38.861278	87.131
39.426528	87.251
40.000000	87.375
40.581813	87.512
41.172089	87.636
41.770951	87.724
42.378524	87.807
42.994934	87.922
43.620309	88.066
44.254781	88.197
44.898482	88.298
45.551545	88.385
46.214108	88.490
46.886308	88.619
47.568285	88.716
48.260181	88.748
48.962142	88.791
49.674312	88.903
50.396842	89.061
51.129881	89.217
51.873582	89.366
52.628101	89.502
53.393594	89.617
54.170222	89.709
54.958146	89.782
55.757531	89.874
56.568542	89.967
57.391351	90.077
58.226127	90.214
59.073046	90.354
59.932283	90.350
60.804018	90.468
61.688433	90.635
62.585712	90.725
63.496042	90.822
64.419613	90.929
65.356618	91.026
66.307252	91.120
67.271713	91.208
68.250203	91.310
69.242925	91.419
70.250086	91.510
71.271897	91.603
72.308571	91.696
73.360323	91.792
74.427374	91.862
75.509945	91.919
76.608262	91.992
77.722555	92.078
78.853056	92.174
80.000000	92.224
81.163627	92.327
82.344179	92.407
83.541903	92.450
84.757048	92.510
85.989867	92.580
87.240619	92.653
88.509563	92.721
89.796964	92.787
91.103091	92.835
92.428216	92.888
93.772615	92.947
95.136569	92.981
96.520362	93.017
97.924283	93.075
99.348625	93.132
100.793684	93.162
102.259762	93.202
103.747164	93.247
105.256202	93.273
106.787188	93.291
108.340444	93.326
109.916292	93.343
111.515061	93.345
113.137085	93.367
114.782702	93.352
116.452255	93.358
118.146092	93.309
119.864566	93.214
121.608036	93.327
123.376866	93.311
125.171424	93.252
126.992084	93.187
128.839227	93.111
130.713236	93.042
132.614504	92.996
134.543426	92.988
136.500406	93.031
138.485850	93.124
140.500173	93.247
142.543795	93.374
144.617142	93.482
146.720647	93.553
148.854748	93.604
151.019890	93.635
153.216525	93.655
155.445111	93.675
157.706112	93.675
160.000000	93.663
162.327254	93.651
164.688358	93.635
167.083805	93.619
169.514095	93.595
171.979734	93.566
174.481237	93.537
177.019125	93.502
179.593928	93.465
182.206182	93.452
184.856431	93.423
187.545230	93.390
190.273138	93.370
193.040725	93.336
195.848567	93.315
198.697250	93.289
201.587368	93.254
204.519524	93.226
207.494329	93.202
210.512403	93.176
213.574377	93.151
216.680888	93.117
219.832584	93.082
223.030122	93.052
226.274170	93.022
229.565404	92.991
232.904509	92.965
236.292183	92.922
239.729132	92.782
243.216073	92.872
246.753732	92.838
250.342848	92.804
253.984168	92.780
257.678453	92.751
261.426473	92.728
265.229008	92.701
269.086853	92.690
273.000811	92.661
276.971700	92.630
281.000346	92.597
285.087590	92.582
289.234284	92.540
293.441294	92.510
297.709496	92.487
302.039780	92.468
306.433050	92.441
310.890221	92.409
315.412224	92.408
320.000000	92.368
324.654507	92.342
329.376716	92.314
334.167610	92.301
339.028190	92.276
343.959469	92.266
348.962474	92.250
354.038251	92.229
359.187855	92.230
364.412363	92.177
369.712863	92.135
375.090460	92.125
380.546277	92.135
386.081450	92.144
391.697134	92.142
397.394500	92.133
403.174736	92.101
409.039048	92.068
414.988657	92.064
421.024807	92.069
427.148753	92.063
433.361775	92.051
439.665167	92.038
446.060244	92.039
452.548340	92.040
459.130807	92.033
465.809019	92.009
472.584367	91.996
479.458265	92.001
486.432146	91.999
493.507464	92.002
500.685695	92.010
507.968337	92.024
515.356906	92.040
522.852945	92.065
530.458016	92.062
538.173706	92.064
546.001623	92.085
553.943399	92.109
562.000691	92.111
570.175180	92.111
578.468569	92.139
586.882588	92.175
595.418991	92.209
604.079560	92.230
612.866100	92.248
621.780442	92.270
630.824447	92.288
640.000000	92.327
649.309014	92.384
658.753431	92.397
668.335221	92.453
678.056380	92.484
687.918938	92.516
697.924949	92.581
708.076501	92.611
718.375711	92.687
728.824726	92.762
739.425726	92.825
750.180921	92.901
761.092554	92.950
772.162900	93.033
783.394268	93.115
794.789000	93.187
806.349472	93.264
818.078095	93.357
829.977315	93.434
842.049613	93.494
854.297507	93.580
866.723550	93.663
879.330334	93.757
892.120489	93.846
905.096680	93.950
918.261614	94.078
931.618037	94.204
945.168733	94.317
958.916529	94.391
972.864291	94.447
987.014928	94.432
1001.371391	94.657
1015.936673	94.817
1030.713812	94.899
1045.705890	95.034
1060.916032	95.240
1076.347412	95.254
1092.003245	95.404
1107.886798	95.445
1124.001383	95.471
1140.350359	95.788
1156.937137	95.935
1173.765175	96.026
1190.837983	96.094
1208.159120	96.135
1225.732199	96.197
1243.560885	96.522
1261.648894	96.709
1280.000000	96.599
1298.618029	96.888
1317.506863	97.149
1336.670442	97.191
1356.112761	97.376
1375.837875	97.539
1395.849898	97.303
1416.153002	97.443
1436.751422	97.509
1457.649452	97.333
1478.851452	97.470
1500.361842	97.636
1522.185107	97.717
1544.325799	97.946
1566.788535	97.777
1589.577999	97.886
1612.698944	97.903
1636.156190	97.646
1659.954630	97.638
1684.099226	97.559
1708.595013	97.136
1733.447100	97.315
1758.660669	97.137
1784.240977	97.156
1810.193360	97.425
1836.523229	97.083
1863.236074	97.240
1890.337467	97.065
1917.833058	97.858
1945.728583	97.207
1974.029857	97.664
2002.742782	97.046
2031.873347	97.053
2061.427625	98.015
2091.411780	97.615
2121.832065	98.119
2152.694823	97.986
2184.006490	98.572
2215.773596	98.015
2248.002765	98.164
2280.700718	98.275
2313.874274	98.650
2347.530351	98.941
2381.675966	99.108
2416.318240	99.498
2451.464399	99.839
2487.121769	100.140
2523.297789	100.405
2560.000000	100.734
2597.236057	100.973
2635.013726	101.188
2673.340883	101.599
2712.225522	101.671
2751.675750	102.051
2791.699796	102.054
2832.306004	102.235
2873.502844	102.435
2915.298905	102.555
2957.702904	102.610
3000.723683	102.632
3044.370214	102.640
3088.651599	102.497
3133.577071	102.287
3179.155999	102.072
3225.397888	101.934
3272.312380	101.772
3319.909260	101.513
3368.198452	101.304
3417.190027	101.111
3466.894200	100.951
3517.321337	100.716
3568.481954	100.379
3620.386720	100.211
3673.046457	99.945
3726.472148	99.502
3780.674934	98.827
3835.666117	98.061
3891.457165	97.388
3948.059713	96.456
4005.485564	95.069
4063.746693	94.530
4122.855250	94.265
4182.823560	94.366
4243.664130	94.119
4305.389646	94.418
4368.012981	94.515
4431.547192	94.371
4496.005531	94.232
4561.401437	94.328
4627.748549	94.274
4695.060701	94.257
4763.351932	94.348
4832.636481	94.424
4902.928797	94.535
4974.243539	94.716
5046.595577	94.981
5120.000000	95.327
5194.472115	95.601
5270.027452	95.811
5346.681766	96.081
5424.451043	96.338
5503.351500	96.447
5583.399591	96.888
5664.612008	98.160
5747.005687	100.126
5830.597810	102.367
5915.405808	104.049
6001.447367	104.026
6088.740429	102.301
6177.303198	100.059
6267.154142	98.025
6358.311998	96.415
6450.795775	95.081
6544.624761	94.107
6639.818520	93.513
6736.396904	93.010
6834.380053	92.373
6933.788400	91.708
7034.642675	91.011
7136.963909	89.988
7240.773439	88.485
7346.092914	86.463
7452.944296	83.617
7561.349867	78.602
7671.332234	75.872
7782.914330	79.241
7896.119426	86.923
8010.971128	90.954
8127.493386	92.720
8245.710500	93.107
8365.647121	93.217
8487.328260	93.753
8610.779292	94.887
8736.025961	96.480
8863.094385	97.704
8992.011061	97.563
9122.802874	95.882
9255.497097	93.712
9390.121402	91.620
9526.703863	89.268
9665.272962	85.836
9805.857594	81.629
9948.487077	80.272
10093.191154	84.825
10240.000000	89.898
10388.944230	93.495
10540.054903	95.045
10693.363532	95.325
10848.902086	95.743
11006.703001	96.726
11166.799182	98.218
11329.224017	99.401
11494.011375	99.018
11661.195620	96.007
11830.811616	92.449
12002.894734	87.773
12177.480858	82.602
12354.606395	78.161
12534.308283	77.715
12716.623996	78.623
12901.591551	78.573
13089.249521	78.443
13279.637040	78.035
13472.793808	77.998
13668.760107	79.264
13867.576801	82.759
14069.285350	87.182
14273.927818	91.439
14481.546879	92.696
14692.185828	91.001
14905.888592	89.971
15122.699734	90.389
15342.664467	91.686
15565.828661	92.723
15792.238852	92.883
16021.942256	92.256
16254.986772	92.018
16491.420999	91.019
16731.294241	87.129
16974.656520	85.687
17221.558584	86.190
17472.051922	86.894
17726.188769	88.039
17984.022122	88.200
18245.605748	86.253
18510.994194	84.727
18780.242805	83.762
19053.407727	83.233
19330.545924	81.869
19611.715189	80.551
19896.974155	80.290
20186.382308	80.290
