20.000000	91.574
20.290907	91.637
20.586045	91.688
20.885476	91.724
21.189262	91.751
21.497467	91.780
21.810155	91.818
22.127391	91.885
22.449241	91.968
22.775773	92.059
23.107054	92.138
23.443154	92.192
23.784142	92.214
24.130091	92.219
24.481071	92.222
24.837156	92.239
25.198421	92.286
25.564940	92.351
25.936791	92.422
26.314050	92.485
26.696797	92.529
27.085111	92.562
27.479073	92.594
27.878765	92.635
28.284271	92.687
28.695675	92.739
29.113064	92.786
29.536523	92.819
29.966142	92.842
30.402009	92.865
30.844217	92.896
31.292856	92.932
31.748021	92.967
32.209807	92.995
32.678309	93.021
33.153626	93.048
33.635857	93.077
34.125101	93.106
34.621462	93.132
35.125043	93.157
35.635949	93.185
36.154286	93.214
36.680162	93.240
37.213687	93.266
37.754973	93.293
38.304131	93.319
38.861278	93.338
39.426528	93.352
40.000000	93.369
40.581813	93.387
41.172089	93.401
41.770951	93.409
42.378524	93.416
42.994934	93.421
43.620309	93.418
44.254781	93.408
44.898482	93.396
45.551545	93.377
46.214108	93.352
46.886308	93.340
47.568285	93.352
48.260181	93.381
48.962142	93.410
49.674312	93.440
50.396842	93.476
51.129881	93.514
51.873582	93.545
52.628101	93.573
53.393594	93.599
54.170222	93.619
54.958146	93.631
55.757531	93.637
56.568542	93.645
57.391351	93.647
58.226127	93.631
59.073046	93.587
59.932283	93.584
60.804018	93.546
61.688433	93.460
62.585712	93.387
63.496042	93.273
64.419613	93.150
65.356618	93.047
66.307252	92.951
67.271713	92.901
68.250203	92.902
69.242925	92.926
70.250086	92.984
71.271897	93.045
72.308571	93.097
73.360323	93.127
74.427374	93.137
75.509945	93.141
76.608262	93.134
77.722555	93.130
78.853056	93.142
80.000000	93.163
81.163627	93.201
82.344179	93.257
83.541903	93.303
84.757048	93.363
85.989867	93.428
87.240619	93.467
88.509563	93.526
89.796964	93.567
91.103091	93.602
92.428216	93.644
93.772615	93.669
95.136569	93.682
96.520362	93.705
97.924283	93.712
99.348625	93.721
100.793684	93.733
102.259762	93.730
103.747164	93.738
105.256202	93.741
106.787188	93.732
108.340444	93.727
109.916292	93.722
111.515061	93.716
113.137085	93.709
114.782702	93.707
116.452255	93.703
118.146092	93.697
119.864566	93.685
121.608036	93.676
123.376866	93.663
125.171424	93.657
126.992084	93.657
128.839227	93.647
130.713236	93.636
132.614504	93.628
134.543426	93.620
136.500406	93.610
138.485850	93.600
140.500173	93.589
142.543795	93.577
144.617142	93.569
146.720647	93.549
148.854748	93.530
151.019890	93.511
153.216525	93.492
155.445111	93.477
157.706112	93.465
160.000000	93.442
162.327254	93.432
164.688358	93.413
167.083805	93.406
169.514095	93.385
171.979734	93.369
174.481237	93.351
177.019125	93.349
179.593928	93.337
182.206182	93.334
184.856431	93.331
187.545230	93.322
190.273138	93.304
193.040725	93.290
195.848567	93.276
198.697250	93.260
201.587368	93.240
204.519524	93.218
207.494329	93.192
210.512403	93.163
213.574377	93.136
216.680888	93.121
219.832584	93.114
223.030122	93.110
226.274170	93.109
229.565404	93.112
232.904509	93.111
236.292183	93.087
239.729132	92.962
243.216073	93.047
246.753732	93.053
250.342848	93.054
253.984168	93.025
257.678453	93.005
261.426473	92.992
265.229008	92.962
269.086853	92.923
273.000811	92.900
276.971700	92.899
281.000346	92.892
285.087590	92.913
289.234284	92.878
293.441294	92.845
297.709496	92.833
302.039780	92.838
306.433050	92.840
310.890221	92.832
315.412224	92.849
320.000000	92.841
324.654507	92.844
329.376716	92.835
334.167610	92.798
339.028190	92.844
343.959469	92.847
348.962474	92.862
354.038251	92.846
359.187855	92.818
364.412363	92.829
369.712863	92.815
375.090460	92.847
380.546277	92.850
386.081450	92.874
391.697134	92.851
397.394500	92.769
403.174736	92.656
409.039048	92.689
414.988657	92.773
421.024807	92.790
427.148753	92.800
433.361775	92.817
439.665167	92.835
446.060244	92.849
452.548340	92.867
459.130807	92.869
465.809019	92.871
472.584367	92.856
479.458265	92.864
486.432146	92.905
493.507464	92.860
500.685695	92.854
507.968337	92.797
515.356906	92.793
522.852945	92.762
530.458016	92.739
538.173706	92.737
546.001623	92.745
553.943399	92.776
562.000691	92.794
570.175180	92.809
578.468569	92.830
586.882588	92.847
595.418991	92.881
604.079560	92.930
612.866100	92.986
621.780442	92.987
630.824447	93.037
640.000000	93.112
649.309014	93.133
658.753431	93.149
668.335221	93.223
678.056380	93.312
687.918938	93.376
697.924949	93.365
708.076501	93.361
718.375711	93.385
728.824726	93.330
739.425726	93.367
750.180921	93.387
761.092554	93.450
772.162900	93.572
783.394268	93.662
794.789000	93.742
806.349472	93.791
818.078095	93.856
829.977315	93.915
842.049613	93.946
854.297507	94.058
866.723550	94.192
879.330334	94.343
892.120489	94.429
905.096680	94.483
918.261614	94.468
931.618037	94.449
945.168733	94.467
958.916529	94.579
972.864291	94.579
987.014928	94.653
1001.371391	94.634
1015.936673	94.594
1030.713812	94.664
1045.705890	94.552
1060.916032	94.564
1076.347412	94.613
1092.003245	94.558
1107.886798	94.538
1124.001383	94.595
1140.350359	94.552
1156.937137	94.464
1173.765175	94.514
1190.837983	94.532
1208.159120	94.510
1225.732199	94.457
1243.560885	94.355
1261.648894	94.648
1280.000000	94.704
1298.618029	94.742
1317.506863	94.807
1336.670442	94.806
1356.112761	94.871
1375.837875	94.954
1395.849898	95.001
1416.153002	95.192
1436.751422	95.377
1457.649452	95.509
1478.851452	95.676
1500.361842	95.662
1522.185107	95.739
1544.325799	95.818
1566.788535	95.990
1589.577999	96.076
1612.698944	96.201
1636.156190	96.347
1659.954630	96.463
1684.099226	96.555
1708.595013	96.578
1733.447100	96.721
1758.660669	96.817
1784.240977	96.905
1810.193360	96.954
1836.523229	96.993
1863.236074	97.266
1890.337467	97.521
1917.833058	97.559
1945.728583	97.949
1974.029857	98.137
2002.742782	98.227
2031.873347	98.734
2061.427625	98.964
2091.411780	99.204
2121.832065	99.405
2152.694823	99.449
2184.006490	99.532
2215.773596	99.707
2248.002765	99.983
2280.700718	100.217
2313.874274	100.598
2347.530351	101.014
2381.675966	101.479
2416.318240	102.014
2451.464399	102.451
2487.121769	102.792
2523.297789	103.010
2560.000000	103.025
2597.236057	102.992
2635.013726	103.033
2673.340883	103.128
2712.225522	103.324
2751.675750	103.302
2791.699796	103.418
2832.306004	103.315
2873.502844	102.989
2915.298905	102.594
2957.702904	102.328
3000.723683	102.279
3044.370214	101.897
3088.651599	101.535
3133.577071	101.142
3179.155999	100.770
3225.397888	100.530
3272.312380	100.196
3319.909260	99.744
3368.198452	99.458
3417.190027	99.403
3466.894200	99.319
3517.321337	99.459
3568.481954	99.950
3620.386720	100.024
3673.046457	99.764
3726.472148	99.671
3780.674934	99.575
3835.666117	99.566
3891.457165	99.805
3948.059713	99.925
4005.485564	99.642
4063.746693	99.865
4122.855250	99.717
4182.823560	100.076
4243.664130	100.546
4305.389646	100.784
4368.012981	100.917
4431.547192	100.557
4496.005531	100.785
4561.401437	100.937
4627.748549	101.193
4695.060701	101.143
4763.351932	101.067
4832.636481	100.932
4902.928797	100.580
4974.243539	100.078
5046.595577	99.861
5120.000000	99.639
5194.472115	99.222
5270.027452	98.934
5346.681766	98.691
5424.451043	98.395
5503.351500	98.117
5583.399591	97.883
5664.612008	97.625
5747.005687	97.359
5830.597810	97.094
5915.405808	96.830
6001.447367	96.569
6088.740429	96.371
6177.303198	96.191
6267.154142	96.071
6358.311998	95.966
6450.795775	95.948
6544.624761	95.810
6639.818520	95.504
6736.396904	95.161
6834.380053	94.710
6933.788400	94.167
7034.642675	93.216
7136.963909	92.204
7240.773439	91.416
7346.092914	90.638
7452.944296	89.674
7561.349867	89.028
7671.332234	88.608
7782.914330	88.429
7896.119426	88.589
8010.971128	88.766
8127.493386	89.473
8245.710500	90.899
8365.647121	92.522
8487.328260	93.654
8610.779292	93.605
8736.025961	92.894
8863.094385	91.911
8992.011061	90.403
9122.802874	88.799
9255.497097	88.484
9390.121402	87.421
9526.703863	86.292
9665.272962	86.377
9805.857594	87.369
9948.487077	89.115
10093.191154	90.584
10240.000000	91.175
10388.944230	89.564
10540.054903	85.636
10693.363532	80.068
10848.902086	73.950
11006.703001	77.801
11166.799182	84.014
11329.224017	88.105
11494.011375	91.839
11661.195620	95.242
11830.811616	98.225
12002.894734	99.846
12177.480858	99.907
12354.606395	98.632
12534.308283	97.331
12716.623996	96.142
12901.591551	95.251
13089.249521	94.582
13279.637040	94.602
13472.793808	95.335
13668.760107	96.084
13867.576801	96.320
14069.285350	96.298
14273.927818	96.138
14481.546879	95.509
14692.185828	93.720
14905.888592	91.124
15122.699734	89.008
15342.664467	88.075
15565.828661	88.013
15792.238852	88.368
16021.942256	90.433
16254.986772	93.707
16491.420999	94.204
16731.294241	92.640
16974.656520	90.270
17221.558584	87.779
17472.051922	85.299
17726.188769	85.938
17984.022122	89.454
18245.605748	92.163
18510.994194	92.367
18780.242805	89.708
19053.407727	85.117
19330.545924	80.171
19611.715189	75.229
19896.974155	72.864
20186.382308	72.864
