20.000000	101.811
20.290907	101.846
20.586045	101.889
20.885476	101.939
21.189262	101.994
21.497467	102.049
21.810155	102.101
22.127391	102.145
22.449241	102.185
22.775773	102.221
23.107054	102.260
23.443154	102.304
23.784142	102.351
24.130091	102.397
24.481071	102.440
24.837156	102.479
25.198421	102.519
25.564940	102.563
25.936791	102.612
26.314050	102.661
26.696797	102.701
27.085111	102.729
27.479073	102.744
27.878765	102.759
28.284271	102.784
28.695675	102.816
29.113064	102.855
29.536523	102.895
29.966142	102.926
30.402009	102.952
30.844217	102.972
31.292856	102.991
31.748021	103.007
32.209807	103.021
32.678309	103.033
33.153626	103.046
33.635857	103.058
34.125101	103.069
34.621462	103.075
35.125043	103.077
35.635949	103.079
36.154286	103.082
36.680162	103.085
37.213687	103.086
37.754973	103.084
38.304131	103.080
38.861278	103.077
39.426528	103.071
40.000000	103.057
40.581813	103.035
41.172089	103.016
41.770951	103.003
42.378524	102.989
42.994934	102.968
43.620309	102.938
44.254781	102.905
44.898482	102.872
45.551545	102.845
46.214108	102.825
46.886308	102.792
47.568285	102.743
48.260181	102.706
48.962142	102.687
49.674312	102.657
50.396842	102.622
51.129881	102.596
51.873582	102.562
52.628101	102.518
53.393594	102.483
54.170222	102.445
54.958146	102.393
55.757531	102.360
56.568542	102.324
57.391351	102.276
58.226127	102.221
59.073046	102.174
59.932283	102.131
60.804018	102.077
61.688433	102.027
62.585712	101.984
63.496042	101.938
64.419613	101.891
65.356618	101.843
66.307252	101.795
67.271713	101.748
68.250203	101.695
69.242925	101.639
70.250086	101.587
71.271897	101.542
72.308571	101.479
73.360323	101.413
74.427374	101.345
75.509945	101.306
76.608262	101.255
77.722555	101.164
78.853056	101.116
80.000000	101.050
81.163627	100.994
82.344179	100.924
83.541903	100.862
84.757048	100.794
85.989867	100.729
87.240619	100.664
88.509563	100.607
89.796964	100.540
91.103091	100.485
92.428216	100.423
93.772615	100.367
95.136569	100.315
96.520362	100.261
97.924283	100.212
99.348625	100.167
100.793684	100.123
102.259762	100.083
103.747164	100.044
105.256202	100.005
106.787188	99.968
108.340444	99.934
109.916292	99.897
111.515061	99.864
113.137085	99.833
114.782702	99.801
116.452255	99.774
118.146092	99.749
119.864566	99.726
121.608036	99.708
123.376866	99.694
125.171424	99.678
126.992084	99.666
128.839227	99.657
130.713236	99.652
132.614504	99.649
134.543426	99.649
136.500406	99.649
138.485850	99.655
140.500173	99.666
142.543795	99.678
144.617142	99.690
146.720647	99.703
148.854748	99.718
151.019890	99.734
153.216525	99.754
155.445111	99.779
157.706112	99.796
160.000000	99.818
162.327254	99.836
164.688358	99.858
167.083805	99.875
169.514095	99.896
171.979734	99.923
174.481237	99.945
177.019125	99.973
179.593928	99.995
182.206182	100.029
184.856431	100.058
187.545230	100.074
190.273138	100.093
193.040725	100.102
195.848567	100.116
198.697250	100.123
201.587368	100.130
204.519524	100.133
207.494329	100.135
210.512403	100.137
213.574377	100.137
216.680888	100.137
219.832584	100.138
223.030122	100.134
226.274170	100.131
229.565404	100.125
232.904509	100.133
236.292183	100.143
239.729132	100.165
243.216073	100.199
246.753732	100.229
250.342848	100.254
253.984168	100.264
257.678453	100.265
261.426473	100.261
265.229008	100.250
269.086853	100.242
273.000811	100.226
276.971700	100.210
281.000346	100.191
285.087590	100.170
289.234284	100.148
293.441294	100.121
297.709496	100.097
302.039780	100.073
306.433050	100.041
310.890221	100.016
315.412224	99.984
320.000000	99.955
324.654507	99.917
329.376716	99.880
334.167610	99.846
339.028190	99.808
343.959469	99.764
348.962474	99.720
354.038251	99.674
359.187855	99.629
364.412363	99.581
369.712863	99.525
375.090460	99.472
380.546277	99.411
386.081450	99.360
391.697134	99.300
397.394500	99.236
403.174736	99.167
409.039048	99.101
414.988657	99.036
421.024807	98.968
427.148753	98.900
433.361775	98.833
439.665167	98.764
446.060244	98.696
452.548340	98.628
459.130807	98.561
465.809019	98.494
472.584367	98.426
479.458265	98.359
486.432146	98.290
493.507464	98.224
500.685695	98.160
507.968337	98.092
515.356906	98.025
522.852945	97.956
530.458016	97.890
538.173706	97.819
546.001623	97.755
553.943399	97.688
562.000691	97.619
570.175180	97.554
578.468569	97.487
586.882588	97.424
595.418991	97.356
604.079560	97.287
612.866100	97.223
621.780442	97.156
630.824447	97.094
640.000000	97.035
649.309014	96.970
658.753431	96.909
668.335221	96.845
678.056380	96.792
687.918938	96.735
697.924949	96.683
708.076501	96.629
718.375711	96.583
728.824726	96.535
739.425726	96.492
750.180921	96.452
761.092554	96.420
772.162900	96.393
783.394268	96.373
794.789000	96.356
806.349472	96.346
818.078095	96.348
829.977315	96.355
842.049613	96.369
854.297507	96.395
866.723550	96.432
879.330334	96.477
892.120489	96.534
905.096680	96.604
918.261614	96.688
931.618037	96.782
945.168733	96.893
958.916529	97.015
972.864291	97.153
987.014928	97.302
1001.371391	97.461
1015.936673	97.638
1030.713812	97.822
1045.705890	98.019
1060.916032	98.223
1076.347412	98.434
1092.003245	98.648
1107.886798	98.865
1124.001383	99.086
1140.350359	99.306
1156.937137	99.519
1173.765175	99.731
1190.837983	99.934
1208.159120	100.136
1225.732199	100.324
1243.560885	100.509
1261.648894	100.682
1280.000000	100.846
1298.618029	100.995
1317.506863	101.143
1336.670442	101.276
1356.112761	101.399
1375.837875	101.512
1395.849898	101.618
1416.153002	101.713
1436.751422	101.804
1457.649452	101.887
1478.851452	101.965
1500.361842	102.038
1522.185107	102.109
1544.325799	102.176
1566.788535	102.243
1589.577999	102.311
1612.698944	102.379
1636.156190	102.448
1659.954630	102.520
1684.099226	102.595
1708.595013	102.673
1733.447100	102.754
1758.660669	102.839
1784.240977	102.931
1810.193360	103.023
1836.523229	103.122
1863.236074	103.224
1890.337467	103.329
1917.833058	103.439
1945.728583	103.552
1974.029857	103.673
2002.742782	103.797
2031.873347	103.925
2061.427625	104.051
2091.411780	104.179
2121.832065	104.310
2152.694823	104.441
2184.006490	104.572
2215.773596	104.701
2248.002765	104.829
2280.700718	104.957
2313.874274	105.080
2347.530351	105.202
2381.675966	105.321
2416.318240	105.435
2451.464399	105.544
2487.121769	105.650
2523.297789	105.748
2560.000000	105.839
2597.236057	105.923
2635.013726	106.000
2673.340883	106.068
2712.225522	106.129
2751.675750	106.182
2791.699796	106.225
2832.306004	106.260
2873.502844	106.289
2915.298905	106.308
2957.702904	106.319
3000.723683	106.321
3044.370214	106.315
3088.651599	106.299
3133.577071	106.273
3179.155999	106.238
3225.397888	106.195
3272.312380	106.144
3319.909260	106.085
3368.198452	106.020
3417.190027	105.949
3466.894200	105.873
3517.321337	105.792
3568.481954	105.710
3620.386720	105.628
3673.046457	105.546
3726.472148	105.471
3780.674934	105.406
3835.666117	105.346
3891.457165	105.298
3948.059713	105.263
4005.485564	105.247
4063.746693	105.234
4122.855250	105.221
4182.823560	105.206
4243.664130	105.188
4305.389646	105.172
4368.012981	105.151
4431.547192	105.127
4496.005531	105.096
4561.401437	105.059
4627.748549	105.014
4695.060701	104.956
4763.351932	104.882
4832.636481	104.783
4902.928797	104.653
4974.243539	104.495
5046.595577	104.305
5120.000000	104.090
5194.472115	103.843
5270.027452	103.570
5346.681766	103.273
5424.451043	102.951
5503.351500	102.605
5583.399591	102.235
5664.612008	101.854
5747.005687	101.477
5830.597810	101.113
5915.405808	100.772
6001.447367	100.460
6088.740429	100.184
6177.303198	99.937
6267.154142	99.714
6358.311998	99.515
6450.795775	99.346
6544.624761	99.208
6639.818520	99.106
6736.396904	99.048
6834.380053	99.037
6933.788400	99.084
7034.642675	99.204
7136.963909	99.405
7240.773439	99.671
7346.092914	99.997
7452.944296	100.378
7561.349867	100.808
7671.332234	101.267
7782.914330	101.722
7896.119426	102.118
8010.971128	102.380
8127.493386	102.422
8245.710500	102.202
8365.647121	101.728
8487.328260	101.066
8610.779292	100.220
8736.025961	99.209
8863.094385	98.094
8992.011061	96.951
9122.802874	95.850
9255.497097	94.841
9390.121402	93.952
9526.703863	93.182
9665.272962	92.495
9805.857594	91.929
9948.487077	91.456
10093.191154	91.070
10240.000000	90.774
10388.944230	90.571
10540.054903	90.455
10693.363532	90.418
10848.902086	90.463
11006.703001	90.597
11166.799182	90.828
11329.224017	91.161
11494.011375	91.598
11661.195620	92.228
11830.811616	92.995
12002.894734	93.993
12177.480858	95.219
12354.606395	96.913
12534.308283	98.964
12716.623996	101.086
12901.591551	101.356
13089.249521	100.371
13279.637040	98.327
13472.793808	95.819
13668.760107	93.622
13867.576801	91.821
14069.285350	90.408
14273.927818	89.242
14481.546879	88.404
14692.185828	87.905
14905.888592	87.687
15122.699734	87.788
15342.664467	88.217
15565.828661	89.000
15792.238852	90.205
16021.942256	91.787
16254.986772	93.404
16491.420999	93.689
16731.294241	91.882
16974.656520	89.278
17221.558584	86.748
17472.051922	84.467
17726.188769	82.404
17984.022122	80.441
18245.605748	78.467
18510.994194	76.414
18780.242805	74.158
19053.407727	71.411
19330.545924	68.122
19611.715189	64.280
19896.974155	62.341
20186.382308	62.341
