20.000000	103.113
20.290907	103.140
20.586045	103.171
20.885476	103.203
21.189262	103.236
21.497467	103.274
21.810155	103.312
22.127391	103.347
22.449241	103.380
22.775773	103.405
23.107054	103.428
23.443154	103.453
23.784142	103.486
24.130091	103.525
24.481071	103.566
24.837156	103.602
25.198421	103.624
25.564940	103.639
25.936791	103.656
26.314050	103.684
26.696797	103.724
27.085111	103.766
27.479073	103.794
27.878765	103.809
28.284271	103.821
28.695675	103.843
29.113064	103.875
29.536523	103.911
29.966142	103.931
30.402009	103.936
30.844217	103.943
31.292856	103.963
31.748021	103.988
32.209807	104.009
32.678309	104.028
33.153626	104.059
33.635857	104.104
34.125101	104.143
34.621462	104.152
35.125043	104.141
35.635949	104.139
36.154286	104.150
36.680162	104.155
37.213687	104.156
37.754973	104.170
38.304131	104.185
38.861278	104.167
39.426528	104.131
40.000000	104.170
40.581813	104.292
41.172089	104.344
41.770951	104.262
42.378524	104.158
42.994934	104.137
43.620309	104.162
44.254781	104.150
44.898482	104.114
45.551545	104.076
46.214108	104.044
46.886308	104.033
47.568285	104.024
48.260181	103.973
48.962142	103.929
49.674312	103.943
50.396842	103.990
51.129881	104.011
51.873582	103.987
52.628101	103.928
53.393594	103.885
54.170222	103.903
54.958146	103.939
55.757531	103.917
56.568542	103.896
57.391351	103.884
58.226127	103.858
59.073046	103.804
59.932283	103.787
60.804018	103.769
61.688433	103.766
62.585712	103.760
63.496042	103.735
64.419613	103.711
65.356618	103.690
66.307252	103.673
67.271713	103.654
68.250203	103.627
69.242925	103.619
70.250086	103.593
71.271897	103.563
72.308571	103.547
73.360323	103.512
74.427374	103.476
75.509945	103.440
76.608262	103.403
77.722555	103.370
78.853056	103.335
80.000000	103.283
81.163627	103.268
82.344179	103.243
83.541903	103.194
84.757048	103.150
85.989867	103.105
87.240619	103.063
88.509563	103.019
89.796964	102.967
91.103091	102.930
92.428216	102.888
93.772615	102.842
95.136569	102.817
96.520362	102.771
97.924283	102.730
99.348625	102.696
100.793684	102.649
102.259762	102.604
103.747164	102.565
105.256202	102.522
106.787188	102.478
108.340444	102.429
109.916292	102.380
111.515061	102.328
113.137085	102.283
114.782702	102.230
116.452255	102.172
118.146092	102.127
119.864566	102.063
121.608036	102.019
123.376866	101.961
125.171424	101.908
126.992084	101.856
128.839227	101.803
130.713236	101.743
132.614504	101.686
134.543426	101.629
136.500406	101.567
138.485850	101.523
140.500173	101.473
142.543795	101.408
144.617142	101.349
146.720647	101.284
148.854748	101.238
151.019890	101.185
153.216525	101.118
155.445111	101.068
157.706112	101.001
160.000000	100.940
162.327254	100.875
164.688358	100.805
167.083805	100.741
169.514095	100.679
171.979734	100.606
174.481237	100.537
177.019125	100.468
179.593928	100.397
182.206182	100.324
184.856431	100.254
187.545230	100.178
190.273138	100.118
193.040725	100.058
195.848567	100.020
198.697250	99.983
201.587368	99.929
204.519524	99.873
207.494329	99.796
210.512403	99.710
213.574377	99.635
216.680888	99.556
219.832584	99.475
223.030122	99.411
226.274170	99.344
229.565404	99.273
232.904509	99.205
236.292183	99.145
239.729132	99.082
243.216073	99.016
246.753732	98.957
250.342848	98.889
253.984168	98.824
257.678453	98.762
261.426473	98.694
265.229008	98.634
269.086853	98.567
273.000811	98.503
276.971700	98.434
281.000346	98.372
285.087590	98.306
289.234284	98.251
293.441294	98.182
297.709496	98.123
302.039780	98.067
306.433050	98.009
310.890221	97.939
315.412224	97.893
320.000000	97.833
324.654507	97.779
329.376716	97.714
334.167610	97.659
339.028190	97.607
343.959469	97.546
348.962474	97.489
354.038251	97.438
359.187855	97.373
364.412363	97.316
369.712863	97.258
375.090460	97.191
380.546277	97.135
386.081450	97.084
391.697134	97.024
397.394500	96.967
403.174736	96.909
409.039048	96.850
414.988657	96.795
421.024807	96.736
427.148753	96.678
433.361775	96.626
439.665167	96.571
446.060244	96.518
452.548340	96.469
459.130807	96.423
465.809019	96.377
472.584367	96.330
479.458265	96.284
486.432146	96.245
493.507464	96.202
500.685695	96.160
507.968337	96.117
515.356906	96.081
522.852945	96.039
530.458016	95.999
538.173706	95.962
546.001623	95.922
553.943399	95.884
562.000691	95.845
570.175180	95.803
578.468569	95.760
586.882588	95.716
595.418991	95.670
604.079560	95.622
612.866100	95.578
621.780442	95.529
630.824447	95.484
640.000000	95.446
649.309014	95.410
658.753431	95.379
668.335221	95.346
678.056380	95.318
687.918938	95.292
697.924949	95.264
708.076501	95.246
718.375711	95.226
728.824726	95.207
739.425726	95.192
750.180921	95.179
761.092554	95.164
772.162900	95.153
783.394268	95.146
794.789000	95.142
806.349472	95.142
818.078095	95.146
829.977315	95.152
842.049613	95.160
854.297507	95.173
866.723550	95.193
879.330334	95.218
892.120489	95.248
905.096680	95.285
918.261614	95.332
931.618037	95.388
945.168733	95.448
958.916529	95.515
972.864291	95.595
987.014928	95.683
1001.371391	95.786
1015.936673	95.897
1030.713812	96.018
1045.705890	96.147
1060.916032	96.284
1076.347412	96.430
1092.003245	96.588
1107.886798	96.749
1124.001383	96.915
1140.350359	97.084
1156.937137	97.259
1173.765175	97.439
1190.837983	97.619
1208.159120	97.801
1225.732199	97.982
1243.560885	98.164
1261.648894	98.343
1280.000000	98.517
1298.618029	98.687
1317.506863	98.859
1336.670442	99.020
1356.112761	99.177
1375.837875	99.327
1395.849898	99.471
1416.153002	99.608
1436.751422	99.743
1457.649452	99.872
1478.851452	99.998
1500.361842	100.117
1522.185107	100.234
1544.325799	100.350
1566.788535	100.464
1589.577999	100.576
1612.698944	100.689
1636.156190	100.801
1659.954630	100.915
1684.099226	101.031
1708.595013	101.146
1733.447100	101.264
1758.660669	101.382
1784.240977	101.505
1810.193360	101.630
1836.523229	101.756
1863.236074	101.886
1890.337467	102.020
1917.833058	102.155
1945.728583	102.288
1974.029857	102.422
2002.742782	102.555
2031.873347	102.690
2061.427625	102.828
2091.411780	102.966
2121.832065	103.103
2152.694823	103.246
2184.006490	103.387
2215.773596	103.527
2248.002765	103.671
2280.700718	103.813
2313.874274	103.955
2347.530351	104.098
2381.675966	104.241
2416.318240	104.383
2451.464399	104.523
2487.121769	104.661
2523.297789	104.796
2560.000000	104.929
2597.236057	105.059
2635.013726	105.184
2673.340883	105.301
2712.225522	105.412
2751.675750	105.515
2791.699796	105.609
2832.306004	105.690
2873.502844	105.762
2915.298905	105.823
2957.702904	105.870
3000.723683	105.902
3044.370214	105.915
3088.651599	105.904
3133.577071	105.876
3179.155999	105.824
3225.397888	105.753
3272.312380	105.662
3319.909260	105.552
3368.198452	105.425
3417.190027	105.278
3466.894200	105.106
3517.321337	104.917
3568.481954	104.708
3620.386720	104.484
3673.046457	104.248
3726.472148	104.006
3780.674934	103.760
3835.666117	103.509
3891.457165	103.258
3948.059713	103.008
4005.485564	102.767
4063.746693	102.541
4122.855250	102.335
4182.823560	102.143
4243.664130	101.948
4305.389646	101.737
4368.012981	101.514
4431.547192	101.275
4496.005531	101.022
4561.401437	100.757
4627.748549	100.476
4695.060701	100.180
4763.351932	99.865
4832.636481	99.542
4902.928797	99.225
4974.243539	98.915
5046.595577	98.622
5120.000000	98.346
5194.472115	98.094
5270.027452	97.864
5346.681766	97.654
5424.451043	97.466
5503.351500	97.305
5583.399591	97.170
5664.612008	97.061
5747.005687	96.974
5830.597810	96.905
5915.405808	96.851
6001.447367	96.815
6088.740429	96.801
6177.303198	96.800
6267.154142	96.829
6358.311998	96.884
6450.795775	96.969
6544.624761	97.086
6639.818520	97.236
6736.396904	97.425
6834.380053	97.642
6933.788400	97.890
7034.642675	98.175
7136.963909	98.492
7240.773439	98.824
7346.092914	99.168
7452.944296	99.528
7561.349867	99.927
7671.332234	100.374
7782.914330	100.852
7896.119426	101.289
8010.971128	101.505
8127.493386	101.292
8245.710500	100.609
8365.647121	99.622
8487.328260	98.544
8610.779292	97.456
8736.025961	96.433
8863.094385	95.509
8992.011061	94.671
9122.802874	93.921
9255.497097	93.249
9390.121402	92.661
9526.703863	92.151
9665.272962	91.722
9805.857594	91.365
9948.487077	91.097
10093.191154	90.887
10240.000000	90.771
10388.944230	90.737
10540.054903	90.782
10693.363532	90.921
10848.902086	91.163
11006.703001	91.522
11166.799182	92.014
11329.224017	92.688
11494.011375	93.530
11661.195620	94.625
11830.811616	95.148
12002.894734	93.330
12177.480858	91.972
12354.606395	94.621
12534.308283	97.913
12716.623996	100.568
12901.591551	101.023
13089.249521	100.273
13279.637040	98.541
13472.793808	96.410
13668.760107	94.584
13867.576801	93.105
14069.285350	91.915
14273.927818	90.913
14481.546879	90.117
14692.185828	89.477
14905.888592	88.952
15122.699734	88.557
15342.664467	88.330
15565.828661	88.305
15792.238852	88.475
16021.942256	88.807
16254.986772	89.165
16491.420999	89.341
16731.294241	88.855
16974.656520	87.558
17221.558584	85.574
17472.051922	83.152
17726.188769	80.299
17984.022122	76.979
18245.605748	73.370
18510.994194	69.534
18780.242805	64.898
19053.407727	61.313
19330.545924	56.750
19611.715189	50.698
19896.974155	49.322
20186.382308	49.322
