20.000000	97.382
20.290907	97.439
20.586045	97.492
20.885476	97.541
21.189262	97.586
21.497467	97.629
21.810155	97.672
22.127391	97.720
22.449241	97.771
22.775773	97.824
23.107054	97.873
23.443154	97.915
23.784142	97.948
24.130091	97.979
24.481071	98.012
24.837156	98.051
25.198421	98.097
25.564940	98.141
25.936791	98.178
26.314050	98.205
26.696797	98.225
27.085111	98.245
27.479073	98.270
27.878765	98.296
28.284271	98.317
28.695675	98.332
29.113064	98.343
29.536523	98.353
29.966142	98.366
30.402009	98.377
30.844217	98.380
31.292856	98.379
31.748021	98.377
32.209807	98.382
32.678309	98.392
33.153626	98.407
33.635857	98.424
34.125101	98.440
34.621462	98.445
35.125043	98.434
35.635949	98.406
36.154286	98.368
36.680162	98.327
37.213687	98.281
37.754973	98.226
38.304131	98.161
38.861278	98.074
39.426528	97.970
40.000000	97.863
40.581813	97.795
41.172089	97.790
41.770951	97.800
42.378524	97.752
42.994934	97.640
43.620309	97.504
44.254781	97.396
44.898482	97.323
45.551545	97.279
46.214108	97.255
46.886308	97.234
47.568285	97.219
48.260181	97.236
48.962142	97.273
49.674312	97.296
50.396842	97.296
51.129881	97.253
51.873582	97.120
52.628101	96.952
53.393594	96.811
54.170222	96.642
54.958146	96.383
55.757531	96.104
56.568542	95.840
57.391351	95.585
58.226127	95.325
59.073046	95.040
59.932283	94.843
60.804018	94.733
61.688433	94.539
62.585712	94.381
63.496042	94.276
64.419613	94.176
65.356618	94.106
66.307252	94.077
67.271713	94.060
68.250203	94.070
69.242925	94.082
70.250086	94.094
71.271897	94.121
72.308571	94.153
73.360323	94.216
74.427374	94.325
75.509945	94.475
76.608262	94.649
77.722555	94.831
78.853056	95.005
80.000000	95.179
81.163627	95.325
82.344179	95.470
83.541903	95.598
84.757048	95.710
85.989867	95.804
87.240619	95.886
88.509563	95.969
89.796964	96.016
91.103091	96.059
92.428216	96.102
93.772615	96.145
95.136569	96.167
96.520362	96.180
97.924283	96.189
99.348625	96.183
100.793684	96.176
102.259762	96.164
103.747164	96.138
105.256202	96.107
106.787188	96.074
108.340444	96.026
109.916292	95.967
111.515061	95.908
113.137085	95.843
114.782702	95.771
116.452255	95.686
118.146092	95.604
119.864566	95.516
121.608036	95.401
123.376866	95.300
125.171424	95.197
126.992084	95.106
128.839227	95.003
130.713236	94.893
132.614504	94.788
134.543426	94.687
136.500406	94.590
138.485850	94.499
140.500173	94.415
142.543795	94.348
144.617142	94.284
146.720647	94.232
148.854748	94.185
151.019890	94.154
153.216525	94.141
155.445111	94.130
157.706112	94.121
160.000000	94.118
162.327254	94.114
164.688358	94.109
167.083805	94.106
169.514095	94.103
171.979734	94.113
174.481237	94.130
177.019125	94.155
179.593928	94.177
182.206182	94.195
184.856431	94.214
187.545230	94.227
190.273138	94.224
193.040725	94.206
195.848567	94.177
198.697250	94.138
201.587368	94.091
204.519524	94.036
207.494329	93.972
210.512403	93.899
213.574377	93.807
216.680888	93.677
219.832584	93.533
223.030122	93.418
226.274170	93.399
229.565404	93.445
232.904509	93.454
236.292183	93.415
239.729132	93.392
243.216073	93.274
246.753732	93.178
250.342848	93.085
253.984168	92.980
257.678453	92.864
261.426473	92.743
265.229008	92.634
269.086853	92.566
273.000811	92.581
276.971700	92.636
281.000346	92.670
285.087590	92.645
289.234284	92.550
293.441294	92.418
297.709496	92.251
302.039780	92.034
306.433050	91.794
310.890221	91.754
315.412224	91.825
320.000000	91.816
324.654507	91.736
329.376716	91.619
334.167610	91.478
339.028190	91.326
343.959469	91.167
348.962474	91.008
354.038251	90.888
359.187855	90.868
364.412363	90.900
369.712863	90.898
375.090460	90.870
380.546277	90.844
386.081450	90.806
391.697134	90.752
397.394500	90.691
403.174736	90.621
409.039048	90.541
414.988657	90.449
421.024807	90.356
427.148753	90.279
433.361775	90.235
439.665167	90.212
446.060244	90.178
452.548340	90.136
459.130807	90.075
465.809019	90.003
472.584367	89.929
479.458265	89.857
486.432146	89.777
493.507464	89.709
500.685695	89.651
507.968337	89.606
515.356906	89.580
522.852945	89.572
530.458016	89.568
538.173706	89.566
546.001623	89.607
553.943399	89.671
562.000691	89.740
570.175180	89.827
578.468569	89.940
586.882588	90.062
595.418991	90.183
604.079560	90.314
612.866100	90.445
621.780442	90.579
630.824447	90.720
640.000000	90.864
649.309014	91.006
658.753431	91.142
668.335221	91.300
678.056380	91.451
687.918938	91.597
697.924949	91.720
708.076501	91.855
718.375711	91.985
728.824726	92.097
739.425726	92.211
750.180921	92.306
761.092554	92.397
772.162900	92.495
783.394268	92.596
794.789000	92.693
806.349472	92.767
818.078095	92.810
829.977315	92.839
842.049613	92.882
854.297507	92.970
866.723550	93.090
879.330334	93.196
892.120489	93.268
905.096680	93.322
918.261614	93.337
931.618037	93.310
945.168733	93.290
958.916529	93.306
972.864291	93.336
987.014928	93.338
1001.371391	93.249
1015.936673	93.100
1030.713812	92.996
1045.705890	93.044
1060.916032	93.128
1076.347412	93.177
1092.003245	93.221
1107.886798	93.282
1124.001383	93.324
1140.350359	93.365
1156.937137	93.403
1173.765175	93.437
1190.837983	93.509
1208.159120	93.599
1225.732199	93.680
1243.560885	93.753
1261.648894	93.793
1280.000000	93.846
1298.618029	93.926
1317.506863	94.009
1336.670442	94.123
1356.112761	94.231
1375.837875	94.369
1395.849898	94.507
1416.153002	94.649
1436.751422	94.797
1457.649452	94.947
1478.851452	95.092
1500.361842	95.236
1522.185107	95.391
1544.325799	95.545
1566.788535	95.683
1589.577999	95.821
1612.698944	95.973
1636.156190	96.131
1659.954630	96.273
1684.099226	96.394
1708.595013	96.514
1733.447100	96.641
1758.660669	96.766
1784.240977	96.891
1810.193360	97.106
1836.523229	97.565
1863.236074	98.177
1890.337467	98.672
1917.833058	99.010
1945.728583	99.289
1974.029857	99.569
2002.742782	99.899
2031.873347	100.220
2061.427625	100.485
2091.411780	100.798
2121.832065	101.166
2152.694823	101.739
2184.006490	102.340
2215.773596	102.734
2248.002765	103.051
2280.700718	103.326
2313.874274	103.565
2347.530351	103.821
2381.675966	104.096
2416.318240	104.342
2451.464399	104.509
2487.121769	104.599
2523.297789	104.639
2560.000000	104.692
2597.236057	104.710
2635.013726	104.697
2673.340883	104.729
2712.225522	104.722
2751.675750	104.862
2791.699796	105.304
2832.306004	105.816
2873.502844	106.120
2915.298905	106.171
2957.702904	106.026
3000.723683	105.719
3044.370214	105.171
3088.651599	104.527
3133.577071	103.879
3179.155999	103.364
3225.397888	102.968
3272.312380	102.629
3319.909260	102.281
3368.198452	101.922
3417.190027	101.583
3466.894200	101.202
3517.321337	100.716
3568.481954	100.129
3620.386720	99.561
3673.046457	99.134
3726.472148	98.938
3780.674934	98.978
3835.666117	99.160
3891.457165	99.482
3948.059713	99.815
4005.485564	99.953
4063.746693	99.558
4122.855250	98.505
4182.823560	97.694
4243.664130	97.421
4305.389646	97.654
4368.012981	98.381
4431.547192	98.773
4496.005531	98.774
4561.401437	98.558
4627.748549	98.314
4695.060701	98.017
4763.351932	97.726
4832.636481	97.470
4902.928797	97.235
4974.243539	97.113
5046.595577	97.104
5120.000000	97.116
5194.472115	97.112
5270.027452	97.178
5346.681766	97.360
5424.451043	97.601
5503.351500	97.874
5583.399591	98.136
5664.612008	98.238
5747.005687	98.239
5830.597810	98.098
5915.405808	97.770
6001.447367	97.349
6088.740429	96.555
6177.303198	95.969
6267.154142	96.062
6358.311998	96.439
6450.795775	96.639
6544.624761	96.616
6639.818520	96.474
6736.396904	96.240
6834.380053	95.979
6933.788400	95.757
7034.642675	95.505
7136.963909	95.319
7240.773439	95.138
7346.092914	94.973
7452.944296	94.872
7561.349867	94.808
7671.332234	94.768
7782.914330	94.777
7896.119426	94.894
8010.971128	95.158
8127.493386	95.689
8245.710500	96.162
8365.647121	95.073
8487.328260	91.987
8610.779292	88.466
8736.025961	85.921
8863.094385	84.911
8992.011061	85.490
9122.802874	86.989
9255.497097	89.359
9390.121402	91.751
9526.703863	92.813
9665.272962	91.817
9805.857594	89.810
9948.487077	87.760
10093.191154	86.015
10240.000000	84.681
10388.944230	83.859
10540.054903	83.483
10693.363532	82.894
10848.902086	81.947
11006.703001	81.242
11166.799182	81.436
11329.224017	82.247
11494.011375	82.798
11661.195620	83.170
11830.811616	83.867
12002.894734	85.051
12177.480858	86.478
12354.606395	87.325
12534.308283	86.964
12716.623996	85.375
12901.591551	83.712
13089.249521	82.220
13279.637040	81.133
13472.793808	80.361
13668.760107	79.715
13867.576801	78.782
14069.285350	75.630
14273.927818	69.729
14481.546879	59.373
14692.185828	63.186
14905.888592	66.435
15122.699734	72.870
15342.664467	80.104
15565.828661	83.810
15792.238852	86.623
16021.942256	89.249
16254.986772	92.437
16491.420999	95.836
16731.294241	93.659
16974.656520	89.546
17221.558584	86.095
17472.051922	84.068
17726.188769	82.960
17984.022122	83.438
18245.605748	85.334
18510.994194	87.232
18780.242805	87.290
19053.407727	84.605
19330.545924	80.711
19611.715189	75.949
19896.974155	73.408
20186.382308	73.408
