20.000000	104.503
20.290907	104.502
20.586045	104.503
20.885476	104.507
21.189262	104.516
21.497467	104.531
21.810155	104.549
22.127391	104.569
22.449241	104.587
22.775773	104.601
23.107054	104.610
23.443154	104.618
23.784142	104.627
24.130091	104.638
24.481071	104.652
24.837156	104.668
25.198421	104.685
25.564940	104.703
25.936791	104.719
26.314050	104.733
26.696797	104.743
27.085111	104.750
27.479073	104.756
27.878765	104.763
28.284271	104.773
28.695675	104.784
29.113064	104.796
29.536523	104.805
29.966142	104.809
30.402009	104.811
30.844217	104.809
31.292856	104.807
31.748021	104.805
32.209807	104.807
32.678309	104.811
33.153626	104.813
33.635857	104.810
34.125101	104.804
34.621462	104.799
35.125043	104.794
35.635949	104.787
36.154286	104.774
36.680162	104.760
37.213687	104.749
37.754973	104.741
38.304131	104.731
38.861278	104.712
39.426528	104.688
40.000000	104.664
40.581813	104.642
41.172089	104.618
41.770951	104.589
42.378524	104.561
42.994934	104.537
43.620309	104.514
44.254781	104.483
44.898482	104.448
45.551545	104.424
46.214108	104.409
46.886308	104.378
47.568285	104.333
48.260181	104.302
48.962142	104.287
49.674312	104.264
50.396842	104.226
51.129881	104.180
51.873582	104.133
52.628101	104.097
53.393594	104.067
54.170222	104.033
54.958146	104.007
55.757531	103.984
56.568542	103.934
57.391351	103.885
58.226127	103.851
59.073046	103.822
59.932283	103.781
60.804018	103.741
61.688433	103.702
62.585712	103.669
63.496042	103.629
64.419613	103.589
65.356618	103.551
66.307252	103.511
67.271713	103.473
68.250203	103.433
69.242925	103.376
70.250086	103.345
71.271897	103.306
72.308571	103.254
73.360323	103.211
74.427374	103.161
75.509945	103.107
76.608262	103.048
77.722555	103.001
78.853056	102.948
80.000000	102.895
81.163627	102.831
82.344179	102.780
83.541903	102.720
84.757048	102.662
85.989867	102.601
87.240619	102.538
88.509563	102.475
89.796964	102.412
91.103091	102.349
92.428216	102.302
93.772615	102.236
95.136569	102.177
96.520362	102.118
97.924283	102.066
99.348625	102.011
100.793684	101.956
102.259762	101.898
103.747164	101.842
105.256202	101.785
106.787188	101.728
108.340444	101.670
109.916292	101.610
111.515061	101.549
113.137085	101.485
114.782702	101.416
116.452255	101.354
118.146092	101.290
119.864566	101.228
121.608036	101.163
123.376866	101.096
125.171424	101.029
126.992084	100.964
128.839227	100.897
130.713236	100.831
132.614504	100.765
134.543426	100.699
136.500406	100.633
138.485850	100.567
140.500173	100.505
142.543795	100.438
144.617142	100.369
146.720647	100.301
148.854748	100.235
151.019890	100.168
153.216525	100.097
155.445111	100.017
157.706112	99.945
160.000000	99.873
162.327254	99.806
164.688358	99.760
167.083805	99.738
169.514095	99.720
171.979734	99.692
174.481237	99.650
177.019125	99.598
179.593928	99.538
182.206182	99.469
184.856431	99.394
187.545230	99.321
190.273138	99.241
193.040725	99.167
195.848567	99.092
198.697250	99.032
201.587368	98.989
204.519524	98.953
207.494329	98.913
210.512403	98.862
213.574377	98.801
216.680888	98.734
219.832584	98.669
223.030122	98.605
226.274170	98.541
229.565404	98.479
232.904509	98.417
236.292183	98.365
239.729132	98.307
243.216073	98.254
246.753732	98.198
250.342848	98.141
253.984168	98.086
257.678453	98.032
261.426473	97.981
265.229008	97.932
269.086853	97.876
273.000811	97.825
276.971700	97.775
281.000346	97.720
285.087590	97.674
289.234284	97.623
293.441294	97.576
297.709496	97.534
302.039780	97.490
306.433050	97.445
310.890221	97.404
315.412224	97.361
320.000000	97.325
324.654507	97.279
329.376716	97.243
334.167610	97.199
339.028190	97.163
343.959469	97.120
348.962474	97.077
354.038251	97.041
359.187855	96.998
364.412363	96.961
369.712863	96.921
375.090460	96.878
380.546277	96.839
386.081450	96.798
391.697134	96.756
397.394500	96.714
403.174736	96.674
409.039048	96.637
414.988657	96.599
421.024807	96.560
427.148753	96.523
433.361775	96.486
439.665167	96.453
446.060244	96.420
452.548340	96.386
459.130807	96.358
465.809019	96.331
472.584367	96.306
479.458265	96.281
486.432146	96.259
493.507464	96.234
500.685695	96.216
507.968337	96.192
515.356906	96.170
522.852945	96.153
530.458016	96.133
538.173706	96.114
546.001623	96.095
553.943399	96.079
562.000691	96.061
570.175180	96.043
578.468569	96.025
586.882588	96.008
595.418991	95.989
604.079560	95.968
612.866100	95.945
621.780442	95.924
630.824447	95.899
640.000000	95.875
649.309014	95.845
658.753431	95.819
668.335221	95.788
678.056380	95.761
687.918938	95.736
697.924949	95.712
708.076501	95.693
718.375711	95.677
728.824726	95.667
739.425726	95.656
750.180921	95.653
761.092554	95.652
772.162900	95.652
783.394268	95.656
794.789000	95.662
806.349472	95.672
818.078095	95.686
829.977315	95.703
842.049613	95.724
854.297507	95.751
866.723550	95.780
879.330334	95.814
892.120489	95.857
905.096680	95.903
918.261614	95.955
931.618037	96.014
945.168733	96.083
958.916529	96.162
972.864291	96.248
987.014928	96.344
1001.371391	96.450
1015.936673	96.563
1030.713812	96.693
1045.705890	96.826
1060.916032	96.968
1076.347412	97.120
1092.003245	97.277
1107.886798	97.444
1124.001383	97.615
1140.350359	97.791
1156.937137	97.970
1173.765175	98.154
1190.837983	98.338
1208.159120	98.525
1225.732199	98.712
1243.560885	98.900
1261.648894	99.087
1280.000000	99.272
1298.618029	99.451
1317.506863	99.634
1336.670442	99.808
1356.112761	99.979
1375.837875	100.144
1395.849898	100.307
1416.153002	100.465
1436.751422	100.622
1457.649452	100.775
1478.851452	100.924
1500.361842	101.070
1522.185107	101.216
1544.325799	101.359
1566.788535	101.504
1589.577999	101.647
1612.698944	101.788
1636.156190	101.930
1659.954630	102.074
1684.099226	102.221
1708.595013	102.367
1733.447100	102.514
1758.660669	102.664
1784.240977	102.815
1810.193360	102.971
1836.523229	103.128
1863.236074	103.291
1890.337467	103.460
1917.833058	103.633
1945.728583	103.816
1974.029857	104.004
2002.742782	104.194
2031.873347	104.380
2061.427625	104.562
2091.411780	104.743
2121.832065	104.922
2152.694823	105.099
2184.006490	105.276
2215.773596	105.449
2248.002765	105.620
2280.700718	105.787
2313.874274	105.951
2347.530351	106.112
2381.675966	106.269
2416.318240	106.422
2451.464399	106.565
2487.121769	106.697
2523.297789	106.814
2560.000000	106.918
2597.236057	107.003
2635.013726	107.070
2673.340883	107.117
2712.225522	107.152
2751.675750	107.170
2791.699796	107.176
2832.306004	107.175
2873.502844	107.171
2915.298905	107.164
2957.702904	107.153
3000.723683	107.138
3044.370214	107.117
3088.651599	107.097
3133.577071	107.072
3179.155999	107.028
3225.397888	106.958
3272.312380	106.857
3319.909260	106.727
3368.198452	106.575
3417.190027	106.406
3466.894200	106.228
3517.321337	106.048
3568.481954	105.868
3620.386720	105.690
3673.046457	105.514
3726.472148	105.341
3780.674934	105.173
3835.666117	105.006
3891.457165	104.848
3948.059713	104.692
4005.485564	104.548
4063.746693	104.409
4122.855250	104.277
4182.823560	104.150
4243.664130	104.022
4305.389646	103.890
4368.012981	103.755
4431.547192	103.611
4496.005531	103.463
4561.401437	103.304
4627.748549	103.138
4695.060701	102.960
4763.351932	102.773
4832.636481	102.577
4902.928797	102.375
4974.243539	102.163
5046.595577	101.942
5120.000000	101.714
5194.472115	101.479
5270.027452	101.238
5346.681766	100.991
5424.451043	100.743
5503.351500	100.495
5583.399591	100.250
5664.612008	100.007
5747.005687	99.769
5830.597810	99.539
5915.405808	99.320
6001.447367	99.108
6088.740429	98.913
6177.303198	98.731
6267.154142	98.568
6358.311998	98.430
6450.795775	98.318
6544.624761	98.240
6639.818520	98.201
6736.396904	98.208
6834.380053	98.273
6933.788400	98.402
7034.642675	98.613
7136.963909	98.918
7240.773439	99.300
7346.092914	99.761
7452.944296	100.291
7561.349867	100.883
7671.332234	101.504
7782.914330	102.098
7896.119426	102.574
8010.971128	102.777
8127.493386	102.596
8245.710500	102.019
8365.647121	101.150
8487.328260	100.128
8610.779292	99.011
8736.025961	97.861
8863.094385	96.723
8992.011061	95.633
9122.802874	94.620
9255.497097	93.691
9390.121402	92.850
9526.703863	92.098
9665.272962	91.424
9805.857594	90.822
9948.487077	90.277
10093.191154	89.843
10240.000000	89.486
10388.944230	89.181
10540.054903	88.965
10693.363532	88.822
10848.902086	88.757
11006.703001	88.796
11166.799182	88.904
11329.224017	88.991
11494.011375	88.534
11661.195620	87.983
11830.811616	88.391
12002.894734	89.187
12177.480858	89.801
12354.606395	90.031
12534.308283	90.109
12716.623996	90.554
12901.591551	91.553
13089.249521	92.653
13279.637040	93.358
13472.793808	93.549
13668.760107	93.319
13867.576801	92.855
14069.285350	92.365
14273.927818	91.954
14481.546879	91.789
14692.185828	91.946
14905.888592	92.417
15122.699734	93.229
15342.664467	94.259
15565.828661	95.060
15792.238852	94.862
16021.942256	93.162
16254.986772	90.736
16491.420999	88.451
16731.294241	86.466
16974.656520	84.826
17221.558584	83.416
17472.051922	82.173
17726.188769	80.987
17984.022122	79.610
18245.605748	77.884
18510.994194	75.468
18780.242805	72.348
19053.407727	68.057
19330.545924	63.434
19611.715189	57.062
19896.974155	53.560
20186.382308	53.560
