20.000000	109.376
20.290907	109.415
20.586045	109.452
20.885476	109.486
21.189262	109.517
21.497467	109.546
21.810155	109.574
22.127391	109.602
22.449241	109.629
22.775773	109.655
23.107054	109.681
23.443154	109.705
23.784142	109.726
24.130091	109.745
24.481071	109.763
24.837156	109.778
25.198421	109.792
25.564940	109.804
25.936791	109.813
26.314050	109.820
26.696797	109.825
27.085111	109.830
27.479073	109.837
27.878765	109.843
28.284271	109.845
28.695675	109.842
29.113064	109.833
29.536523	109.820
29.966142	109.804
30.402009	109.788
30.844217	109.769
31.292856	109.744
31.748021	109.714
32.209807	109.679
32.678309	109.642
33.153626	109.603
33.635857	109.564
34.125101	109.528
34.621462	109.499
35.125043	109.476
35.635949	109.450
36.154286	109.409
36.680162	109.350
37.213687	109.281
37.754973	109.209
38.304131	109.135
38.861278	109.054
39.426528	108.966
40.000000	108.877
40.581813	108.790
41.172089	108.701
41.770951	108.607
42.378524	108.512
42.994934	108.422
43.620309	108.335
44.254781	108.249
44.898482	108.162
45.551545	108.075
46.214108	107.984
46.886308	107.886
47.568285	107.780
48.260181	107.660
48.962142	107.526
49.674312	107.382
50.396842	107.220
51.129881	107.036
51.873582	106.831
52.628101	106.611
53.393594	106.373
54.170222	106.117
54.958146	105.851
55.757531	105.580
56.568542	105.309
57.391351	105.032
58.226127	104.758
59.073046	104.512
59.932283	104.270
60.804018	103.985
61.688433	103.731
62.585712	103.502
63.496042	103.282
64.419613	103.080
65.356618	102.896
66.307252	102.733
67.271713	102.605
68.250203	102.504
69.242925	102.433
70.250086	102.391
71.271897	102.381
72.308571	102.395
73.360323	102.435
74.427374	102.496
75.509945	102.570
76.608262	102.663
77.722555	102.771
78.853056	102.866
80.000000	102.970
81.163627	103.056
82.344179	103.155
83.541903	103.239
84.757048	103.303
85.989867	103.359
87.240619	103.381
88.509563	103.402
89.796964	103.415
91.103091	103.420
92.428216	103.398
93.772615	103.383
95.136569	103.358
96.520362	103.317
97.924283	103.268
99.348625	103.215
100.793684	103.150
102.259762	103.082
103.747164	103.009
105.256202	102.931
106.787188	102.846
108.340444	102.756
109.916292	102.660
111.515061	102.556
113.137085	102.457
114.782702	102.350
116.452255	102.236
118.146092	102.126
119.864566	102.031
121.608036	101.939
123.376866	101.867
125.171424	101.806
126.992084	101.760
128.839227	101.710
130.713236	101.654
132.614504	101.585
134.543426	101.495
136.500406	101.388
138.485850	101.270
140.500173	101.146
142.543795	101.018
144.617142	100.891
146.720647	100.772
148.854748	100.657
151.019890	100.545
153.216525	100.431
155.445111	100.308
157.706112	100.175
160.000000	100.032
162.327254	99.883
164.688358	99.729
167.083805	99.574
169.514095	99.416
171.979734	99.252
174.481237	99.086
177.019125	98.915
179.593928	98.743
182.206182	98.584
184.856431	98.425
187.545230	98.268
190.273138	98.114
193.040725	97.962
195.848567	97.811
198.697250	97.662
201.587368	97.535
204.519524	97.440
207.494329	97.345
210.512403	97.232
213.574377	97.118
216.680888	97.012
219.832584	96.911
223.030122	96.820
226.274170	96.733
229.565404	96.656
232.904509	96.588
236.292183	96.525
239.729132	96.434
243.216073	96.416
246.753732	96.375
250.342848	96.327
253.984168	96.283
257.678453	96.241
261.426473	96.196
265.229008	96.156
269.086853	96.114
273.000811	96.080
276.971700	96.047
281.000346	96.016
285.087590	95.991
289.234284	95.968
293.441294	95.949
297.709496	95.931
302.039780	95.917
306.433050	95.910
310.890221	95.915
315.412224	95.924
320.000000	95.938
324.654507	95.950
329.376716	95.964
334.167610	95.984
339.028190	96.027
343.959469	96.104
348.962474	96.198
354.038251	96.277
359.187855	96.350
364.412363	96.406
369.712863	96.419
375.090460	96.407
380.546277	96.394
386.081450	96.383
391.697134	96.377
397.394500	96.374
403.174736	96.375
409.039048	96.378
414.988657	96.380
421.024807	96.378
427.148753	96.374
433.361775	96.372
439.665167	96.371
446.060244	96.368
452.548340	96.361
459.130807	96.359
465.809019	96.365
472.584367	96.372
479.458265	96.377
486.432146	96.380
493.507464	96.385
500.685695	96.390
507.968337	96.399
515.356906	96.416
522.852945	96.441
530.458016	96.463
538.173706	96.479
546.001623	96.494
553.943399	96.510
562.000691	96.525
570.175180	96.538
578.468569	96.545
586.882588	96.542
595.418991	96.530
604.079560	96.512
612.866100	96.489
621.780442	96.464
630.824447	96.440
640.000000	96.414
649.309014	96.386
658.753431	96.352
668.335221	96.310
678.056380	96.264
687.918938	96.211
697.924949	96.151
708.076501	96.078
718.375711	95.989
728.824726	95.900
739.425726	95.802
750.180921	95.694
761.092554	95.586
772.162900	95.477
783.394268	95.371
794.789000	95.270
806.349472	95.178
818.078095	95.102
829.977315	95.043
842.049613	95.007
854.297507	94.998
866.723550	95.019
879.330334	95.066
892.120489	95.142
905.096680	95.238
918.261614	95.359
931.618037	95.496
945.168733	95.645
958.916529	95.800
972.864291	95.954
987.014928	96.100
1001.371391	96.235
1015.936673	96.358
1030.713812	96.469
1045.705890	96.565
1060.916032	96.650
1076.347412	96.728
1092.003245	96.807
1107.886798	96.887
1124.001383	96.964
1140.350359	97.036
1156.937137	97.091
1173.765175	97.136
1190.837983	97.158
1208.159120	97.175
1225.732199	97.187
1243.560885	97.202
1261.648894	97.232
1280.000000	97.264
1298.618029	97.273
1317.506863	97.279
1336.670442	97.278
1356.112761	97.270
1375.837875	97.250
1395.849898	97.230
1416.153002	97.219
1436.751422	97.212
1457.649452	97.212
1478.851452	97.215
1500.361842	97.215
1522.185107	97.205
1544.325799	97.192
1566.788535	97.182
1589.577999	97.173
1612.698944	97.162
1636.156190	97.149
1659.954630	97.135
1684.099226	97.119
1708.595013	97.103
1733.447100	97.088
1758.660669	97.071
1784.240977	97.054
1810.193360	97.040
1836.523229	97.025
1863.236074	97.009
1890.337467	96.992
1917.833058	96.976
1945.728583	96.945
1974.029857	96.865
2002.742782	97.018
2031.873347	96.991
2061.427625	96.924
2091.411780	96.893
2121.832065	96.985
2152.694823	96.979
2184.006490	96.965
2215.773596	96.961
2248.002765	96.970
2280.700718	97.008
2313.874274	97.092
2347.530351	97.234
2381.675966	97.423
2416.318240	97.603
2451.464399	97.662
2487.121769	97.586
2523.297789	97.479
2560.000000	97.684
2597.236057	98.502
2635.013726	99.968
2673.340883	101.593
2712.225522	102.568
2751.675750	102.396
2791.699796	101.732
2832.306004	101.106
2873.502844	100.715
2915.298905	100.587
2957.702904	100.675
3000.723683	100.890
3044.370214	101.110
3088.651599	101.243
3133.577071	101.287
3179.155999	101.238
3225.397888	101.121
3272.312380	100.946
3319.909260	100.729
3368.198452	100.494
3417.190027	100.258
3466.894200	100.026
3517.321337	99.802
3568.481954	99.597
3620.386720	99.427
3673.046457	99.315
3726.472148	99.254
3780.674934	99.198
3835.666117	99.111
3891.457165	98.929
3948.059713	98.681
4005.485564	98.406
4063.746693	98.176
4122.855250	97.990
4182.823560	97.799
4243.664130	97.544
4305.389646	97.147
4368.012981	96.625
4431.547192	96.211
4496.005531	95.993
4561.401437	96.041
4627.748549	96.183
4695.060701	96.071
4763.351932	95.522
4832.636481	94.691
4902.928797	94.378
4974.243539	94.603
5046.595577	94.989
5120.000000	95.256
5194.472115	95.352
5270.027452	95.299
5346.681766	95.085
5424.451043	94.716
5503.351500	94.258
5583.399591	93.822
5664.612008	93.478
5747.005687	93.216
5830.597810	93.043
5915.405808	92.962
6001.447367	92.977
6088.740429	93.095
6177.303198	93.224
6267.154142	93.278
6358.311998	93.055
6450.795775	92.688
6544.624761	92.378
6639.818520	92.222
6736.396904	92.238
6834.380053	92.427
6933.788400	92.719
7034.642675	93.104
7136.963909	93.519
7240.773439	93.851
7346.092914	94.125
7452.944296	94.372
7561.349867	94.659
7671.332234	95.115
7782.914330	95.851
7896.119426	96.990
8010.971128	98.619
8127.493386	100.596
8245.710500	102.275
8365.647121	102.681
8487.328260	101.938
8610.779292	100.535
8736.025961	98.761
8863.094385	96.734
8992.011061	94.666
9122.802874	92.873
9255.497097	91.538
9390.121402	90.805
9526.703863	90.582
9665.272962	90.143
9805.857594	88.514
9948.487077	86.037
10093.191154	82.950
10240.000000	78.474
10388.944230	71.428
10540.054903	74.352
10693.363532	80.536
10848.902086	84.624
11006.703001	87.445
11166.799182	88.629
11329.224017	88.041
11494.011375	86.688
11661.195620	85.651
11830.811616	87.077
12002.894734	90.550
12177.480858	93.478
12354.606395	95.014
12534.308283	95.925
12716.623996	96.390
12901.591551	96.129
13089.249521	95.392
13279.637040	94.170
13472.793808	92.955
13668.760107	92.172
13867.576801	91.414
14069.285350	90.193
14273.927818	88.826
14481.546879	88.089
14692.185828	88.180
14905.888592	88.689
15122.699734	89.344
15342.664467	90.246
15565.828661	91.620
15792.238852	93.411
16021.942256	95.569
16254.986772	98.369
16491.420999	99.997
16731.294241	97.649
16974.656520	94.525
17221.558584	92.401
17472.051922	91.455
17726.188769	91.013
17984.022122	89.971
18245.605748	88.015
18510.994194	85.531
18780.242805	84.008
19053.407727	83.246
19330.545924	81.085
19611.715189	76.733
19896.974155	73.900
20186.382308	73.900
