20.000000	108.034
20.290907	108.005
20.586045	107.978
20.885476	107.951
21.189262	107.925
21.497467	107.901
21.810155	107.879
22.127391	107.857
22.449241	107.835
22.775773	107.815
23.107054	107.795
23.443154	107.777
23.784142	107.758
24.130091	107.739
24.481071	107.718
24.837156	107.695
25.198421	107.672
25.564940	107.650
25.936791	107.628
26.314050	107.606
26.696797	107.583
27.085111	107.557
27.479073	107.528
27.878765	107.498
28.284271	107.466
28.695675	107.433
29.113064	107.398
29.536523	107.360
29.966142	107.319
30.402009	107.274
30.844217	107.224
31.292856	107.172
31.748021	107.116
32.209807	107.059
32.678309	107.000
33.153626	106.939
33.635857	106.877
34.125101	106.816
34.621462	106.759
35.125043	106.701
35.635949	106.636
36.154286	106.560
36.680162	106.472
37.213687	106.379
37.754973	106.283
38.304131	106.186
38.861278	106.089
39.426528	105.991
40.000000	105.892
40.581813	105.792
41.172089	105.695
41.770951	105.600
42.378524	105.503
42.994934	105.401
43.620309	105.293
44.254781	105.183
44.898482	105.069
45.551545	104.949
46.214108	104.823
46.886308	104.693
47.568285	104.559
48.260181	104.421
48.962142	104.275
49.674312	104.126
50.396842	103.973
51.129881	103.817
51.873582	103.657
52.628101	103.499
53.393594	103.343
54.170222	103.186
54.958146	103.033
55.757531	102.885
56.568542	102.743
57.391351	102.607
58.226127	102.478
59.073046	102.356
59.932283	102.246
60.804018	102.135
61.688433	102.039
62.585712	101.957
63.496042	101.882
64.419613	101.818
65.356618	101.765
66.307252	101.715
67.271713	101.666
68.250203	101.616
69.242925	101.561
70.250086	101.502
71.271897	101.437
72.308571	101.364
73.360323	101.287
74.427374	101.203
75.509945	101.113
76.608262	101.015
77.722555	100.910
78.853056	100.802
80.000000	100.688
81.163627	100.571
82.344179	100.450
83.541903	100.327
84.757048	100.200
85.989867	100.071
87.240619	99.939
88.509563	99.808
89.796964	99.673
91.103091	99.538
92.428216	99.401
93.772615	99.266
95.136569	99.130
96.520362	98.995
97.924283	98.859
99.348625	98.725
100.793684	98.591
102.259762	98.461
103.747164	98.336
105.256202	98.216
106.787188	98.099
108.340444	97.985
109.916292	97.878
111.515061	97.777
113.137085	97.684
114.782702	97.600
116.452255	97.523
118.146092	97.453
119.864566	97.405
121.608036	97.336
123.376866	97.282
125.171424	97.241
126.992084	97.206
128.839227	97.177
130.713236	97.146
132.614504	97.116
134.543426	97.091
136.500406	97.063
138.485850	97.034
140.500173	97.005
142.543795	96.977
144.617142	96.948
146.720647	96.921
148.854748	96.891
151.019890	96.860
153.216525	96.827
155.445111	96.791
157.706112	96.754
160.000000	96.712
162.327254	96.670
164.688358	96.625
167.083805	96.577
169.514095	96.531
171.979734	96.484
174.481237	96.433
177.019125	96.384
179.593928	96.332
182.206182	96.284
184.856431	96.235
187.545230	96.188
190.273138	96.142
193.040725	96.097
195.848567	96.057
198.697250	96.017
201.587368	95.982
204.519524	95.952
207.494329	95.926
210.512403	95.902
213.574377	95.881
216.680888	95.867
219.832584	95.852
223.030122	95.847
226.274170	95.846
229.565404	95.853
232.904509	95.864
236.292183	95.880
239.729132	95.894
243.216073	95.920
246.753732	95.942
250.342848	95.961
253.984168	95.987
257.678453	96.010
261.426473	96.034
265.229008	96.057
269.086853	96.081
273.000811	96.102
276.971700	96.123
281.000346	96.144
285.087590	96.166
289.234284	96.182
293.441294	96.199
297.709496	96.215
302.039780	96.231
306.433050	96.248
310.890221	96.262
315.412224	96.277
320.000000	96.294
324.654507	96.310
329.376716	96.319
334.167610	96.328
339.028190	96.324
343.959469	96.307
348.962474	96.276
354.038251	96.259
359.187855	96.298
364.412363	96.390
369.712863	96.459
375.090460	96.497
380.546277	96.519
386.081450	96.536
391.697134	96.549
397.394500	96.561
403.174736	96.574
409.039048	96.587
414.988657	96.598
421.024807	96.611
427.148753	96.621
433.361775	96.629
439.665167	96.638
446.060244	96.642
452.548340	96.641
459.130807	96.634
465.809019	96.630
472.584367	96.629
479.458265	96.622
486.432146	96.613
493.507464	96.614
500.685695	96.618
507.968337	96.620
515.356906	96.623
522.852945	96.643
530.458016	96.670
538.173706	96.704
546.001623	96.742
553.943399	96.770
562.000691	96.796
570.175180	96.822
578.468569	96.854
586.882588	96.885
595.418991	96.909
604.079560	96.924
612.866100	96.928
621.780442	96.929
630.824447	96.925
640.000000	96.924
649.309014	96.924
658.753431	96.918
668.335221	96.907
678.056380	96.881
687.918938	96.842
697.924949	96.791
708.076501	96.728
718.375711	96.644
728.824726	96.551
739.425726	96.447
750.180921	96.335
761.092554	96.218
772.162900	96.099
783.394268	95.984
794.789000	95.877
806.349472	95.787
818.078095	95.714
829.977315	95.659
842.049613	95.621
854.297507	95.599
866.723550	95.596
879.330334	95.614
892.120489	95.659
905.096680	95.726
918.261614	95.822
931.618037	95.940
945.168733	96.071
958.916529	96.207
972.864291	96.341
987.014928	96.465
1001.371391	96.560
1015.936673	96.633
1030.713812	96.684
1045.705890	96.717
1060.916032	96.745
1076.347412	96.785
1092.003245	96.849
1107.886798	96.935
1124.001383	97.028
1140.350359	97.118
1156.937137	97.182
1173.765175	97.226
1190.837983	97.228
1208.159120	97.218
1225.732199	97.192
1243.560885	97.172
1261.648894	97.180
1280.000000	97.192
1298.618029	97.174
1317.506863	97.155
1336.670442	97.139
1356.112761	97.126
1375.837875	97.113
1395.849898	97.102
1416.153002	97.092
1436.751422	97.082
1457.649452	97.074
1478.851452	97.067
1500.361842	97.061
1522.185107	97.044
1544.325799	97.018
1566.788535	97.001
1589.577999	96.989
1612.698944	96.975
1636.156190	96.962
1659.954630	96.950
1684.099226	96.931
1708.595013	96.905
1733.447100	96.874
1758.660669	96.844
1784.240977	96.820
1810.193360	96.804
1836.523229	96.796
1863.236074	96.799
1890.337467	96.812
1917.833058	96.834
1945.728583	96.839
1974.029857	96.879
2002.742782	97.021
2031.873347	97.000
2061.427625	96.840
2091.411780	96.824
2121.832065	96.799
2152.694823	96.852
2184.006490	96.935
2215.773596	97.019
2248.002765	97.095
2280.700718	97.163
2313.874274	97.234
2347.530351	97.318
2381.675966	97.431
2416.318240	97.576
2451.464399	97.716
2487.121769	97.792
2523.297789	97.833
2560.000000	98.080
2597.236057	98.818
2635.013726	100.171
2673.340883	101.853
2712.225522	103.125
2751.675750	103.359
2791.699796	102.953
2832.306004	102.417
2873.502844	102.030
2915.298905	101.850
2957.702904	101.856
3000.723683	101.983
3044.370214	102.139
3088.651599	102.237
3133.577071	102.253
3179.155999	102.155
3225.397888	101.966
3272.312380	101.720
3319.909260	101.460
3368.198452	101.211
3417.190027	100.973
3466.894200	100.732
3517.321337	100.496
3568.481954	100.282
3620.386720	100.099
3673.046457	99.966
3726.472148	99.860
3780.674934	99.782
3835.666117	99.712
3891.457165	99.610
3948.059713	99.458
4005.485564	99.239
4063.746693	99.011
4122.855250	98.780
4182.823560	98.480
4243.664130	97.994
4305.389646	97.297
4368.012981	96.592
4431.547192	96.103
4496.005531	95.841
4561.401437	95.948
4627.748549	96.195
4695.060701	96.118
4763.351932	95.577
4832.636481	94.965
4902.928797	94.932
4974.243539	95.164
5046.595577	95.386
5120.000000	95.518
5194.472115	95.549
5270.027452	95.482
5346.681766	95.321
5424.451043	95.077
5503.351500	94.801
5583.399591	94.567
5664.612008	94.389
5747.005687	94.265
5830.597810	94.187
5915.405808	94.129
6001.447367	94.085
6088.740429	94.067
6177.303198	94.030
6267.154142	93.910
6358.311998	93.439
6450.795775	92.789
6544.624761	92.260
6639.818520	91.990
6736.396904	91.956
6834.380053	92.131
6933.788400	92.494
7034.642675	93.035
7136.963909	93.672
7240.773439	94.372
7346.092914	95.236
7452.944296	96.247
7561.349867	97.323
7671.332234	98.396
7782.914330	99.391
7896.119426	100.239
8010.971128	101.070
8127.493386	101.930
8245.710500	102.483
8365.647121	102.146
8487.328260	100.641
8610.779292	98.195
8736.025961	95.383
8863.094385	92.584
8992.011061	90.001
9122.802874	88.021
9255.497097	86.737
9390.121402	86.140
9526.703863	86.278
9665.272962	86.328
9805.857594	85.487
9948.487077	83.992
10093.191154	81.836
10240.000000	78.005
10388.944230	71.837
10540.054903	67.989
10693.363532	73.445
10848.902086	81.228
11006.703001	85.026
11166.799182	86.567
11329.224017	87.001
11494.011375	86.699
11661.195620	85.923
11830.811616	86.867
12002.894734	90.017
12177.480858	92.704
12354.606395	94.221
12534.308283	95.263
12716.623996	96.050
12901.591551	96.083
13089.249521	95.634
13279.637040	94.483
13472.793808	93.073
13668.760107	91.951
13867.576801	90.801
14069.285350	89.246
14273.927818	87.441
14481.546879	86.739
14692.185828	87.571
14905.888592	88.676
15122.699734	89.817
15342.664467	90.947
15565.828661	92.113
15792.238852	93.408
16021.942256	95.047
16254.986772	97.847
16491.420999	99.703
16731.294241	97.423
16974.656520	94.141
17221.558584	91.609
17472.051922	90.191
17726.188769	89.694
17984.022122	89.480
18245.605748	88.345
18510.994194	85.759
18780.242805	83.611
19053.407727	82.580
19330.545924	80.696
19611.715189	76.369
19896.974155	73.499
20186.382308	73.499
