20.000000	98.228
20.290907	98.296
20.586045	98.364
20.885476	98.437
21.189262	98.517
21.497467	98.601
21.810155	98.686
22.127391	98.764
22.449241	98.837
22.775773	98.899
23.107054	98.954
23.443154	99.006
23.784142	99.059
24.130091	99.116
24.481071	99.176
24.837156	99.238
25.198421	99.297
25.564940	99.352
25.936791	99.400
26.314050	99.445
26.696797	99.489
27.085111	99.533
27.479073	99.579
27.878765	99.623
28.284271	99.661
28.695675	99.693
29.113064	99.722
29.536523	99.748
29.966142	99.772
30.402009	99.794
30.844217	99.810
31.292856	99.820
31.748021	99.824
32.209807	99.822
32.678309	99.812
33.153626	99.794
33.635857	99.771
34.125101	99.745
34.621462	99.719
35.125043	99.689
35.635949	99.654
36.154286	99.615
36.680162	99.578
37.213687	99.546
37.754973	99.515
38.304131	99.482
38.861278	99.434
39.426528	99.367
40.000000	99.276
40.581813	99.172
41.172089	99.090
41.770951	99.054
42.378524	99.060
42.994934	99.079
43.620309	99.097
44.254781	99.103
44.898482	99.087
45.551545	99.042
46.214108	98.988
46.886308	98.962
47.568285	98.960
48.260181	98.956
48.962142	98.939
49.674312	98.917
50.396842	98.873
51.129881	98.799
51.873582	98.688
52.628101	98.531
53.393594	98.338
54.170222	98.130
54.958146	97.900
55.757531	97.645
56.568542	97.394
57.391351	97.138
58.226127	96.879
59.073046	96.636
59.932283	96.377
60.804018	96.090
61.688433	95.881
62.585712	95.680
63.496042	95.461
64.419613	95.280
65.356618	95.166
66.307252	95.122
67.271713	95.134
68.250203	95.169
69.242925	95.241
70.250086	95.326
71.271897	95.391
72.308571	95.458
73.360323	95.532
74.427374	95.594
75.509945	95.644
76.608262	95.684
77.722555	95.680
78.853056	95.636
80.000000	95.616
81.163627	95.592
82.344179	95.526
83.541903	95.490
84.757048	95.482
85.989867	95.493
87.240619	95.475
88.509563	95.453
89.796964	95.420
91.103091	95.363
92.428216	95.333
93.772615	95.288
95.136569	95.327
96.520362	95.331
97.924283	95.363
99.348625	95.397
100.793684	95.419
102.259762	95.449
103.747164	95.475
105.256202	95.489
106.787188	95.485
108.340444	95.460
109.916292	95.428
111.515061	95.368
113.137085	95.294
114.782702	95.193
116.452255	95.069
118.146092	94.914
119.864566	94.736
121.608036	94.533
123.376866	94.319
125.171424	94.098
126.992084	93.870
128.839227	93.638
130.713236	93.399
132.614504	93.154
134.543426	92.911
136.500406	92.657
138.485850	92.384
140.500173	92.092
142.543795	91.779
144.617142	91.569
146.720647	91.426
148.854748	91.393
151.019890	91.414
153.216525	91.428
155.445111	91.446
157.706112	91.453
160.000000	91.466
162.327254	91.477
164.688358	91.485
167.083805	91.509
169.514095	91.511
171.979734	91.499
174.481237	91.484
177.019125	91.459
179.593928	91.454
182.206182	91.402
184.856431	91.378
187.545230	91.367
190.273138	91.361
193.040725	91.364
195.848567	91.364
198.697250	91.351
201.587368	91.344
204.519524	91.346
207.494329	91.362
210.512403	91.397
213.574377	91.443
216.680888	91.484
219.832584	91.522
223.030122	91.560
226.274170	91.599
229.565404	91.636
232.904509	91.653
236.292183	91.650
239.729132	91.612
243.216073	91.695
246.753732	91.745
250.342848	91.784
253.984168	91.837
257.678453	91.878
261.426473	91.916
265.229008	91.956
269.086853	91.983
273.000811	92.014
276.971700	92.042
281.000346	92.067
285.087590	92.093
289.234284	92.122
293.441294	92.159
297.709496	92.198
302.039780	92.226
306.433050	92.248
310.890221	92.265
315.412224	92.280
320.000000	92.293
324.654507	92.301
329.376716	92.303
334.167610	92.306
339.028190	92.312
343.959469	92.319
348.962474	92.332
354.038251	92.348
359.187855	92.367
364.412363	92.385
369.712863	92.399
375.090460	92.407
380.546277	92.407
386.081450	92.399
391.697134	92.383
397.394500	92.364
403.174736	92.341
409.039048	92.330
414.988657	92.349
421.024807	92.392
427.148753	92.438
433.361775	92.480
439.665167	92.516
446.060244	92.538
452.548340	92.539
459.130807	92.543
465.809019	92.567
472.584367	92.603
479.458265	92.643
486.432146	92.681
493.507464	92.720
500.685695	92.759
507.968337	92.799
515.356906	92.842
522.852945	92.876
530.458016	92.897
538.173706	92.905
546.001623	92.895
553.943399	92.852
562.000691	92.773
570.175180	92.662
578.468569	92.546
586.882588	92.457
595.418991	92.390
604.079560	92.343
612.866100	92.330
621.780442	92.366
630.824447	92.449
640.000000	92.549
649.309014	92.643
658.753431	92.710
668.335221	92.763
678.056380	92.827
687.918938	92.895
697.924949	92.960
708.076501	93.021
718.375711	93.074
728.824726	93.152
739.425726	93.233
750.180921	93.319
761.092554	93.407
772.162900	93.493
783.394268	93.579
794.789000	93.661
806.349472	93.734
818.078095	93.802
829.977315	93.868
842.049613	93.929
854.297507	93.988
866.723550	94.042
879.330334	94.097
892.120489	94.146
905.096680	94.189
918.261614	94.224
931.618037	94.259
945.168733	94.296
958.916529	94.334
972.864291	94.370
987.014928	94.400
1001.371391	94.423
1015.936673	94.444
1030.713812	94.463
1045.705890	94.473
1060.916032	94.472
1076.347412	94.454
1092.003245	94.432
1107.886798	94.427
1124.001383	94.443
1140.350359	94.479
1156.937137	94.533
1173.765175	94.592
1190.837983	94.647
1208.159120	94.701
1225.732199	94.750
1243.560885	94.807
1261.648894	94.866
1280.000000	94.918
1298.618029	94.965
1317.506863	95.012
1336.670442	95.041
1356.112761	95.089
1375.837875	95.130
1395.849898	95.163
1416.153002	95.191
1436.751422	95.213
1457.649452	95.219
1478.851452	95.215
1500.361842	95.204
1522.185107	95.223
1544.325799	95.239
1566.788535	95.271
1589.577999	95.322
1612.698944	95.391
1636.156190	95.478
1659.954630	95.580
1684.099226	95.690
1708.595013	95.800
1733.447100	95.902
1758.660669	95.992
1784.240977	96.072
1810.193360	96.172
1836.523229	96.294
1863.236074	96.411
1890.337467	96.550
1917.833058	96.716
1945.728583	96.904
1974.029857	97.102
2002.742782	97.331
2031.873347	97.573
2061.427625	97.805
2091.411780	98.037
2121.832065	98.274
2152.694823	98.514
2184.006490	98.761
2215.773596	99.032
2248.002765	99.351
2280.700718	99.820
2313.874274	100.337
2347.530351	100.633
2381.675966	100.813
2416.318240	101.007
2451.464399	101.230
2487.121769	101.461
2523.297789	101.683
2560.000000	101.890
2597.236057	102.072
2635.013726	102.223
2673.340883	102.334
2712.225522	102.426
2751.675750	102.503
2791.699796	102.568
2832.306004	102.627
2873.502844	102.674
2915.298905	102.696
2957.702904	102.673
3000.723683	102.591
3044.370214	102.421
3088.651599	102.143
3133.577071	101.772
3179.155999	101.340
3225.397888	100.903
3272.312380	100.486
3319.909260	100.077
3368.198452	99.641
3417.190027	99.169
3466.894200	98.673
3517.321337	98.095
3568.481954	97.359
3620.386720	96.485
3673.046457	95.567
3726.472148	94.715
3780.674934	93.997
3835.666117	93.369
3891.457165	92.874
3948.059713	92.464
4005.485564	92.218
4063.746693	92.212
4122.855250	92.616
4182.823560	93.320
4243.664130	93.941
4305.389646	94.332
4368.012981	94.521
4431.547192	94.596
4496.005531	94.631
4561.401437	94.708
4627.748549	94.880
4695.060701	95.089
4763.351932	95.221
4832.636481	95.261
4902.928797	95.225
4974.243539	95.176
5046.595577	95.135
5120.000000	95.106
5194.472115	95.093
5270.027452	95.102
5346.681766	95.127
5424.451043	95.162
5503.351500	95.208
5583.399591	95.259
5664.612008	95.316
5747.005687	95.346
5830.597810	95.328
5915.405808	95.253
6001.447367	95.132
6088.740429	94.984
6177.303198	94.866
6267.154142	94.918
6358.311998	95.292
6450.795775	96.008
6544.624761	96.747
6639.818520	97.205
6736.396904	97.393
6834.380053	97.276
6933.788400	96.885
7034.642675	96.314
7136.963909	95.694
7240.773439	95.127
7346.092914	94.643
7452.944296	94.235
7561.349867	93.886
7671.332234	93.567
7782.914330	93.259
7896.119426	92.969
8010.971128	92.721
8127.493386	92.510
8245.710500	92.236
8365.647121	91.385
8487.328260	88.875
8610.779292	83.926
8736.025961	81.261
8863.094385	82.874
8992.011061	85.266
9122.802874	87.180
9255.497097	88.713
9390.121402	90.011
9526.703863	91.066
9665.272962	91.696
9805.857594	91.680
9948.487077	90.835
10093.191154	89.334
10240.000000	87.911
10388.944230	87.005
10540.054903	86.701
10693.363532	86.820
10848.902086	87.283
11006.703001	87.997
11166.799182	88.910
11329.224017	90.010
11494.011375	91.136
11661.195620	91.973
11830.811616	92.218
12002.894734	91.424
12177.480858	90.064
12354.606395	88.046
12534.308283	85.650
12716.623996	82.664
12901.591551	78.564
13089.249521	73.747
13279.637040	68.765
13472.793808	68.242
13668.760107	73.396
13867.576801	78.060
14069.285350	82.113
14273.927818	85.834
14481.546879	87.533
14692.185828	87.630
14905.888592	87.696
15122.699734	88.132
15342.664467	89.009
15565.828661	90.250
15792.238852	91.811
16021.942256	93.432
16254.986772	93.640
16491.420999	92.384
16731.294241	90.519
16974.656520	87.979
17221.558584	85.163
17472.051922	84.245
17726.188769	86.104
17984.022122	88.312
18245.605748	89.727
18510.994194	88.957
18780.242805	86.179
19053.407727	83.153
19330.545924	80.434
19611.715189	77.469
19896.974155	75.795
20186.382308	75.795
