20 103.73
20.2909066988 103.76
20.5860447329 103.80
20.8854756485 103.83
21.1892618872 103.86
21.4974667984 103.88
21.8101546533 103.89
22.1273906578 103.88
22.4492409662 103.86
22.7757726951 103.84
23.1070539374 103.82
23.4431537764 103.80
23.7841423001 103.79
24.130090616 103.77
24.4810708661 103.74
24.8371562415 103.69
25.1984209979 103.62
25.5649404712 103.53
25.936791093 103.44
26.3140504067 103.33
26.6967970834 103.21
27.0851109387 103.06
27.4790729492 102.88
27.878765269 102.68
28.2842712475 102.46
28.6956754462 102.23
29.1130636568 101.99
29.5365229188 101.74
29.9661415375 101.47
30.402009103 101.21
30.8442165082 100.97
31.2928559682 100.74
31.7480210394 100.53
32.209806639 100.32
32.6783090648 100.11
33.1536260154 99.92
33.6358566101 99.74
34.1251014105 99.59
34.6214624402 99.46
35.1250432075 99.34
35.6359487256 99.21
36.1542855356 99.09
36.6801617282 98.97
37.2136869661 98.88
37.7549725073 98.80
38.3041312279 98.72
38.8612776461 98.62
39.4265279456 98.52
40 98.44
40.5818133975 98.37
41.1720894657 98.29
41.7709512971 98.19
42.3785237744 98.12
42.9949335968 98.06
43.6203093066 98.01
44.2547813156 97.94
44.8984819324 97.87
45.5515453903 97.81
46.2141078749 97.75
46.8863075528 97.69
47.5682846001 97.63
48.260181232 97.56
48.9621417322 97.48
49.6743124829 97.41
50.3968419958 97.34
51.1298809424 97.26
51.873582186 97.17
52.6281008133 97.09
53.3935941668 97.01
54.1702218775 96.91
54.9581458983 96.81
55.757530538 96.71
56.5685424949 96.61
57.3913508924 96.51
58.2261273137 96.40
59.0730458376 96.32
59.9322830751 96.20
60.804018206 96.04
61.6884330163 95.92
62.5857119363 95.81
63.4960420787 95.68
64.419613278 95.56
65.3566181296 95.43
66.3072520307 95.29
67.2717132203 95.16
68.2502028209 95.02
69.2429248805 94.89
70.2500864149 94.78
71.2718974512 94.66
72.3085710713 94.53
73.3603234564 94.42
74.4273739322 94.32
75.5099450145 94.22
76.6082624559 94.13
77.7225552923 94.04
78.8530558912 93.94
80 93.84
81.163626795 93.78
82.3441789315 93.72
83.5419025942 93.64
84.7570475487 93.58
85.9898671937 93.52
87.2406186132 93.47
88.5095626311 93.42
89.7969638648 93.35
91.1030907805 93.31
92.4282157498 93.27
93.7726151055 93.23
95.1365692002 93.19
96.520362464 93.15
97.9242834644 93.09
99.3486249659 93.04
100.7936839916 93.00
102.2597618848 92.97
103.7471643721 92.94
105.2562016267 92.89
106.7871883336 92.84
108.340443755 92.79
109.9162917966 92.76
111.5150610759 92.73
113.1370849898 92.70
114.7827017849 92.66
116.4522546274 92.61
118.1460916752 92.57
119.8645661501 92.52
121.6080364119 92.46
123.3768660326 92.42
125.1714238726 92.39
126.9920841575 92.37
128.8392265559 92.34
130.7132362593 92.29
132.6145040614 92.24
134.5434264406 92.19
136.5004056418 92.15
138.485849761 92.10
140.5001728299 92.06
142.5437949025 92.02
144.6171421426 91.97
146.7206469127 91.93
148.8547478643 91.86
151.0198900291 91.78
153.2165249118 91.69
155.4451105846 91.62
157.7061117824 91.55
160 91.48
162.32725359 91.39
164.688357863 91.29
167.0838051884 91.17
169.5140950975 91.07
171.9797343873 90.95
174.4812372264 90.82
177.0191252622 90.68
179.5939277295 90.55
182.2061815611 90.40
184.8564314996 90.28
187.5452302111 90.14
190.2731384004 90.01
193.0407249281 89.89
195.8485669287 89.79
198.6972499318 89.73
201.5873679832 89.69
204.5195237697 89.66
207.4943287442 89.66
210.5124032534 89.71
213.5743766672 89.77
216.6808875099 89.83
219.8325835933 89.91
223.0301221518 90.03
226.2741699797 90.15
229.5654035698 90.24
232.9045092548 90.33
236.2921833503 90.43
239.7291323003 90.59
243.2160728239 90.61
246.7537320653 90.67
250.3428477452 90.73
253.9841683149 90.77
257.6784531119 90.78
261.4264725186 90.80
265.2290081229 90.82
269.0868528812 90.86
273.0008112836 90.88
276.971699522 90.90
281.0003456597 90.87
285.0875898049 90.82
289.2342842852 90.81
293.4412938255 90.80
297.7094957287 90.80
302.0397800581 90.78
306.4330498235 90.75
310.8902211692 90.70
315.4122235649 90.67
320 90.62
324.65450718 90.55
329.3767157259 90.50
334.1676103768 90.42
339.028190195 90.35
343.9594687746 90.25
348.9624744529 90.18
354.0382505244 90.10
359.187855459 90.10
364.4123631221 90.12
369.7128629991 90.14
375.0904604222 90.13
380.5462768009 90.09
386.0814498562 90.06
391.6971338575 90.01
397.3944998635 89.95
403.1747359664 89.89
409.0390475393 89.83
414.9886574883 89.77
421.0248065068 89.71
427.1487533344 89.67
433.3617750198 89.62
439.6651671866 89.57
446.0602443037 89.54
452.5483399594 89.48
459.1308071395 89.43
465.8090185095 89.38
472.5843667007 89.33
479.4582646005 89.28
486.4321456477 89.23
493.5074641306 89.16
500.6856954905 89.09
507.9683366298 89.02
515.3569062238 88.96
522.8529450372 88.90
530.4580162458 88.85
538.1737057624 88.79
546.0016225673 88.78
553.9433990439 88.77
562.0006913195 88.77
570.1751796098 88.77
578.4685685703 88.77
586.882587651 88.80
595.4189914574 88.81
604.0795601163 88.83
612.8660996471 88.86
621.7804423383 88.90
630.8244471297 88.92
640 88.92
649.30901436 88.92
658.7534314519 88.92
668.3352207536 88.94
678.05638039 88.92
687.9189375493 88.87
697.9249489058 88.85
708.0765010489 88.79
718.375710918 88.71
728.8247262443 88.61
739.4257259983 88.53
750.1809208443 88.42
761.0925536018 88.38
772.1628997124 88.38
783.394267715 88.41
794.7889997271 88.46
806.3494719327 88.53
818.0780950787 88.61
829.9773149767 88.65
842.0496130136 88.67
854.2975066688 88.61
866.7235500396 88.51
879.3303343732 88.43
892.1204886074 88.43
905.0966799188 88.49
918.2616142791 88.63
931.618037019 88.80
945.1687334013 89.00
958.9165292011 89.17
972.8642912955 89.28
987.0149282611 89.30
1001.371390981 89.30
1015.9366732597 89.24
1030.7138124476 89.13
1045.7058900743 88.99
1060.9160324916 88.94
1076.3474115248 88.89
1092.0032451345 88.90
1107.8867980879 89.07
1124.0013826389 89.50
1140.3503592197 90.15
1156.9371371406 90.92
1173.765175302 91.68
1190.8379829148 92.07
1208.1591202326 92.32
1225.7321992942 92.28
1243.5608846767 92.15
1261.6488942595 91.93
1280 91.78
1298.6180287201 91.91
1317.5068629037 92.02
1336.6704415071 92.06
1356.1127607799 92.01
1375.8378750985 91.97
1395.8498978116 91.92
1416.1530020977 91.89
1436.751421836 91.87
1457.6494524886 91.86
1478.8514519966 91.85
1500.3618416887 91.84
1522.1851072035 91.87
1544.3257994247 91.86
1566.78853543 91.87
1589.5779994541 91.89
1612.6989438655 91.87
1636.1561901574 91.81
1659.9546299533 91.74
1684.0992260271 91.71
1708.5950133377 91.78
1733.4471000793 92.06
1758.6606687464 92.52
1784.2409772148 93.02
1810.1933598376 93.40
1836.5232285581 93.97
1863.2360740381 94.57
1890.3374668026 94.90
1917.8330584022 95.01
1945.7285825909 95.05
1974.0298565222 95.22
2002.742781962 95.58
2031.8733465194 95.83
2061.4276248951 96.02
2091.4117801487 96.17
2121.8320649832 96.43
2152.6948230496 96.78
2184.0064902691 97.08
2215.7735961758 97.34
2248.0027652779 97.53
2280.7007184393 97.71
2313.8742742813 97.89
2347.530350604 98.09
2381.6759658296 98.32
2416.3182404652 98.47
2451.4643985884 98.39
2487.1217693533 98.50
2523.297788519 98.87
2560.0000000001 99.18
2597.2360574402 99.40
2635.0137258074 99.55
2673.3408830143 99.71
2712.2255215599 99.86
2751.6757501971 100.02
2791.6997956232 100.07
2832.3060041955 100.01
2873.5028436721 99.91
2915.2989049772 99.74
2957.7029039931 99.48
3000.7236833774 99.19
3044.3702144071 99.08
3088.6515988494 98.87
3133.57707086 98.64
3179.1559989082 98.45
3225.397887731 98.15
3272.3123803148 97.74
3319.9092599067 97.39
3368.1984520542 96.99
3417.1900266754 96.47
3466.8942001586 95.87
3517.3213374928 95.29
3568.4819544296 94.83
3620.3867196753 94.54
3673.0464571163 94.41
3726.4721480761 94.22
3780.6749336053 93.80
3835.6661168044 93.30
3891.4571651819 92.81
3948.0597130445 92.30
4005.4855639241 92.10
4063.7466930387 92.51
4122.8552497902 92.38
4182.8235602974 92.03
4243.6641299665 91.95
4305.3896460992 92.03
4368.0129805382 91.86
4431.5471923516 91.70
4496.0055305558 91.72
4561.4014368787 91.64
4627.7485485626 91.55
4695.0607012081 91.49
4763.3519316592 91.58
4832.6364809305 91.80
4902.9287971769 91.94
4974.2435387067 92.11
5046.595577038 92.33
5120.0000000002 92.47
5194.4721148803 92.61
5270.0274516149 93.03
5346.6817660286 93.28
5424.4510431198 92.93
5503.3515003942 92.06
5583.3995912463 91.15
5664.6120083911 90.54
5747.0056873442 90.27
5830.5978099545 90.22
5915.4058079863 90.13
6001.4473667548 89.77
6088.7404288142 90.01
6177.3031976989 90.68
6267.1541417201 91.03
6358.3119978165 90.91
6450.795775462 90.56
6544.6247606297 90.20
6639.8185198134 90.05
6736.3969041085 90.27
6834.3800533509 90.78
6933.7884003172 91.41
7034.6426749857 92.03
7136.9639088592 92.48
7240.7734393506 92.74
7346.0929142326 92.89
7452.9442961523 93.00
7561.3498672106 93.12
7671.3322336089 93.38
7782.9143303638 93.81
7896.119426089 94.32
8010.9711278481 94.98
8127.4933860775 95.84
8245.7104995805 96.70
8365.6471205948 97.51
8487.328259933 97.33
8610.7792921984 95.24
8736.0259610765 91.93
8863.0943847033 88.47
8992.0110611117 85.85
9122.8028737575 83.27
9255.4970971253 79.94
9390.1214024162 78.52
9526.7038633184 80.40
9665.272961861 83.01
9805.8575943538 84.32
9948.4870774134 84.14
10093.191154076 82.92
10240.0000000005 81.49
10388.9442297607 80.02
10540.0549032298 78.68
10693.3635320572 77.48
10848.9020862397 76.27
11006.7030007884 75.01
11166.7991824927 73.17
11329.2240167822 68.35
11494.0113746885 61.16
11661.1956199091 70.37
11830.8116159726 76.04
12002.8947335097 78.09
12177.4808576284 78.99
12354.6063953979 78.85
12534.3082834402 79.16
12716.6239956331 79.95
12901.5915509241 80.09
13089.2495212594 79.83
13279.637039627 79.06
13472.7938082171 77.97
13668.7601067018 77.16
13867.5768006344 77.24
14069.2853499715 77.47
14273.9278177184 76.91
14481.5468787012 73.89
14692.1858284653 66.87
14905.8885923047 64.66
15122.6997344212 66.40
15342.6644672179 69.05
15565.8286607277 71.07
15792.2388521781 73.93
16021.9422556964 77.10
16254.9867721551 79.91
16491.4209991611 81.64
16731.2942411897 80.67
16974.656519866 78.15
17221.5585843969 76.12
17472.0519221531 75.28
17726.1887694067 33.78
17984.0221222235 17.03
18245.605747515 27.04
18510.9941942506 31.11
18780.2428048326 28.66
19053.4077266369 24.55
19330.545923722 24.94
19611.7151887077 21.64
19896.9741548268 26.65
20186.382308152 26.65
