20.000000	112.662
20.290907	112.661
20.586045	112.663
20.885476	112.666
21.189262	112.670
21.497467	112.674
21.810155	112.680
22.127391	112.686
22.449241	112.692
22.775773	112.696
23.107054	112.698
23.443154	112.699
23.784142	112.699
24.130091	112.699
24.481071	112.701
24.837156	112.703
25.198421	112.708
25.564940	112.714
25.936791	112.719
26.314050	112.722
26.696797	112.724
27.085111	112.725
27.479073	112.727
27.878765	112.731
28.284271	112.734
28.695675	112.736
29.113064	112.736
29.536523	112.734
29.966142	112.731
30.402009	112.729
30.844217	112.727
31.292856	112.724
31.748021	112.719
32.209807	112.713
32.678309	112.706
33.153626	112.697
33.635857	112.686
34.125101	112.674
34.621462	112.661
35.125043	112.645
35.635949	112.626
36.154286	112.605
36.680162	112.585
37.213687	112.565
37.754973	112.543
38.304131	112.519
38.861278	112.494
39.426528	112.469
40.000000	112.442
40.581813	112.413
41.172089	112.383
41.770951	112.352
42.378524	112.320
42.994934	112.286
43.620309	112.250
44.254781	112.212
44.898482	112.172
45.551545	112.132
46.214108	112.093
46.886308	112.054
47.568285	112.010
48.260181	111.968
48.962142	111.931
49.674312	111.892
50.396842	111.847
51.129881	111.801
51.873582	111.754
52.628101	111.706
53.393594	111.662
54.170222	111.621
54.958146	111.574
55.757531	111.524
56.568542	111.477
57.391351	111.428
58.226127	111.378
59.073046	111.330
59.932283	111.277
60.804018	111.220
61.688433	111.169
62.585712	111.118
63.496042	111.066
64.419613	111.014
65.356618	110.962
66.307252	110.910
67.271713	110.857
68.250203	110.801
69.242925	110.744
70.250086	110.685
71.271897	110.623
72.308571	110.561
73.360323	110.498
74.427374	110.432
75.509945	110.366
76.608262	110.298
77.722555	110.228
78.853056	110.156
80.000000	110.083
81.163627	110.009
82.344179	109.931
83.541903	109.853
84.757048	109.774
85.989867	109.693
87.240619	109.612
88.509563	109.530
89.796964	109.447
91.103091	109.365
92.428216	109.282
93.772615	109.201
95.136569	109.119
96.520362	109.039
97.924283	108.959
99.348625	108.878
100.793684	108.798
102.259762	108.718
103.747164	108.637
105.256202	108.555
106.787188	108.470
108.340444	108.382
109.916292	108.293
111.515061	108.203
113.137085	108.113
114.782702	108.021
116.452255	107.926
118.146092	107.832
119.864566	107.733
121.608036	107.639
123.376866	107.543
125.171424	107.446
126.992084	107.349
128.839227	107.251
130.713236	107.151
132.614504	107.051
134.543426	106.952
136.500406	106.854
138.485850	106.754
140.500173	106.653
142.543795	106.552
144.617142	106.451
146.720647	106.350
148.854748	106.249
151.019890	106.145
153.216525	106.041
155.445111	105.937
157.706112	105.830
160.000000	105.723
162.327254	105.611
164.688358	105.498
167.083805	105.382
169.514095	105.262
171.979734	105.142
174.481237	105.022
177.019125	104.909
179.593928	104.811
182.206182	104.744
184.856431	104.701
187.545230	104.657
190.273138	104.587
193.040725	104.496
195.848567	104.394
198.697250	104.284
201.587368	104.171
204.519524	104.056
207.494329	103.941
210.512403	103.828
213.574377	103.716
216.680888	103.606
219.832584	103.498
223.030122	103.396
226.274170	103.296
229.565404	103.200
232.904509	103.110
236.292183	103.023
239.729132	102.943
243.216073	102.870
246.753732	102.799
250.342848	102.731
253.984168	102.665
257.678453	102.606
261.426473	102.557
265.229008	102.513
269.086853	102.467
273.000811	102.413
276.971700	102.356
281.000346	102.302
285.087590	102.252
289.234284	102.207
293.441294	102.165
297.709496	102.128
302.039780	102.099
306.433050	102.077
310.890221	102.054
315.412224	102.043
320.000000	102.035
324.654507	102.028
329.376716	102.025
334.167610	102.025
339.028190	102.029
343.959469	102.036
348.962474	102.048
354.038251	102.063
359.187855	102.086
364.412363	102.104
369.712863	102.125
375.090460	102.153
380.546277	102.184
386.081450	102.214
391.697134	102.251
397.394500	102.288
403.174736	102.329
409.039048	102.372
414.988657	102.415
421.024807	102.458
427.148753	102.499
433.361775	102.543
439.665167	102.587
446.060244	102.631
452.548340	102.678
459.130807	102.725
465.809019	102.772
472.584367	102.822
479.458265	102.871
486.432146	102.923
493.507464	102.969
500.685695	103.020
507.968337	103.064
515.356906	103.111
522.852945	103.155
530.458016	103.193
538.173706	103.230
546.001623	103.272
553.943399	103.305
562.000691	103.336
570.175180	103.366
578.468569	103.390
586.882588	103.411
595.418991	103.427
604.079560	103.443
612.866100	103.453
621.780442	103.461
630.824447	103.462
640.000000	103.459
649.309014	103.457
658.753431	103.451
668.335221	103.438
678.056380	103.427
687.918938	103.413
697.924949	103.398
708.076501	103.381
718.375711	103.366
728.824726	103.345
739.425726	103.324
750.180921	103.301
761.092554	103.279
772.162900	103.257
783.394268	103.233
794.789000	103.209
806.349472	103.186
818.078095	103.163
829.977315	103.141
842.049613	103.120
854.297507	103.103
866.723550	103.087
879.330334	103.077
892.120489	103.072
905.096680	103.072
918.261614	103.076
931.618037	103.090
945.168733	103.115
958.916529	103.147
972.864291	103.190
987.014928	103.245
1001.371391	103.310
1015.936673	103.381
1030.713812	103.465
1045.705890	103.558
1060.916032	103.660
1076.347412	103.769
1092.003245	103.885
1107.886798	104.006
1124.001383	104.132
1140.350359	104.258
1156.937137	104.390
1173.765175	104.524
1190.837983	104.658
1208.159120	104.791
1225.732199	104.922
1243.560885	105.050
1261.648894	105.176
1280.000000	105.296
1298.618029	105.408
1317.506863	105.523
1336.670442	105.625
1356.112761	105.721
1375.837875	105.802
1395.849898	105.892
1416.153002	105.971
1436.751422	106.045
1457.649452	106.113
1478.851452	106.177
1500.361842	106.236
1522.185107	106.295
1544.325799	106.351
1566.788535	106.407
1589.577999	106.463
1612.698944	106.521
1636.156190	106.580
1659.954630	106.641
1684.099226	106.706
1708.595013	106.777
1733.447100	106.852
1758.660669	106.931
1784.240977	107.016
1810.193360	107.106
1836.523229	107.203
1863.236074	107.304
1890.337467	107.411
1917.833058	107.523
1945.728583	107.642
1974.029857	107.765
2002.742782	107.894
2031.873347	108.030
2061.427625	108.173
2091.411780	108.319
2121.832065	108.473
2152.694823	108.632
2184.006490	108.796
2215.773596	108.963
2248.002765	109.134
2280.700718	109.307
2313.874274	109.482
2347.530351	109.658
2381.675966	109.836
2416.318240	110.012
2451.464399	110.185
2487.121769	110.359
2523.297789	110.535
2560.000000	110.717
2597.236057	110.906
2635.013726	111.096
2673.340883	111.270
2712.225522	111.424
2751.675750	111.543
2791.699796	111.634
2832.306004	111.695
2873.502844	111.731
2915.298905	111.740
2957.702904	111.721
3000.723683	111.674
3044.370214	111.597
3088.651599	111.485
3133.577071	111.345
3179.155999	111.173
3225.397888	110.978
3272.312380	110.769
3319.909260	110.561
3368.198452	110.361
3417.190027	110.171
3466.894200	109.987
3517.321337	109.811
3568.481954	109.644
3620.386720	109.489
3673.046457	109.346
3726.472148	109.215
3780.674934	109.099
3835.666117	109.004
3891.457165	108.956
3948.059713	108.929
4005.485564	108.942
4063.746693	108.992
4122.855250	109.072
4182.823560	109.167
4243.664130	109.265
4305.389646	109.352
4368.012981	109.414
4431.547192	109.446
4496.005531	109.450
4561.401437	109.426
4627.748549	109.383
4695.060701	109.323
4763.351932	109.251
4832.636481	109.163
4902.928797	109.055
4974.243539	108.929
5046.595577	108.776
5120.000000	108.597
5194.472115	108.388
5270.027452	108.151
5346.681766	107.888
5424.451043	107.606
5503.351500	107.308
5583.399591	107.007
5664.612008	106.710
5747.005687	106.425
5830.597810	106.155
5915.405808	105.905
6001.447367	105.684
6088.740429	105.498
6177.303198	105.355
6267.154142	105.270
6358.311998	105.259
6450.795775	105.320
6544.624761	105.453
6639.818520	105.636
6736.396904	105.826
6834.380053	105.970
6933.788400	106.031
7034.642675	105.975
7136.963909	105.780
7240.773439	105.492
7346.092914	105.165
7452.944296	104.802
7561.349867	104.474
7671.332234	104.212
7782.914330	104.017
7896.119426	103.883
8010.971128	103.790
8127.493386	103.702
8245.710500	103.588
8365.647121	103.413
8487.328260	103.156
8610.779292	102.798
8736.025961	102.333
8863.094385	101.794
8992.011061	101.218
9122.802874	100.646
9255.497097	100.122
9390.121402	99.675
9526.703863	99.311
9665.272962	99.047
9805.857594	98.904
9948.487077	98.874
10093.191154	98.968
10240.000000	99.172
10388.944230	99.480
10540.054903	99.899
10693.363532	100.386
10848.902086	100.853
11006.703001	101.173
11166.799182	101.218
11329.224017	100.785
11494.011375	100.029
11661.195620	99.091
11830.811616	98.286
12002.894734	97.838
12177.480858	97.685
12354.606395	97.786
12534.308283	97.866
12716.623996	97.856
12901.591551	97.864
13089.249521	97.906
13279.637040	98.117
13472.793808	98.555
13668.760107	99.243
13867.576801	100.106
14069.285350	100.811
14273.927818	101.143
14481.546879	100.434
14692.185828	98.899
14905.888592	97.257
15122.699734	95.762
15342.664467	94.540
15565.828661	93.640
15792.238852	93.087
16021.942256	92.892
16254.986772	93.053
16491.420999	93.580
16731.294241	94.210
16974.656520	94.012
17221.558584	91.748
17472.051922	88.085
17726.188769	84.385
17984.022122	81.266
18245.605748	78.792
18510.994194	76.380
18780.242805	73.608
19053.407727	70.750
19330.545924	68.027
19611.715189	64.474
19896.974155	62.386
20186.382308	62.386
