20 66.18
20.299999 66.48
20.6 66.79
20.9 67.05
21.200001 67.24
21.4 67.35
21.799999 67.60
22 67.72
22.4 67.92
22.700001 68.04
23 68.15
23.299999 68.22
23.6 68.25
24 68.29
24.299999 68.34
24.700001 68.41
25 68.46
25.4 68.51
25.799999 68.58
26.200001 68.67
26.5 68.76
26.9 68.88
27.200001 68.96
27.6 69.08
28 69.22
28.5 69.42
29 69.66
29.5 69.88
30 70.08
30.4 70.22
30.700001 70.33
31.1 70.45
31.5 70.55
32 70.66
32.5 70.79
33 70.91
33.5 71.01
34 71.12
34.5 71.22
35 71.31
35.5 71.41
36 71.54
36.5 71.69
37 71.82
37.5 71.94
38.200001 72.09
38.700001 72.22
39.5 72.41
40 72.51
40.599998 72.64
41.200001 72.76
41.799999 72.86
42.5 72.98
43.099998 73.09
43.700001 73.21
44.400002 73.37
45 73.52
45.5 73.62
46.200001 73.77
46.799999 73.90
47.5 74.02
48.200001 74.13
48.700001 74.22
49.400002 74.33
50 74.41
50.799999 74.52
51.5 74.61
52.200001 74.71
53 74.85
53.799999 75.00
54.5 75.12
55.200001 75.24
56 75.38
57 75.55
58 75.70
59 75.82
60 75.94
60.799999 76.03
61.5 76.11
62.200001 76.21
63 76.33
64 76.47
65 76.61
66 76.77
67 76.92
68 77.04
69 77.16
70 77.26
71 77.35
72 77.45
73 77.55
74 77.67
75 77.82
76.199997 77.99
77.5 78.14
78.800003 78.26
80 78.34
81.199997 78.47
82.5 78.57
83.800003 78.71
85 78.87
86.199997 79.01
87.5 79.14
88.5 79.23
90 79.33
91.199997 79.43
92.5 79.52
93.800003 79.65
95 79.78
96.199997 79.91
97.5 80.05
98.800003 80.14
100 80.23
101.5 80.28
103 80.41
104.400002 80.54
106 80.68
107.5 80.82
109 80.92
110.599998 81.01
112 81.08
113.800003 81.20
115 81.29
117.199997 81.50
118 81.56
120.599998 81.74
122 81.75
124.099998 81.83
125 81.94
126.5 82.03
128 82.16
131.5 82.28
132 82.30
134 82.39
136 82.52
138 82.62
140 82.69
143 82.74
145 82.82
147.5 82.92
150 82.97
152.5 82.99
155 83.08
157.5 83.21
160 83.31
162.5 83.40
165 83.56
167.5 83.70
170 83.82
172.5 83.90
175 84.02
177.5 84.17
180 84.27
182.5 84.34
185 84.45
187.5 84.56
190 84.61
192.5 84.64
195 84.73
197.5 84.82
200 84.88
203 84.95
206 85.04
209 85.14
212 85.19
214 85.23
218 85.36
220 85.39
224 85.44
227 85.52
230 85.58
233 85.61
236 85.66
240 85.74
243 85.77
247 85.85
250 85.88
254 85.91
258 85.97
262 85.99
265 86.04
269 86.08
272 86.10
276 86.13
280 86.17
285 86.20
290 86.24
295 86.25
300 86.29
304 86.30
307 86.33
311 86.33
315 86.33
320 86.36
325 86.37
330 86.38
335 86.38
340 86.39
345 86.39
350 86.39
355 86.38
360 86.37
365 86.36
370 86.35
375 86.35
382 86.33
387 86.32
395 86.31
400 86.30
406 86.29
412 86.27
418 86.23
425 86.23
431 86.22
437 86.20
444 86.17
450 86.13
455 86.13
462 86.12
468 86.09
475 86.08
482 86.06
487 86.04
494 86.01
500 85.99
508 85.97
515 85.95
522 85.92
530 85.91
538 85.90
545 85.89
552 85.85
560 85.80
570 85.79
580 85.79
590 85.76
600 85.71
608 85.68
615 85.68
622 85.69
630 85.67
640 85.69
650 85.69
660 85.69
670 85.67
680 85.67
690 85.66
700 85.64
710 85.61
720 85.59
730 85.58
740 85.57
750 85.54
762 85.53
775 85.50
788 85.48
800 85.47
812 85.44
825 85.41
838 85.38
850 85.36
862 85.32
875 85.28
885 85.27
900 85.24
912 85.21
925 85.17
938 85.15
950 85.11
962 85.09
975 85.07
988 85.03
1000 84.99
1015 84.99
1030 84.97
1044 84.96
1060 84.94
1075 84.91
1090 84.91
1106 84.92
1120 84.92
1138 84.94
1150 84.95
1172 84.96
1180 84.98
1206 84.96
1220 84.94
1241 84.86
1250 84.82
1265 84.77
1280 84.77
1315 85.10
1320 85.18
1340 85.50
1360 85.78
1380 85.98
1400 86.11
1430 86.23
1450 86.29
1475 86.36
1500 86.45
1525 86.52
1550 86.60
1575 86.68
1600 86.76
1625 86.84
1650 86.92
1675 86.98
1700 87.04
1725 87.10
1750 87.16
1775 87.20
1800 87.22
1825 87.25
1850 87.29
1875 87.29
1900 87.28
1925 87.29
1950 87.26
1975 87.24
2000 87.23
2030 87.14
2060 87.09
2090 87.00
2120 86.92
2140 86.86
2180 86.75
2200 86.67
2240 86.54
2270 86.45
2300 86.36
2330 86.27
2360 86.17
2400 86.08
2430 86.00
2470 85.90
2500 85.87
2540 85.81
2580 85.76
2620 85.77
2650 85.75
2690 85.74
2720 85.76
2760 85.83
2800 85.91
2850 86.03
2900 86.19
2950 86.38
3000 86.56
3040 86.74
3070 86.87
3110 87.08
3150 87.27
3200 87.53
3250 87.79
3300 88.03
3350 88.24
3400 88.45
3450 88.61
3500 88.78
3550 88.89
3600 88.96
3650 89.01
3700 89.06
3750 89.19
3820 89.36
3870 89.49
3950 89.64
4000 89.67
4060 89.76
4120 89.80
4180 89.82
4250 89.84
4310 89.87
4370 89.91
4440 90.03
4500 90.16
4550 90.30
4620 90.49
4680 90.66
4750 90.85
4820 91.03
4870 91.14
4940 91.27
5000 91.33
5080 91.26
5150 91.13
5220 90.88
5300 90.46
5380 89.90
5450 89.33
5520 88.69
5600 87.93
5700 86.94
5800 85.94
5900 84.95
6000 84.05
6080 83.32
6150 82.77
6220 82.21
6300 81.64
6400 80.93
6500 80.24
6600 79.59
6700 79.00
6800 78.48
6900 77.93
7000 77.41
7100 76.91
7200 76.53
7300 76.19
7400 75.88
7500 75.71
7620 75.68
7750 75.84
7880 76.25
8000 76.96
8120 78.09
8250 79.24
8380 80.22
8500 80.82
8620 81.28
8750 81.58
8850 81.81
9000 82.22
9120 82.63
9250 83.22
9380 84.01
9500 84.84
9620 85.88
9750 87.23
9880 88.73
10000 90.19
10150 91.56
10300 91.40
10440 89.95
10600 87.86
10750 86.04
10900 84.47
11060 83.12
11200 82.15
11380 81.11
11500 80.57
11720 79.81
11800 79.58
12060 79.21
12200 79.10
12410 78.97
12500 78.92
12650 78.92
12800 79.12
13150 80.06
13200 80.23
13400 81.20
13600 82.41
13800 83.90
14000 85.63
14300 88.35
14500 88.91
14750 86.83
15000 83.87
15250 81.40
15500 79.58
15750 78.12
16000 77.19
16250 76.61
16500 76.34
16750 76.34
17000 76.77
17250 77.47
17500 78.56
17750 79.75
18000 81.00
18250 81.73
18500 81.21
18750 79.39
19000 77.12
19250 75.10
19500 73.33
19750 71.33
