1 91.95
1.015 92.24
1.03 92.53
1.044 92.80
1.06 93.09
1.075 93.37
1.09 93.64
1.106 93.93
1.12 94.18
1.138 94.51
1.15 94.72
1.172 95.12
1.18 95.27
1.206 95.74
1.22 95.99
1.241 96.36
1.25 96.52
1.265 96.78
1.28 97.03
1.315 97.61
1.32 97.69
1.34 98.00
1.36 98.30
1.38 98.59
1.4 98.86
1.43 99.24
1.45 99.46
1.475 99.72
1.5 99.94
1.525 100.13
1.55 100.29
1.575 100.42
1.6 100.54
1.625 100.63
1.65 100.71
1.675 100.79
1.7 100.85
1.725 100.92
1.75 100.98
1.775 101.05
1.8 101.13
1.825 101.22
1.85 101.32
1.875 101.43
1.9 101.53
1.925 101.63
1.95 101.73
1.975 101.83
2 101.92
2.03 102.04
2.06 102.16
2.09 102.27
2.12 102.38
2.14 102.45
2.18 102.59
2.2 102.66
2.24 102.80
2.27 102.90
2.3 103.00
2.33 103.10
2.36 103.20
2.4 103.32
2.43 103.42
2.47 103.54
2.5 103.63
2.54 103.74
2.58 103.85
2.62 103.96
2.65 104.05
2.69 104.15
2.72 104.23
2.76 104.33
2.8 104.43
2.85 104.54
2.9 104.66
2.95 104.77
3 104.87
3.04 104.95
3.07 105.01
3.11 105.09
3.15 105.16
3.2 105.25
3.25 105.34
3.3 105.42
3.35 105.50
3.4 105.57
3.45 105.65
3.5 105.72
3.55 105.78
3.6 105.85
3.65 105.91
3.7 105.97
3.75 106.03
3.82 106.10
3.87 106.15
3.95 106.23
4 106.27
4.06 106.33
4.12 106.38
4.18 106.43
4.25 106.48
4.31 106.53
4.37 106.57
4.44 106.62
4.5 106.66
4.55 106.69
4.62 106.74
4.68 106.77
4.75 106.81
4.82 106.85
4.87 106.88
4.94 106.92
5 106.95
5.08 106.99
5.15 107.02
5.22 107.06
5.3 107.09
5.38 107.13
5.45 107.15
5.52 107.18
5.6 107.21
5.7 107.25
5.8 107.28
5.9 107.31
6 107.33
6.08 107.35
6.15 107.37
6.22 107.38
6.3 107.40
6.4 107.41
6.5 107.43
6.6 107.44
6.7 107.45
6.8 107.45
6.9 107.46
7 107.46
7.1 107.47
7.2 107.47
7.3 107.48
7.4 107.48
7.5 107.49
7.62 107.49
7.75 107.49
7.88 107.50
8 107.50
8.12 107.51
8.25 107.51
8.38 107.51
8.5 107.51
8.62 107.51
8.75 107.51
8.85 107.50
9 107.49
9.12 107.48
9.25 107.47
9.38 107.45
9.5 107.44
9.62 107.42
9.75 107.41
9.88 107.39
10 107.36
10.15 107.32
10.3 107.27
10.44 107.23
10.6 107.18
10.75 107.14
10.9 107.10
11.06 107.07
11.2 107.04
11.38 107.00
11.5 106.97
11.72 106.92
11.8 106.90
12.06 106.83
12.2 106.80
12.41 106.75
12.5 106.72
12.65 106.69
12.8 106.65
13.15 106.56
13.2 106.55
13.4 106.51
13.6 106.48
13.8 106.44
14 106.41
14.3 106.35
14.5 106.31
14.75 106.26
15 106.22
15.25 106.18
15.5 106.14
15.75 106.12
16 106.09
16.25 106.06
16.5 106.04
16.75 106.01
17 105.98
17.25 105.94
17.5 105.91
17.75 105.88
18 105.86
18.25 105.84
18.5 105.82
18.75 105.80
19 105.78
19.25 105.76
19.5 105.73
19.75 105.70
20 105.67
20.299999 105.64
20.6 105.61
20.9 105.58
21.200001 105.55
21.4 105.53
21.799999 105.49
22 105.46
22.4 105.40
22.700001 105.36
23 105.32
23.299999 105.29
23.6 105.27
24 105.23
24.299999 105.20
24.700001 105.15
25 105.11
25.4 105.06
25.799999 105.02
26.200001 104.99
26.5 104.97
26.9 104.93
27.200001 104.90
27.6 104.85
28 104.80
28.5 104.75
29 104.71
29.5 104.67
30 104.62
30.4 104.57
30.700001 104.54
31.1 104.49
31.5 104.44
32 104.38
32.5 104.32
33 104.28
33.5 104.23
34 104.17
34.5 104.12
35 104.06
35.5 104.01
36 103.96
36.5 103.91
37 103.85
37.5 103.81
38.200001 103.75
38.700001 103.70
39.5 103.61
40 103.57
40.599998 103.51
41.200001 103.44
41.799999 103.38
42.5 103.33
43.099998 103.26
43.700001 103.19
44.400002 103.13
45 103.10
45.5 103.06
46.200001 102.99
46.799999 102.95
47.5 102.92
48.200001 102.85
48.700001 102.76
49.400002 102.68
50 102.65
50.799999 102.61
51.5 102.56
52.200001 102.51
53 102.44
53.799999 102.34
54.5 102.26
55.200001 102.20
56 102.13
57 102.04
58 101.95
59 101.85
60 101.76
60.799999 101.71
61.5 101.66
62.200001 101.61
63 101.56
64 101.48
65 101.39
66 101.31
67 101.23
68 101.15
69 101.07
70 100.99
71 100.92
72 100.84
73 100.78
74 100.72
75 100.64
76.199997 100.56
77.5 100.48
78.800003 100.38
80 100.29
81.199997 100.20
82.5 100.12
83.800003 100.09
85 100.06
86.199997 99.98
87.5 99.86
88.5 99.78
90 99.69
91.199997 99.61
92.5 99.53
93.800003 99.41
95 99.31
96.199997 99.27
97.5 99.20
98.800003 99.12
100 99.02
101.5 98.92
103 98.88
104.400002 98.83
106 98.74
107.5 98.66
109 98.59
110.599998 98.53
112 98.51
113.800003 98.46
115 98.39
117.199997 98.27
118 98.25
120.599998 98.14
122 98.08
124.099998 98.00
125 97.97
126.5 97.90
128 97.83
131.5 97.68
132 97.66
134 97.59
136 97.52
138 97.46
140 97.40
143 97.29
145 97.21
147.5 97.14
150 97.08
152.5 97.01
155 96.93
157.5 96.85
160 96.78
162.5 96.71
165 96.63
167.5 96.57
170 96.52
172.5 96.46
175 96.39
177.5 96.33
180 96.25
182.5 96.18
185 96.11
187.5 96.05
190 96.01
192.5 95.98
195 95.93
197.5 95.86
200 95.80
203 95.73
206 95.66
209 95.59
212 95.53
214 95.49
218 95.40
220 95.38
224 95.30
227 95.24
230 95.19
233 95.12
236 95.08
240 95.04
243 95.02
247 95.00
250 95.01
254 94.99
258 94.94
262 94.87
265 94.83
269 94.78
272 94.75
276 94.70
280 94.66
285 94.61
290 94.56
295 94.52
300 94.48
304 94.44
307 94.42
311 94.40
315 94.37
320 94.33
325 94.29
330 94.26
335 94.22
340 94.19
345 94.16
350 94.11
355 94.07
360 94.04
365 94.02
370 94.00
375 93.99
382 93.92
387 93.88
395 93.87
400 93.84
406 93.80
412 93.77
418 93.75
425 93.71
431 93.68
437 93.66
444 93.64
450 93.62
455 93.61
462 93.58
468 93.55
475 93.53
482 93.52
487 93.51
494 93.49
500 93.47
508 93.46
515 93.44
522 93.43
530 93.41
538 93.40
545 93.39
552 93.39
560 93.38
570 93.38
580 93.36
590 93.35
600 93.35
608 93.34
615 93.34
622 93.34
630 93.33
640 93.33
650 93.32
660 93.32
670 93.32
680 93.32
690 93.33
700 93.33
710 93.34
720 93.35
730 93.36
740 93.37
750 93.39
762 93.41
775 93.43
788 93.46
800 93.49
812 93.52
825 93.55
838 93.59
850 93.62
862 93.66
875 93.71
885 93.75
900 93.81
912 93.86
925 93.92
938 93.98
950 94.03
962 94.09
975 94.15
988 94.21
1000 94.27
1015 94.33
1030 94.40
1044 94.47
1060 94.55
1075 94.62
1090 94.69
1106 94.78
1120 94.86
1138 94.95
1150 95.02
1172 95.13
1180 95.16
1206 95.27
1220 95.32
1241 95.39
1250 95.42
1265 95.49
1280 95.58
1315 95.78
1320 95.81
1340 95.92
1360 96.00
1380 96.08
1400 96.18
1430 96.32
1450 96.42
1475 96.54
1500 96.65
1525 96.76
1550 96.86
1575 96.95
1600 97.05
1625 97.14
1650 97.24
1675 97.34
1700 97.43
1725 97.52
1750 97.61
1775 97.69
1800 97.78
1825 97.86
1850 97.94
1875 98.03
1900 98.12
1925 98.21
1950 98.29
1975 98.38
2000 98.47
2030 98.58
2060 98.70
2090 98.81
2120 98.93
2140 99.02
2180 99.18
2200 99.26
2240 99.42
2270 99.54
2300 99.67
2330 99.80
2360 99.92
2400 100.10
2430 100.23
2470 100.41
2500 100.55
2540 100.74
2580 100.95
2620 101.17
2650 101.33
2690 101.56
2720 101.72
2760 101.93
2800 102.13
2850 102.37
2900 102.60
2950 102.82
3000 103.04
3040 103.21
3070 103.34
3110 103.49
3150 103.64
3200 103.79
3250 103.91
3300 103.98
3350 104.02
3400 104.01
3450 103.97
3500 103.88
3550 103.76
3600 103.60
3650 103.41
3700 103.18
3750 102.93
3820 102.56
3870 102.27
3950 101.78
4000 101.46
4060 101.07
4120 100.68
4180 100.28
4250 99.82
4310 99.43
4370 99.04
4440 98.59
4500 98.22
4550 97.92
4620 97.52
4680 97.18
4750 96.81
4820 96.45
4870 96.21
4940 95.88
5000 95.61
5080 95.27
5150 94.99
5220 94.73
5300 94.45
5380 94.19
5450 93.99
5520 93.80
5600 93.61
5700 93.41
5800 93.24
5900 93.11
6000 93.02
6080 92.99
6150 92.97
6220 92.98
6300 93.02
6400 93.11
6500 93.25
6600 93.44
6700 93.69
6800 94.01
6900 94.41
7000 94.91
7100 95.49
7200 96.16
7300 96.92
7400 97.80
7500 98.78
7620 100.10
7750 101.57
7880 102.71
8000 103.16
8120 102.84
8250 101.71
8380 100.10
8500 98.49
8620 96.94
8750 95.40
8850 94.31
9000 92.85
9120 91.80
9250 90.79
9380 89.91
9500 89.24
9620 88.76
9750 88.53
9880 88.60
10000 88.83
10150 89.14
10300 89.31
10440 89.32
10600 89.18
10750 88.96
10900 88.67
11060 88.27
11200 87.84
11380 87.25
11500 86.86
11720 86.22
11800 85.99
12060 85.20
12200 84.72
12410 83.97
12500 83.65
12650 83.15
12800 82.71
13150 81.99
13200 81.92
13400 81.75
13600 81.70
13800 81.78
14000 81.96
14300 82.40
14500 82.85
14750 83.64
15000 84.73
15250 86.11
15500 87.61
15750 88.83
16000 89.17
16250 88.45
16500 86.96
16750 85.22
17000 83.61
17250 82.27
17500 81.25
17750 80.49
18000 79.98
18250 79.70
18500 79.73
18750 80.21
19000 81.12
19250 82.22
19500 83.28
19750 84.19
20000 84.74
20300 84.59
20600 83.37
20900 81.29
21200 78.84
21400 77.20
21800 73.71
22000 71.36
22400 64.27
22700 57.06
23000 48.81
23300 40.68
23600 35.80
24000 34.32
