19.500000	76.000
19.800000	76.000
20.100000	76.150
20.300000	76.200
20.600000	76.000
20.900000	76.050
21.200000	76.100
21.600000	76.200
21.900000	76.100
22.200000	76.200
22.500000	76.300
22.800000	76.300
23.200000	76.100
23.500000	76.100
23.800000	76.250
24.200000	76.350
24.500000	76.100
24.900000	76.100
25.300000	76.200
25.600000	76.250
26.000000	76.150
26.400000	76.150
26.800000	76.200
27.200000	76.200
27.500000	76.100
28.000000	76.100
28.400000	76.100
28.800000	76.050
29.200000	75.900
29.600000	75.900
30.000000	76.000
30.500000	76.100
30.900000	76.000
31.400000	76.000
31.800000	76.000
32.300000	76.050
32.800000	75.900
33.200000	75.950
33.700000	75.950
34.200000	75.950
34.700000	75.800
35.200000	75.850
35.700000	75.900
36.200000	75.900
36.800000	75.800
37.300000	75.800
37.900000	75.950
38.400000	75.950
39.000000	75.950
39.500000	76.000
40.100000	75.950
40.700000	75.900
41.300000	75.600
41.900000	75.500
42.500000	75.550
43.100000	75.650
43.700000	75.650
44.400000	75.600
45.000000	75.550
45.700000	75.350
46.300000	75.250
47.000000	75.250
47.700000	75.350
48.400000	75.450
49.100000	75.250
49.800000	75.150
50.500000	75.200
51.300000	75.200
52.000000	75.150
52.800000	75.100
53.500000	75.050
54.300000	74.850
55.100000	74.700
55.900000	74.700
56.700000	74.750
57.500000	74.850
58.400000	74.800
59.200000	74.700
60.100000	74.650
61.000000	74.600
61.800000	74.300
62.700000	74.200
63.700000	74.200
64.600000	74.200
65.500000	74.050
66.500000	74.000
67.400000	74.000
68.400000	74.150
69.400000	74.100
70.400000	73.950
71.500000	73.900
72.500000	73.800
73.500000	73.700
74.600000	73.550
75.700000	73.550
76.800000	73.600
77.900000	73.550
79.100000	73.500
80.200000	73.350
81.400000	73.150
82.600000	72.900
83.800000	72.800
85.000000	72.850
86.200000	72.900
87.500000	72.800
88.700000	72.750
90.000000	72.700
91.300000	72.550
92.700000	72.500
94.000000	72.550
95.400000	72.500
96.800000	72.400
98.200000	72.250
99.600000	72.200
101.000000	72.050
103.000000	72.000
104.000000	71.850
106.000000	71.800
107.000000	71.800
109.000000	71.650
110.000000	71.550
112.000000	71.400
113.000000	71.300
115.000000	71.250
117.000000	71.150
118.000000	71.100
120.000000	71.050
122.000000	71.050
124.000000	70.800
125.000000	70.650
127.000000	70.500
129.000000	70.500
131.000000	70.500
133.000000	70.400
135.000000	70.200
137.000000	70.050
139.000000	70.050
141.000000	70.050
143.000000	70.000
145.000000	69.900
147.000000	69.800
149.000000	69.700
151.000000	69.550
154.000000	69.400
156.000000	69.350
158.000000	69.350
160.000000	69.200
163.000000	69.150
165.000000	69.100
168.000000	68.900
170.000000	68.850
172.000000	68.900
175.000000	68.800
177.000000	68.650
180.000000	68.550
183.000000	68.450
185.000000	68.400
188.000000	68.150
191.000000	68.100
194.000000	68.000
196.000000	67.800
199.000000	67.750
202.000000	67.700
205.000000	67.700
208.000000	67.500
211.000000	67.450
214.000000	67.350
217.000000	67.250
220.000000	67.200
224.000000	67.100
227.000000	67.100
230.000000	67.050
234.000000	66.950
237.000000	66.800
240.000000	66.700
244.000000	66.650
247.000000	66.500
251.000000	66.400
255.000000	66.250
258.000000	66.100
262.000000	66.100
266.000000	66.100
270.000000	66.000
274.000000	66.050
278.000000	65.950
282.000000	65.800
286.000000	65.650
290.000000	65.650
294.000000	65.650
298.000000	65.550
303.000000	65.550
307.000000	65.450
312.000000	65.350
316.000000	65.450
321.000000	65.350
325.000000	65.250
330.000000	65.300
335.000000	65.150
340.000000	64.800
345.000000	64.750
350.000000	64.750
355.000000	64.700
360.000000	64.700
365.000000	64.550
371.000000	64.600
376.000000	64.600
382.000000	64.550
387.000000	64.500
393.000000	64.400
398.000000	64.300
404.000000	64.300
410.000000	64.350
416.000000	64.400
422.000000	64.350
428.000000	64.250
434.000000	64.200
441.000000	64.050
447.000000	64.050
454.000000	64.100
460.000000	64.150
467.000000	64.150
474.000000	64.050
481.000000	64.000
488.000000	64.050
495.000000	63.950
502.000000	64.000
509.000000	64.050
517.000000	64.050
524.000000	64.100
532.000000	64.100
540.000000	64.050
547.000000	64.050
555.000000	64.100
563.000000	64.150
572.000000	64.100
580.000000	64.150
588.000000	64.200
597.000000	64.150
606.000000	64.200
614.000000	64.250
623.000000	64.300
632.000000	64.300
642.000000	64.400
651.000000	64.400
660.000000	64.500
670.000000	64.550
680.000000	64.550
690.000000	64.600
700.000000	64.850
710.000000	64.900
720.000000	64.900
731.000000	64.950
741.000000	65.000
752.000000	65.100
763.000000	65.150
774.000000	65.250
785.000000	65.350
797.000000	65.550
808.000000	65.750
820.000000	65.800
832.000000	65.950
844.000000	66.050
856.000000	66.250
869.000000	66.250
882.000000	66.550
894.000000	66.650
907.000000	66.750
921.000000	66.900
934.000000	67.000
948.000000	67.300
961.000000	67.400
975.000000	67.650
990.000000	67.850
1004.000000	67.950
1019.000000	68.050
1033.000000	68.250
1048.000000	68.450
1064.000000	68.600
1079.000000	69.000
1095.000000	69.050
1111.000000	69.300
1127.000000	69.450
1143.000000	69.600
1160.000000	69.800
1177.000000	69.900
1194.000000	70.200
1211.000000	70.200
1229.000000	70.500
1247.000000	70.600
1265.000000	70.750
1283.000000	71.000
1302.000000	71.000
1321.000000	71.150
1340.000000	71.200
1360.000000	71.500
1379.000000	71.500
1399.000000	71.700
1420.000000	71.700
1440.000000	71.800
1461.000000	71.900
1483.000000	71.950
1504.000000	72.050
1526.000000	72.100
1548.000000	72.200
1571.000000	72.300
1594.000000	72.300
1617.000000	72.350
1640.000000	72.400
1664.000000	72.550
1688.000000	72.550
1713.000000	72.650
1738.000000	72.650
1763.000000	72.800
1789.000000	72.800
1815.000000	72.900
1841.000000	73.000
1868.000000	73.000
1895.000000	73.050
1923.000000	73.050
1951.000000	73.200
1979.000000	73.200
2008.000000	73.350
2037.000000	73.350
2067.000000	73.350
2097.000000	73.400
2127.000000	73.400
2158.000000	73.500
2190.000000	73.500
2221.000000	73.500
2254.000000	73.450
2287.000000	73.450
2320.000000	73.450
2354.000000	73.450
2388.000000	73.350
2423.000000	73.250
2458.000000	73.150
2494.000000	73.150
2530.000000	72.950
2567.000000	72.850
2604.000000	72.750
2642.000000	72.600
2680.000000	72.600
2719.000000	72.300
2759.000000	72.150
2799.000000	71.950
2840.000000	71.850
2881.000000	71.750
2923.000000	71.550
2965.000000	71.450
3008.000000	71.150
3052.000000	71.050
3097.000000	70.800
3142.000000	70.700
3187.000000	70.400
3234.000000	70.300
3281.000000	70.200
3328.000000	69.900
3377.000000	69.750
3426.000000	69.500
3476.000000	69.400
3526.000000	69.150
3578.000000	69.000
3630.000000	68.900
3682.000000	68.750
3736.000000	68.750
3790.000000	68.600
3846.000000	68.600
3901.000000	68.650
3958.000000	68.650
4016.000000	68.700
4074.000000	68.800
4133.000000	68.900
4194.000000	69.200
4255.000000	69.300
4316.000000	69.650
4379.000000	69.800
4443.000000	69.900
4508.000000	69.950
4573.000000	69.750
4640.000000	69.600
4707.000000	69.350
4776.000000	68.450
4845.000000	67.950
4916.000000	67.000
4987.000000	66.400
5060.000000	65.600
5133.000000	65.100
5208.000000	64.800
5284.000000	63.900
5360.000000	63.600
5438.000000	63.000
5518.000000	62.750
5598.000000	62.450
5679.000000	62.450
5762.000000	62.650
5846.000000	62.850
5931.000000	62.950
6017.000000	63.300
6104.000000	63.500
6193.000000	63.800
6283.000000	64.000
6375.000000	64.450
6467.000000	64.750
6561.000000	64.950
6657.000000	65.600
6754.000000	66.000
6852.000000	66.450
6952.000000	66.750
7053.000000	67.350
7155.000000	67.550
7259.000000	67.750
7365.000000	68.000
7472.000000	68.300
7581.000000	68.350
7691.000000	68.350
7803.000000	68.550
7916.000000	68.700
8032.000000	68.950
8148.000000	69.100
8267.000000	69.150
8387.000000	69.500
8509.000000	69.550
8633.000000	69.500
8758.000000	69.400
8886.000000	69.200
9015.000000	69.050
9146.000000	68.900
9279.000000	68.850
9414.000000	68.750
9551.000000	68.550
9690.000000	68.450
9831.000000	67.950
9974.000000	67.400
10119.000000	65.950
10266.000000	64.450
10416.000000	61.750
10567.000000	60.700
10721.000000	59.750
10877.000000	58.750
11035.000000	58.200
11196.000000	57.050
11358.000000	56.450
11524.000000	55.450
11691.000000	54.800
11861.000000	54.250
12034.000000	53.550
12209.000000	53.200
12386.000000	52.600
12567.000000	52.200
12749.000000	51.950
12935.000000	51.850
13123.000000	52.000
13314.000000	52.300
13507.000000	52.550
13704.000000	53.350
13903.000000	53.950
14105.000000	55.650
14311.000000	57.100
14519.000000	59.950
14730.000000	61.600
14944.000000	63.400
15162.000000	63.800
15382.000000	62.900
15606.000000	61.850
15833.000000	62.000
16063.000000	62.100
16297.000000	61.700
16534.000000	60.600
16774.000000	60.050
17018.000000	60.000
17266.000000	60.800
17517.000000	61.700
17772.000000	61.850
18030.000000	61.100
18293.000000	58.350
18559.000000	56.750
18829.000000	55.000
19102.000000	52.750
19380.000000	51.750
20000.000000	51.250
