20 86.92
20.36 87.00
20.73 87.08
21.11 87.16
21.5 87.24
21.89 87.31
22.29 87.39
22.69 87.46
23.1 87.53
23.52 87.59
23.95 87.66
24.39 87.73
24.83 87.79
25.28 87.86
25.74 87.92
26.21 87.98
26.69 88.04
27.18 88.09
27.67 88.15
28.17 88.21
28.69 88.26
29.21 88.31
29.74 88.37
30.28 88.42
30.83 88.47
31.39 88.52
31.97 88.56
32.55 88.61
33.14 88.66
33.74 88.70
34.36 88.75
34.98 88.79
35.62 88.84
36.27 88.88
36.93 88.92
37.6 88.96
38.28 89.00
38.98 89.04
39.69 89.07
40.41 89.11
41.15 89.14
41.9 89.18
42.66 89.21
43.44 89.24
44.23 89.27
45.03 89.30
45.85 89.32
46.68 89.35
47.53 89.37
48.4 89.40
49.28 89.42
50.18 89.44
51.09 89.46
52.02 89.47
52.97 89.49
53.93 89.51
54.91 89.52
55.91 89.53
56.93 89.54
57.97 89.55
59.02 89.56
60.09 89.57
61.19 89.58
62.3 89.58
63.44 89.59
64.59 89.59
65.77 89.60
66.96 89.60
68.18 89.60
69.42 89.60
70.69 89.60
71.97 89.60
73.28 89.59
74.62 89.59
75.97 89.58
77.36 89.58
78.76 89.57
80.2 89.56
81.66 89.55
83.14 89.54
84.66 89.53
86.2 89.52
87.77 89.50
89.36 89.49
90.99 89.47
92.65 89.45
94.33 89.43
96.05 89.41
97.8 89.39
99.58 89.36
101.39 89.34
103.23 89.31
105.11 89.28
107.03 89.25
108.97 89.22
110.96 89.19
112.98 89.17
115.03 89.14
117.13 89.10
119.26 89.07
121.43 89.03
123.64 89.00
125.89 88.96
128.18 88.91
130.51 88.87
132.89 88.82
135.31 88.77
137.77 88.72
140.28 88.66
142.83 88.60
145.43 88.55
148.07 88.49
150.77 88.43
153.51 88.37
156.31 88.31
159.15 88.24
162.05 88.18
165 88.11
168 88.04
171.06 87.97
174.17 87.89
177.34 87.81
180.57 87.73
183.86 87.64
187.2 87.56
190.61 87.47
194.08 87.39
197.61 87.32
201.21 87.25
204.87 87.18
208.6 87.12
212.39 87.06
216.26 87.00
220.19 86.93
224.2 86.86
228.28 86.78
232.44 86.70
236.67 86.60
240.97 86.51
245.36 86.40
249.82 86.29
254.37 86.17
259 86.05
263.71 85.93
268.51 85.80
273.4 85.67
278.38 85.55
283.44 85.42
288.6 85.30
293.85 85.17
299.2 85.05
304.65 84.91
310.19 84.78
315.84 84.65
321.59 84.52
327.44 84.39
333.4 84.26
339.47 84.13
345.64 83.99
351.93 83.86
358.34 83.72
364.86 83.58
371.5 83.44
378.26 83.29
385.15 83.13
392.16 82.98
399.29 82.82
406.56 82.67
413.96 82.51
421.49 82.36
429.16 82.20
436.97 82.05
444.93 81.90
453.02 81.75
461.27 81.60
469.66 81.46
478.21 81.32
486.91 81.17
495.78 81.00
504.8 80.82
513.99 80.63
523.34 80.42
532.87 80.20
542.56 79.98
552.44 79.76
562.49 79.54
572.73 79.32
583.15 79.12
593.77 78.92
604.57 78.73
615.57 78.54
626.78 78.36
638.18 78.17
649.8 77.99
661.63 77.80
673.67 77.62
685.93 77.44
698.41 77.27
711.12 77.10
724.06 76.92
737.24 76.74
750.66 76.55
764.32 76.36
778.23 76.16
792.39 75.98
806.82 75.80
821.5 75.64
836.45 75.49
851.67 75.36
867.17 75.25
882.96 75.16
899.02 75.09
915.39 75.04
932.05 75.01
949.01 74.99
966.28 74.98
983.87 74.99
1001.77 75.00
1020 75.02
1038.57 75.06
1057.47 75.10
1076.71 75.15
1096.31 75.21
1116.26 75.28
1136.58 75.36
1157.26 75.45
1178.32 75.56
1199.77 75.67
1221.6 75.80
1243.84 75.94
1266.47 76.09
1289.52 76.24
1312.99 76.39
1336.89 76.55
1361.22 76.70
1385.99 76.87
1411.22 77.04
1436.9 77.22
1463.05 77.42
1489.68 77.62
1516.79 77.84
1544.4 78.05
1572.5 78.27
1601.12 78.49
1630.26 78.70
1659.93 78.93
1690.14 79.15
1720.9 79.39
1752.22 79.63
1784.11 79.88
1816.58 80.15
1849.64 80.43
1883.3 80.72
1917.58 81.03
1952.48 81.34
1988.01 81.67
2024.19 82.00
2061.03 82.35
2098.54 82.70
2136.73 83.07
2175.62 83.45
2215.22 83.84
2255.53 84.25
2296.58 84.67
2338.38 85.10
2380.94 85.54
2424.27 85.99
2468.39 86.45
2513.31 86.92
2559.05 87.39
2605.63 87.86
2653.05 88.33
2701.33 88.79
2750.5 89.23
2800.55 89.64
2851.52 90.02
2903.42 90.35
2956.26 90.64
3010.06 90.88
3064.85 91.06
3120.62 91.19
3177.42 91.26
3235.25 91.28
3294.13 91.26
3354.08 91.20
3415.12 91.11
3477.27 90.99
3540.56 90.84
3605 90.67
3670.6 90.49
3737.41 90.29
3805.43 90.09
3874.68 89.89
3945.2 89.71
4017 89.54
4090.11 89.39
4164.55 89.27
4240.34 89.18
4317.51 89.12
4396.09 89.08
4476.1 89.07
4557.56 89.09
4640.5 89.14
4724.96 89.22
4810.95 89.31
4898.51 89.43
4987.66 89.55
5078.43 89.68
5170.86 89.80
5264.97 89.89
5360.79 89.95
5458.35 89.97
5557.69 89.93
5658.84 89.83
5761.82 89.67
5866.69 89.44
5973.46 89.16
6082.17 88.84
6192.87 88.48
6305.57 88.13
6420.33 87.79
6537.18 87.50
6656.15 87.27
6777.29 87.14
6900.63 87.13
7026.22 87.25
7154.1 87.50
7284.3 87.86
7416.87 88.32
7551.85 88.81
7689.29 89.25
7829.23 89.55
7971.72 89.62
8116.8 89.38
8264.53 88.78
8414.94 87.82
8568.09 86.56
8724.02 85.08
8882.79 83.48
9044.46 81.84
9209.06 80.24
9376.66 78.72
9547.31 77.33
9721.07 76.08
9897.99 74.97
10078.13 73.99
10261.55 73.15
10448.3 72.43
10638.45 71.82
10832.07 71.33
11029.21 70.95
11229.94 70.70
11434.32 70.58
11642.41 70.62
11854.3 70.82
12070.04 71.21
12289.71 71.80
12513.38 72.58
12741.12 73.53
12973 74.58
13209.1 75.64
13449.5 76.59
13694.28 77.28
13943.51 77.61
14197.27 77.52
14455.66 77.07
14718.74 76.38
14986.62 75.63
15259.37 74.99
15537.08 74.57
15819.85 74.40
16107.76 74.44
16400.92 74.53
16699.41 74.50
17003.33 74.16
17312.78 73.37
17627.86 72.12
17948.68 70.50
18275.34 68.68
18607.94 66.81
18946.6 65.03
19291.42 63.36
19642.52 61.78
20000 60.20
