1.000000	57.138
1.015000	57.158
1.030000	57.173
1.044000	57.184
1.060000	57.191
1.075000	57.193
1.090000	57.189
1.106000	57.179
1.120000	57.159
1.138000	57.118
1.150000	57.084
1.172000	57.005
1.180000	56.972
1.206000	56.853
1.220000	56.784
1.241000	56.672
1.250000	56.623
1.265000	56.541
1.280000	56.459
1.315000	56.273
1.320000	56.248
1.340000	56.153
1.360000	56.068
1.380000	55.997
1.400000	55.941
1.430000	55.894
1.450000	55.890
1.475000	55.921
1.500000	55.974
1.525000	56.044
1.550000	56.133
1.575000	56.239
1.600000	56.362
1.625000	56.502
1.650000	56.658
1.675000	56.831
1.700000	57.019
1.725000	57.221
1.750000	57.439
1.775000	57.671
1.800000	57.916
1.825000	58.175
1.850000	58.454
1.875000	58.764
1.900000	59.102
1.925000	59.463
1.950000	59.844
1.975000	60.241
2.000000	60.649
2.030000	61.148
2.060000	61.650
2.090000	62.149
2.120000	62.638
2.140000	62.953
2.180000	63.553
2.200000	63.834
2.240000	64.373
2.270000	64.769
2.300000	65.156
2.330000	65.535
2.360000	65.909
2.400000	66.395
2.430000	66.754
2.470000	67.223
2.500000	67.569
2.540000	68.022
2.580000	68.468
2.620000	68.904
2.650000	69.224
2.690000	69.641
2.720000	69.948
2.760000	70.349
2.800000	70.741
2.850000	71.220
2.900000	71.686
2.950000	72.141
3.000000	72.582
3.040000	72.925
3.070000	73.177
3.110000	73.505
3.150000	73.826
3.200000	74.217
3.250000	74.596
3.300000	74.966
3.350000	75.324
3.400000	75.670
3.450000	76.004
3.500000	76.327
3.550000	76.639
3.600000	76.942
3.650000	77.237
3.700000	77.523
3.750000	77.796
3.820000	78.163
3.870000	78.414
3.950000	78.799
4.000000	79.029
4.060000	79.297
4.120000	79.552
4.180000	79.795
4.250000	80.065
4.310000	80.287
4.370000	80.501
4.440000	80.743
4.500000	80.938
4.550000	81.094
4.620000	81.305
4.680000	81.478
4.750000	81.676
4.820000	81.867
4.870000	81.998
4.940000	82.174
5.000000	82.322
5.080000	82.513
5.150000	82.680
5.220000	82.843
5.300000	83.023
5.380000	83.201
5.450000	83.355
5.520000	83.511
5.600000	83.686
5.700000	83.905
5.800000	84.124
5.900000	84.344
6.000000	84.564
6.080000	84.740
6.150000	84.893
6.220000	85.044
6.300000	85.216
6.400000	85.430
6.500000	85.640
6.600000	85.843
6.700000	86.041
6.800000	86.232
6.900000	86.417
7.000000	86.595
7.100000	86.764
7.200000	86.928
7.300000	87.085
7.400000	87.236
7.500000	87.381
7.620000	87.549
7.750000	87.727
7.880000	87.897
8.000000	88.052
8.120000	88.204
8.250000	88.369
8.380000	88.531
8.500000	88.680
8.620000	88.829
8.750000	88.988
8.850000	89.109
9.000000	89.288
9.120000	89.429
9.250000	89.580
9.380000	89.728
9.500000	89.859
9.620000	89.986
9.750000	90.115
9.880000	90.237
10.000000	90.338
10.150000	90.451
10.300000	90.556
10.440000	90.645
10.600000	90.742
10.750000	90.831
10.900000	90.917
11.060000	91.007
11.200000	91.084
11.380000	91.180
11.500000	91.241
11.720000	91.351
11.800000	91.391
12.060000	91.519
12.200000	91.589
12.410000	91.694
12.500000	91.738
12.650000	91.812
12.800000	91.886
13.150000	92.056
13.200000	92.081
13.400000	92.177
13.600000	92.273
13.800000	92.368
14.000000	92.460
14.300000	92.595
14.500000	92.680
14.750000	92.787
15.000000	92.893
15.250000	93.000
15.500000	93.107
15.750000	93.212
16.000000	93.316
16.250000	93.418
16.500000	93.522
16.750000	93.627
17.000000	93.733
17.250000	93.839
17.500000	93.941
17.750000	94.037
18.000000	94.126
18.250000	94.207
18.500000	94.285
18.750000	94.360
19.000000	94.436
19.250000	94.517
19.500000	94.601
19.750000	94.686
20.000000	94.773
20.299999	94.871
20.600000	94.960
20.900000	95.038
21.200001	95.105
21.400000	95.144
21.799999	95.220
22.000000	95.257
22.400000	95.337
22.700001	95.401
23.000000	95.469
23.299999	95.535
23.600000	95.602
24.000000	95.688
24.299999	95.749
24.700001	95.826
25.000000	95.882
25.400000	95.953
25.799999	96.022
26.200001	96.088
26.500000	96.135
26.900000	96.197
27.200001	96.243
27.600000	96.302
28.000000	96.363
28.500000	96.438
29.000000	96.509
29.500000	96.572
30.000000	96.624
30.400000	96.662
30.700001	96.689
31.100000	96.725
31.500000	96.762
32.000000	96.806
32.500000	96.849
33.000000	96.888
33.500000	96.923
34.000000	96.957
34.500000	96.987
35.000000	97.016
35.500000	97.043
36.000000	97.069
36.500000	97.094
37.000000	97.121
37.500000	97.147
38.200001	97.173
38.700001	97.183
39.500000	97.203
40.000000	97.222
40.599998	97.240
41.200001	97.244
41.799999	97.234
42.500000	97.227
43.099998	97.233
43.700001	97.243
44.400002	97.254
45.000000	97.261
45.500000	97.264
46.200001	97.262
46.799999	97.252
47.500000	97.234
48.200001	97.220
48.700001	97.218
49.400002	97.220
50.000000	97.215
50.799999	97.190
51.500000	97.162
52.200001	97.141
53.000000	97.125
53.799999	97.106
54.500000	97.075
55.200001	97.032
56.000000	96.989
57.000000	96.948
58.000000	96.903
59.000000	96.855
60.000000	96.819
60.799999	96.791
61.500000	96.755
62.200001	96.710
63.000000	96.658
64.000000	96.604
65.000000	96.547
66.000000	96.484
67.000000	96.423
68.000000	96.353
69.000000	96.282
70.000000	96.221
71.000000	96.159
72.000000	96.090
73.000000	96.013
74.000000	95.933
75.000000	95.853
76.199997	95.766
77.500000	95.676
78.800003	95.589
80.000000	95.498
81.199997	95.407
82.500000	95.319
83.800003	95.230
85.000000	95.137
86.199997	95.038
87.500000	94.926
88.500000	94.844
90.000000	94.733
91.199997	94.650
92.500000	94.553
93.800003	94.451
95.000000	94.360
96.199997	94.270
97.500000	94.168
98.800003	94.062
100.000000	93.962
101.500000	93.840
103.000000	93.721
104.400002	93.605
106.000000	93.471
107.500000	93.352
109.000000	93.237
110.599998	93.122
112.000000	93.009
113.800003	92.843
115.000000	92.770
117.199997	92.610
118.000000	92.540
120.599998	92.374
122.000000	92.275
124.099998	92.125
125.000000	92.072
126.500000	91.988
128.000000	91.892
131.500000	91.615
132.000000	91.577
134.000000	91.454
136.000000	91.393
138.000000	91.315
140.000000	91.165
143.000000	90.910
145.000000	90.780
147.500000	90.674
150.000000	90.555
152.500000	90.434
155.000000	90.281
157.500000	90.168
160.000000	90.067
162.500000	89.952
165.000000	89.781
167.500000	89.579
170.000000	89.412
172.500000	89.326
175.000000	89.294
177.500000	89.237
180.000000	89.124
182.500000	89.023
185.000000	88.958
187.500000	88.885
190.000000	88.764
192.500000	88.623
195.000000	88.528
197.500000	88.459
200.000000	88.381
203.000000	88.285
206.000000	88.198
209.000000	88.113
212.000000	88.058
214.000000	88.045
218.000000	87.985
220.000000	87.930
224.000000	87.762
227.000000	87.682
230.000000	87.657
233.000000	87.596
236.000000	87.512
240.000000	87.407
243.000000	87.358
247.000000	87.321
250.000000	87.293
254.000000	87.252
258.000000	87.228
262.000000	87.150
265.000000	87.069
269.000000	87.022
272.000000	87.022
276.000000	87.022
280.000000	87.012
285.000000	86.989
290.000000	86.888
295.000000	86.826
300.000000	86.902
304.000000	86.859
307.000000	86.793
311.000000	86.751
315.000000	86.742
320.000000	86.750
325.000000	86.801
330.000000	86.817
335.000000	86.799
340.000000	86.752
345.000000	86.708
350.000000	86.730
355.000000	86.773
360.000000	86.755
365.000000	86.711
370.000000	86.726
375.000000	86.746
382.000000	86.737
387.000000	86.733
395.000000	86.697
400.000000	86.677
406.000000	86.725
412.000000	86.758
418.000000	86.770
425.000000	86.764
431.000000	86.782
437.000000	86.775
444.000000	86.714
450.000000	86.694
455.000000	86.715
462.000000	86.722
468.000000	86.733
475.000000	86.765
482.000000	86.761
487.000000	86.744
494.000000	86.767
500.000000	86.806
508.000000	86.769
515.000000	86.740
522.000000	86.773
530.000000	86.778
538.000000	86.760
545.000000	86.767
552.000000	86.781
560.000000	86.791
570.000000	86.808
580.000000	86.826
590.000000	86.850
600.000000	86.856
608.000000	86.852
615.000000	86.860
622.000000	86.880
630.000000	86.907
640.000000	86.931
650.000000	86.969
660.000000	87.020
670.000000	87.069
680.000000	87.103
690.000000	87.150
700.000000	87.200
710.000000	87.247
720.000000	87.304
730.000000	87.371
740.000000	87.438
750.000000	87.501
762.000000	87.590
775.000000	87.697
788.000000	87.800
800.000000	87.899
812.000000	87.990
825.000000	88.085
838.000000	88.174
850.000000	88.248
862.000000	88.315
875.000000	88.380
885.000000	88.416
900.000000	88.441
912.000000	88.452
925.000000	88.453
938.000000	88.437
950.000000	88.412
962.000000	88.376
975.000000	88.327
988.000000	88.271
1000.000000	88.217
1015.000000	88.145
1030.000000	88.071
1044.000000	88.000
1060.000000	87.912
1075.000000	87.826
1090.000000	87.748
1106.000000	87.678
1120.000000	87.620
1138.000000	87.550
1150.000000	87.507
1172.000000	87.447
1180.000000	87.432
1206.000000	87.415
1220.000000	87.433
1241.000000	87.497
1250.000000	87.538
1265.000000	87.626
1280.000000	87.737
1315.000000	88.062
1320.000000	88.116
1340.000000	88.343
1360.000000	88.577
1380.000000	88.826
1400.000000	89.102
1430.000000	89.540
1450.000000	89.842
1475.000000	90.233
1500.000000	90.630
1525.000000	91.021
1550.000000	91.400
1575.000000	91.758
1600.000000	92.096
1625.000000	92.415
1650.000000	92.715
1675.000000	92.998
1700.000000	93.262
1725.000000	93.508
1750.000000	93.737
1775.000000	93.952
1800.000000	94.153
1825.000000	94.343
1850.000000	94.524
1875.000000	94.697
1900.000000	94.862
1925.000000	95.020
1950.000000	95.175
1975.000000	95.326
2000.000000	95.472
2030.000000	95.644
2060.000000	95.817
2090.000000	95.989
2120.000000	96.162
2140.000000	96.281
2180.000000	96.522
2200.000000	96.642
2240.000000	96.888
2270.000000	97.075
2300.000000	97.257
2330.000000	97.433
2360.000000	97.602
2400.000000	97.813
2430.000000	97.963
2470.000000	98.154
2500.000000	98.292
2540.000000	98.468
2580.000000	98.637
2620.000000	98.803
2650.000000	98.928
2690.000000	99.099
2720.000000	99.229
2760.000000	99.402
2800.000000	99.577
2850.000000	99.802
2900.000000	100.024
2950.000000	100.219
3000.000000	100.371
3040.000000	100.459
3070.000000	100.507
3110.000000	100.547
3150.000000	100.563
3200.000000	100.555
3250.000000	100.523
3300.000000	100.479
3350.000000	100.430
3400.000000	100.388
3450.000000	100.353
3500.000000	100.326
3550.000000	100.296
3600.000000	100.263
3650.000000	100.231
3700.000000	100.206
3750.000000	100.188
3820.000000	100.172
3870.000000	100.162
3950.000000	100.149
4000.000000	100.144
4060.000000	100.144
4120.000000	100.151
4180.000000	100.165
4250.000000	100.186
4310.000000	100.207
4370.000000	100.225
4440.000000	100.242
4500.000000	100.257
4550.000000	100.270
4620.000000	100.285
4680.000000	100.295
4750.000000	100.301
4820.000000	100.299
4870.000000	100.289
4940.000000	100.264
5000.000000	100.228
5080.000000	100.157
5150.000000	100.069
5220.000000	99.954
5300.000000	99.793
5380.000000	99.597
5450.000000	99.403
5520.000000	99.191
5600.000000	98.931
5700.000000	98.589
5800.000000	98.238
5900.000000	97.883
6000.000000	97.531
6080.000000	97.257
6150.000000	97.025
6220.000000	96.802
6300.000000	96.559
6400.000000	96.276
6500.000000	96.019
6600.000000	95.790
6700.000000	95.593
6800.000000	95.435
6900.000000	95.339
7000.000000	95.311
7100.000000	95.343
7200.000000	95.433
7300.000000	95.583
7400.000000	95.787
7500.000000	96.043
7620.000000	96.422
7750.000000	96.877
7880.000000	97.230
8000.000000	97.401
8120.000000	97.360
8250.000000	96.995
8380.000000	96.259
8500.000000	95.265
8620.000000	94.028
8750.000000	92.509
8850.000000	91.302
9000.000000	89.636
9120.000000	88.587
9250.000000	87.784
9380.000000	87.227
9500.000000	86.815
9620.000000	86.432
9750.000000	86.025
9880.000000	85.624
10000.000000	85.263
10150.000000	84.831
10300.000000	84.433
10440.000000	84.103
10600.000000	83.781
10750.000000	83.539
10900.000000	83.352
11060.000000	83.205
11200.000000	83.133
11380.000000	83.138
11500.000000	83.198
11720.000000	83.421
11800.000000	83.548
12060.000000	84.159
12200.000000	84.614
12410.000000	85.471
12500.000000	85.911
12650.000000	86.750
12800.000000	87.721
13150.000000	90.224
13200.000000	90.543
13400.000000	91.459
13600.000000	91.525
13800.000000	90.681
14000.000000	89.226
14300.000000	86.796
14500.000000	85.392
14750.000000	84.022
15000.000000	83.082
15250.000000	82.554
15500.000000	82.484
15750.000000	82.929
16000.000000	83.951
16250.000000	85.586
16500.000000	87.480
16750.000000	88.632
17000.000000	88.064
17250.000000	85.738
17500.000000	82.513
17750.000000	79.328
18000.000000	76.609
18250.000000	74.392
18500.000000	72.656
18750.000000	71.439
19000.000000	70.676
19250.000000	70.094
19500.000000	69.409
19750.000000	68.558
20000.000000	67.574
20300.000000	66.322
20600.000000	65.112
20900.000000	63.859
21200.000000	62.394
21400.000000	61.205
21800.000000	58.610
22000.000000	57.660
22400.000000	55.485
22700.000000	52.434
23000.000000	47.959
23300.000000	42.141
23600.000000	35.096
24000.000000	25.198
