20.000000	88.733
20.299999	88.761
20.600000	88.894
20.900000	89.055
21.200001	89.192
21.400000	89.250
21.799999	89.400
22.000000	89.469
22.400000	89.534
22.700001	89.586
23.000000	89.597
23.299999	89.628
23.600000	89.766
24.000000	90.053
24.299999	90.256
24.700001	90.427
25.000000	90.534
25.400000	90.739
25.799999	90.956
26.200001	91.052
26.500000	91.111
26.900000	91.172
27.200001	91.256
27.600000	91.350
28.000000	91.351
28.500000	91.337
29.000000	91.292
29.500000	91.410
30.000000	91.550
30.400000	91.630
30.700001	91.682
31.100000	91.688
31.500000	91.637
32.000000	91.573
32.500000	91.561
33.000000	91.650
33.500000	91.761
34.000000	91.859
34.500000	91.992
35.000000	92.114
35.500000	92.215
36.000000	92.254
36.500000	92.250
37.000000	92.252
37.500000	92.248
38.200001	92.269
38.700001	92.375
39.500000	92.488
40.000000	92.381
40.599998	92.263
41.200001	92.206
41.799999	92.240
42.500000	92.365
43.099998	92.657
43.700001	92.915
44.400002	92.633
45.000000	92.072
45.500000	91.721
46.200001	91.347
46.799999	91.308
47.500000	91.662
48.200001	92.095
48.700001	92.334
49.400002	92.940
50.000000	93.590
50.799999	94.146
51.500000	94.537
52.200001	94.609
53.000000	94.666
53.799999	94.669
54.500000	94.544
55.200001	94.423
56.000000	94.560
57.000000	94.643
58.000000	94.676
59.000000	94.677
60.000000	94.702
60.799999	94.701
61.500000	94.618
62.200001	94.466
63.000000	94.302
64.000000	94.172
65.000000	94.173
66.000000	94.154
67.000000	94.090
68.000000	94.215
69.000000	94.364
70.000000	94.406
71.000000	94.402
72.000000	94.412
73.000000	94.225
74.000000	94.014
75.000000	94.015
76.199997	94.129
77.500000	94.166
78.800003	94.147
80.000000	94.113
81.199997	93.946
82.500000	93.582
83.800003	93.608
85.000000	93.798
86.199997	93.981
87.500000	93.913
88.500000	94.016
90.000000	94.088
91.199997	93.885
92.500000	93.927
93.800003	94.196
95.000000	94.123
96.199997	93.948
97.500000	93.995
98.800003	94.115
100.000000	94.058
101.500000	93.939
103.000000	93.952
104.400002	94.006
106.000000	94.090
107.500000	94.152
109.000000	93.894
110.599998	93.875
112.000000	93.808
113.800003	93.981
115.000000	94.145
117.199997	93.971
118.000000	93.911
120.599998	93.988
122.000000	94.035
124.099998	94.090
125.000000	94.067
126.500000	94.037
128.000000	94.048
131.500000	94.049
132.000000	94.047
134.000000	94.102
136.000000	94.136
138.000000	94.021
140.000000	93.970
143.000000	93.993
145.000000	94.093
147.500000	94.055
150.000000	94.129
152.500000	94.132
155.000000	94.019
157.500000	94.112
160.000000	93.959
162.500000	93.946
165.000000	93.990
167.500000	93.903
170.000000	94.228
172.500000	94.226
175.000000	94.124
177.500000	94.135
180.000000	93.971
182.500000	94.025
185.000000	94.230
187.500000	94.201
190.000000	94.258
192.500000	94.412
195.000000	94.431
197.500000	94.240
200.000000	94.179
203.000000	94.252
206.000000	94.218
209.000000	94.147
212.000000	94.300
214.000000	94.469
218.000000	94.346
220.000000	94.357
224.000000	94.439
227.000000	94.304
230.000000	94.162
233.000000	94.236
236.000000	94.470
240.000000	94.567
243.000000	94.665
247.000000	94.812
250.000000	94.739
254.000000	94.704
258.000000	94.519
262.000000	94.466
265.000000	94.713
269.000000	94.776
272.000000	94.747
276.000000	94.752
280.000000	94.749
285.000000	94.749
290.000000	94.808
295.000000	94.927
300.000000	94.844
304.000000	94.868
307.000000	94.895
311.000000	94.895
315.000000	95.012
320.000000	95.048
325.000000	95.194
330.000000	95.392
335.000000	95.295
340.000000	95.105
345.000000	95.123
350.000000	95.181
355.000000	95.199
360.000000	95.127
365.000000	94.928
370.000000	94.945
375.000000	94.951
382.000000	94.800
387.000000	94.701
395.000000	94.486
400.000000	94.371
406.000000	94.288
412.000000	93.887
418.000000	93.260
425.000000	92.938
431.000000	92.708
437.000000	92.695
444.000000	92.737
450.000000	92.916
455.000000	93.142
462.000000	93.416
468.000000	93.566
475.000000	93.725
482.000000	93.883
487.000000	94.019
494.000000	94.011
500.000000	94.031
508.000000	94.209
515.000000	94.191
522.000000	94.048
530.000000	93.775
538.000000	93.575
545.000000	93.525
552.000000	93.531
560.000000	93.647
570.000000	93.665
580.000000	93.873
590.000000	93.911
600.000000	93.971
608.000000	94.129
615.000000	94.346
622.000000	94.357
630.000000	94.355
640.000000	94.387
650.000000	94.444
660.000000	94.541
670.000000	94.602
680.000000	94.555
690.000000	94.655
700.000000	94.845
710.000000	94.891
720.000000	94.854
730.000000	94.852
740.000000	95.026
750.000000	95.215
762.000000	95.340
775.000000	95.410
788.000000	95.474
800.000000	95.433
812.000000	95.125
825.000000	94.887
838.000000	94.717
850.000000	94.927
862.000000	95.089
875.000000	95.088
885.000000	95.197
900.000000	95.475
912.000000	95.607
925.000000	95.642
938.000000	95.805
950.000000	95.943
962.000000	95.969
975.000000	96.053
988.000000	96.185
1000.000000	96.312
1015.000000	96.245
1030.000000	96.078
1044.000000	95.907
1060.000000	95.703
1075.000000	95.716
1090.000000	95.850
1106.000000	96.002
1120.000000	96.081
1138.000000	96.139
1150.000000	96.115
1172.000000	96.018
1180.000000	95.942
1206.000000	95.724
1220.000000	95.779
1241.000000	95.729
1250.000000	95.715
1265.000000	95.800
1280.000000	95.766
1315.000000	95.770
1320.000000	95.796
1340.000000	95.732
1360.000000	95.615
1380.000000	95.658
1400.000000	95.747
1430.000000	95.870
1450.000000	96.020
1475.000000	96.231
1500.000000	96.459
1525.000000	96.634
1550.000000	96.686
1575.000000	96.885
1600.000000	96.849
1625.000000	96.855
1650.000000	97.033
1675.000000	97.172
1700.000000	97.070
1725.000000	97.048
1750.000000	97.037
1775.000000	96.910
1800.000000	96.781
1825.000000	96.694
1850.000000	96.338
1875.000000	95.957
1900.000000	95.948
1925.000000	95.696
1950.000000	95.517
1975.000000	95.447
2000.000000	95.517
2030.000000	95.516
2060.000000	95.530
2090.000000	95.673
2120.000000	95.634
2140.000000	95.523
2180.000000	95.574
2200.000000	95.713
2240.000000	95.942
2270.000000	96.356
2300.000000	96.922
2330.000000	97.251
2360.000000	97.389
2400.000000	97.749
2430.000000	98.178
2470.000000	98.763
2500.000000	99.106
2540.000000	99.846
2580.000000	100.749
2620.000000	101.517
2650.000000	101.817
2690.000000	102.344
2720.000000	102.746
2760.000000	103.903
2800.000000	104.268
2850.000000	104.534
2900.000000	104.281
2950.000000	104.322
3000.000000	104.230
3040.000000	103.901
3070.000000	103.426
3110.000000	102.704
3150.000000	102.173
3200.000000	101.791
3250.000000	101.443
3300.000000	100.576
3350.000000	99.487
3400.000000	98.089
3450.000000	97.229
3500.000000	97.277
3550.000000	97.260
3600.000000	97.446
3650.000000	97.681
3700.000000	97.721
3750.000000	97.743
3820.000000	97.651
3870.000000	97.553
3950.000000	97.453
4000.000000	97.299
4060.000000	97.218
4120.000000	97.238
4180.000000	97.294
4250.000000	97.302
4310.000000	97.257
4370.000000	97.328
4440.000000	97.488
4500.000000	97.719
4550.000000	97.855
4620.000000	98.007
4680.000000	98.201
4750.000000	98.427
4820.000000	98.593
4870.000000	98.731
4940.000000	98.973
5000.000000	99.367
5080.000000	100.184
5150.000000	100.489
5220.000000	101.104
5300.000000	101.856
5380.000000	102.692
5450.000000	102.957
5520.000000	103.234
5600.000000	103.061
5700.000000	102.210
5800.000000	101.608
5900.000000	100.678
6000.000000	99.510
6080.000000	98.889
6150.000000	98.328
6220.000000	97.678
6300.000000	97.028
6400.000000	96.479
6500.000000	96.347
6600.000000	96.338
6700.000000	96.235
6800.000000	96.167
6900.000000	96.224
7000.000000	95.998
7100.000000	95.368
7200.000000	94.709
7300.000000	93.972
7400.000000	92.990
7500.000000	92.437
7620.000000	92.899
7750.000000	92.639
7880.000000	92.387
8000.000000	92.548
8120.000000	92.892
8250.000000	92.975
8380.000000	92.516
8500.000000	92.096
8620.000000	91.770
8750.000000	91.768
8850.000000	91.709
9000.000000	90.517
9120.000000	87.599
9250.000000	82.622
9380.000000	78.917
9500.000000	77.495
9620.000000	76.908
9750.000000	76.580
9880.000000	77.184
10000.000000	79.083
10150.000000	82.307
10300.000000	84.688
10440.000000	86.451
10600.000000	88.299
10750.000000	90.041
10900.000000	91.629
11060.000000	92.684
11200.000000	91.990
11380.000000	90.386
11500.000000	89.686
11720.000000	89.469
11800.000000	89.447
12060.000000	89.769
12200.000000	90.561
12410.000000	92.416
12500.000000	92.857
12650.000000	93.786
12800.000000	94.644
13150.000000	93.701
13200.000000	93.615
13400.000000	93.266
13600.000000	92.807
13800.000000	92.596
14000.000000	92.568
14300.000000	92.636
14500.000000	92.384
14750.000000	90.857
15000.000000	88.001
15250.000000	85.825
15500.000000	85.300
15750.000000	84.912
16000.000000	84.955
16250.000000	84.685
16500.000000	84.451
16750.000000	85.541
17000.000000	88.910
17250.000000	94.020
17500.000000	95.364
17750.000000	95.709
18000.000000	94.151
18250.000000	92.243
18500.000000	92.298
18750.000000	93.651
19000.000000	95.206
19250.000000	96.430
19500.000000	96.928
19750.000000	96.725
