20.000000	98.916
20.299999	98.900
20.600000	98.952
20.900000	99.046
21.200001	99.105
21.400000	99.175
21.799999	99.286
22.000000	99.322
22.400000	99.322
22.700001	99.261
23.000000	99.272
23.299999	99.297
23.600000	99.329
24.000000	99.433
24.299999	99.446
24.700001	99.517
25.000000	99.632
25.400000	99.835
25.799999	100.062
26.200001	100.160
26.500000	100.203
26.900000	100.104
27.200001	99.953
27.600000	99.893
28.000000	99.848
28.500000	99.672
29.000000	99.534
29.500000	99.600
30.000000	99.848
30.400000	99.980
30.700001	100.013
31.100000	99.970
31.500000	99.862
32.000000	99.716
32.500000	99.707
33.000000	99.826
33.500000	99.936
34.000000	99.983
34.500000	99.999
35.000000	100.030
35.500000	100.053
36.000000	100.053
36.500000	100.022
37.000000	100.014
37.500000	100.065
38.200001	100.154
38.700001	100.279
39.500000	100.397
40.000000	100.320
40.599998	100.263
41.200001	100.094
41.799999	99.749
42.500000	99.651
43.099998	99.901
43.700001	100.143
44.400002	100.049
45.000000	99.804
45.500000	99.745
46.200001	99.828
46.799999	99.914
47.500000	100.133
48.200001	100.253
48.700001	100.210
49.400002	100.140
50.000000	100.160
50.799999	100.243
51.500000	100.298
52.200001	100.213
53.000000	100.099
53.799999	100.044
54.500000	99.808
55.200001	99.620
56.000000	99.980
57.000000	100.137
58.000000	100.058
59.000000	99.754
60.000000	99.694
60.799999	99.743
61.500000	99.730
62.200001	99.638
63.000000	99.498
64.000000	99.386
65.000000	99.454
66.000000	99.434
67.000000	99.297
68.000000	99.450
69.000000	99.564
70.000000	99.538
71.000000	99.647
72.000000	99.878
73.000000	99.844
74.000000	99.630
75.000000	99.456
76.199997	99.256
77.500000	99.311
78.800003	99.362
80.000000	99.242
81.199997	98.881
82.500000	98.237
83.800003	98.200
85.000000	98.348
86.199997	98.397
87.500000	98.303
88.500000	98.419
90.000000	98.591
91.199997	98.373
92.500000	98.288
93.800003	98.556
95.000000	98.547
96.199997	98.430
97.500000	98.454
98.800003	98.452
100.000000	98.292
101.500000	98.224
103.000000	98.415
104.400002	98.593
106.000000	98.481
107.500000	98.266
109.000000	97.626
110.599998	97.350
112.000000	97.155
113.800003	97.272
115.000000	97.346
117.199997	97.226
118.000000	97.156
120.599998	97.178
122.000000	97.250
124.099998	97.210
125.000000	97.026
126.500000	96.921
128.000000	96.778
131.500000	97.017
132.000000	97.076
134.000000	97.100
136.000000	96.894
138.000000	96.763
140.000000	96.753
143.000000	96.650
145.000000	96.598
147.500000	96.499
150.000000	96.647
152.500000	96.565
155.000000	96.354
157.500000	96.428
160.000000	96.307
162.500000	96.171
165.000000	96.097
167.500000	96.042
170.000000	96.246
172.500000	96.184
175.000000	96.102
177.500000	95.971
180.000000	95.608
182.500000	95.582
185.000000	95.692
187.500000	95.743
190.000000	95.833
192.500000	95.778
195.000000	95.504
197.500000	95.451
200.000000	95.595
203.000000	95.648
206.000000	95.547
209.000000	95.453
212.000000	95.537
214.000000	95.538
218.000000	95.139
220.000000	95.101
224.000000	95.201
227.000000	95.299
230.000000	95.255
233.000000	95.230
236.000000	95.035
240.000000	94.902
243.000000	95.002
247.000000	95.189
250.000000	95.133
254.000000	95.082
258.000000	94.761
262.000000	94.655
265.000000	94.807
269.000000	94.742
272.000000	94.691
276.000000	94.691
280.000000	94.787
285.000000	94.713
290.000000	94.454
295.000000	94.494
300.000000	94.423
304.000000	94.410
307.000000	94.445
311.000000	94.403
315.000000	94.475
320.000000	94.471
325.000000	94.310
330.000000	94.298
335.000000	94.197
340.000000	93.953
345.000000	94.000
350.000000	94.200
355.000000	94.300
360.000000	94.294
365.000000	94.216
370.000000	94.500
375.000000	94.564
382.000000	94.500
387.000000	94.352
395.000000	94.132
400.000000	94.029
406.000000	94.111
412.000000	94.273
418.000000	94.320
425.000000	94.338
431.000000	94.226
437.000000	94.091
444.000000	94.099
450.000000	94.136
455.000000	94.097
462.000000	94.104
468.000000	94.090
475.000000	93.987
482.000000	93.960
487.000000	94.039
494.000000	94.008
500.000000	94.026
508.000000	94.180
515.000000	94.216
522.000000	94.095
530.000000	93.997
538.000000	94.132
545.000000	93.972
552.000000	93.972
560.000000	94.156
570.000000	94.168
580.000000	94.101
590.000000	94.101
600.000000	94.093
608.000000	94.135
615.000000	94.254
622.000000	94.212
630.000000	94.042
640.000000	93.993
650.000000	94.000
660.000000	93.953
670.000000	94.000
680.000000	94.049
690.000000	94.052
700.000000	94.150
710.000000	94.198
720.000000	94.101
730.000000	94.049
740.000000	94.137
750.000000	94.237
762.000000	94.252
775.000000	94.197
788.000000	94.215
800.000000	94.359
812.000000	94.484
825.000000	94.387
838.000000	94.444
850.000000	94.560
862.000000	94.584
875.000000	94.537
885.000000	94.587
900.000000	94.657
912.000000	94.615
925.000000	94.757
938.000000	94.955
950.000000	95.053
962.000000	94.990
975.000000	94.904
988.000000	95.062
1000.000000	95.331
1015.000000	95.335
1030.000000	95.329
1044.000000	95.456
1060.000000	95.612
1075.000000	95.760
1090.000000	95.912
1106.000000	95.951
1120.000000	96.001
1138.000000	96.117
1150.000000	96.215
1172.000000	96.338
1180.000000	96.364
1206.000000	96.519
1220.000000	96.629
1241.000000	96.739
1250.000000	96.759
1265.000000	96.799
1280.000000	96.799
1315.000000	96.876
1320.000000	96.897
1340.000000	97.095
1360.000000	97.103
1380.000000	97.250
1400.000000	97.255
1430.000000	97.381
1450.000000	97.399
1475.000000	97.432
1500.000000	97.450
1525.000000	97.496
1550.000000	97.563
1575.000000	97.698
1600.000000	97.646
1625.000000	97.645
1650.000000	97.694
1675.000000	97.731
1700.000000	97.725
1725.000000	97.733
1750.000000	97.672
1775.000000	97.647
1800.000000	97.650
1825.000000	97.654
1850.000000	97.634
1875.000000	97.600
1900.000000	97.590
1925.000000	97.555
1950.000000	97.644
1975.000000	97.605
2000.000000	97.703
2030.000000	97.837
2060.000000	97.773
2090.000000	97.780
2120.000000	97.881
2140.000000	97.874
2180.000000	97.984
2200.000000	98.079
2240.000000	98.058
2270.000000	98.156
2300.000000	98.394
2330.000000	98.504
2360.000000	98.509
2400.000000	98.662
2430.000000	98.843
2470.000000	99.035
2500.000000	99.125
2540.000000	99.373
2580.000000	99.733
2620.000000	100.000
2650.000000	100.094
2690.000000	100.348
2720.000000	100.513
2760.000000	100.900
2800.000000	100.957
2850.000000	101.190
2900.000000	101.377
2950.000000	101.462
3000.000000	101.413
3040.000000	101.330
3070.000000	101.268
3110.000000	101.146
3150.000000	100.877
3200.000000	100.410
3250.000000	100.077
3300.000000	99.607
3350.000000	99.075
3400.000000	98.332
3450.000000	97.756
3500.000000	97.453
3550.000000	96.956
3600.000000	96.379
3650.000000	95.939
3700.000000	95.673
3750.000000	95.321
3820.000000	94.845
3870.000000	94.590
3950.000000	94.380
4000.000000	94.244
4060.000000	94.005
4120.000000	93.904
4180.000000	93.857
4250.000000	93.894
4310.000000	93.946
4370.000000	93.951
4440.000000	93.950
4500.000000	94.037
4550.000000	94.088
4620.000000	94.108
4680.000000	94.046
4750.000000	93.941
4820.000000	93.810
4870.000000	93.685
4940.000000	93.476
5000.000000	93.230
5080.000000	92.860
5150.000000	92.746
5220.000000	92.453
5300.000000	92.124
5380.000000	91.802
5450.000000	91.666
5520.000000	91.448
5600.000000	91.291
5700.000000	90.959
5800.000000	90.874
5900.000000	90.812
6000.000000	90.837
6080.000000	90.888
6150.000000	90.890
6220.000000	90.947
6300.000000	91.137
6400.000000	91.350
6500.000000	91.596
6600.000000	91.933
6700.000000	92.340
6800.000000	92.822
6900.000000	93.397
7000.000000	94.094
7100.000000	94.882
7200.000000	95.732
7300.000000	96.593
7400.000000	97.799
7500.000000	99.091
7620.000000	99.696
7750.000000	100.703
7880.000000	101.603
8000.000000	101.834
8120.000000	101.810
8250.000000	101.642
8380.000000	101.178
8500.000000	100.963
8620.000000	100.689
8750.000000	100.232
8850.000000	99.651
9000.000000	99.184
9120.000000	98.682
9250.000000	98.044
9380.000000	97.412
9500.000000	96.877
9620.000000	96.306
9750.000000	95.664
9880.000000	95.106
10000.000000	94.650
10150.000000	94.101
10300.000000	93.638
10440.000000	93.183
10600.000000	92.757
10750.000000	92.318
10900.000000	91.874
11060.000000	91.416
11200.000000	91.295
11380.000000	91.067
11500.000000	90.851
11720.000000	90.325
11800.000000	90.299
12060.000000	90.191
12200.000000	90.151
12410.000000	90.102
12500.000000	90.123
12650.000000	90.192
12800.000000	90.270
13150.000000	90.668
13200.000000	90.686
13400.000000	90.899
13600.000000	91.385
13800.000000	92.054
14000.000000	92.976
14300.000000	94.728
14500.000000	96.169
14750.000000	97.388
15000.000000	96.957
15250.000000	94.900
15500.000000	91.744
15750.000000	88.437
16000.000000	85.585
16250.000000	81.943
16500.000000	80.370
16750.000000	78.465
17000.000000	76.716
17250.000000	74.763
17500.000000	74.346
17750.000000	74.156
18000.000000	74.398
18250.000000	74.965
18500.000000	75.055
18750.000000	75.222
19000.000000	76.166
19250.000000	77.950
19500.000000	79.185
19750.000000	79.110
