20.000000	91.697
20.299999	91.833
20.600000	91.971
20.900000	92.116
21.200001	92.272
21.400000	92.377
21.799999	92.581
22.000000	92.674
22.400000	92.838
22.700001	92.942
23.000000	93.042
23.299999	93.148
23.600000	93.263
24.000000	93.438
24.299999	93.578
24.700001	93.761
25.000000	93.887
25.400000	94.032
25.799999	94.153
26.200001	94.259
26.500000	94.338
26.900000	94.450
27.200001	94.538
27.600000	94.659
28.000000	94.770
28.500000	94.880
29.000000	94.959
29.500000	95.029
30.000000	95.120
30.400000	95.211
30.700001	95.288
31.100000	95.396
31.500000	95.500
32.000000	95.614
32.500000	95.699
33.000000	95.757
33.500000	95.807
34.000000	95.877
34.500000	95.975
35.000000	96.078
35.500000	96.156
36.000000	96.203
36.500000	96.238
37.000000	96.280
37.500000	96.335
38.200001	96.427
38.700001	96.500
39.500000	96.614
40.000000	96.662
40.599998	96.674
41.200001	96.648
41.799999	96.612
42.500000	96.589
43.099998	96.584
43.700001	96.589
44.400002	96.616
45.000000	96.672
45.500000	96.732
46.200001	96.798
46.799999	96.826
47.500000	96.861
48.200001	96.909
48.700001	96.931
49.400002	96.914
50.000000	96.861
50.799999	96.776
51.500000	96.699
52.200001	96.605
53.000000	96.493
53.799999	96.418
54.500000	96.361
55.200001	96.291
56.000000	96.251
57.000000	96.300
58.000000	96.365
59.000000	96.469
60.000000	96.644
60.799999	96.808
61.500000	96.953
62.200001	97.091
63.000000	97.246
64.000000	97.454
65.000000	97.662
66.000000	97.845
67.000000	98.028
68.000000	98.168
69.000000	98.289
70.000000	98.425
71.000000	98.523
72.000000	98.612
73.000000	98.679
74.000000	98.739
75.000000	98.809
76.199997	98.891
77.500000	98.997
78.800003	99.124
80.000000	99.239
81.199997	99.343
82.500000	99.445
83.800003	99.533
85.000000	99.603
86.199997	99.662
87.500000	99.706
88.500000	99.735
90.000000	99.766
91.199997	99.788
92.500000	99.799
93.800003	99.805
95.000000	99.803
96.199997	99.800
97.500000	99.784
98.800003	99.771
100.000000	99.752
101.500000	99.728
103.000000	99.706
104.400002	99.669
106.000000	99.637
107.500000	99.591
109.000000	99.542
110.599998	99.439
112.000000	99.363
113.800003	99.233
115.000000	99.143
117.199997	98.959
118.000000	98.900
120.599998	98.722
122.000000	98.671
124.099998	98.672
125.000000	98.696
126.500000	98.742
128.000000	98.790
131.500000	98.865
132.000000	98.875
134.000000	98.882
136.000000	98.894
138.000000	98.890
140.000000	98.880
143.000000	98.853
145.000000	98.836
147.500000	98.816
150.000000	98.790
152.500000	98.751
155.000000	98.704
157.500000	98.650
160.000000	98.592
162.500000	98.519
165.000000	98.433
167.500000	98.339
170.000000	98.243
172.500000	98.138
175.000000	98.036
177.500000	97.929
180.000000	97.821
182.500000	97.708
185.000000	97.589
187.500000	97.463
190.000000	97.332
192.500000	97.198
195.000000	97.072
197.500000	96.970
200.000000	96.886
203.000000	96.754
206.000000	96.590
209.000000	96.416
212.000000	96.241
214.000000	96.123
218.000000	95.892
220.000000	95.794
224.000000	95.591
227.000000	95.391
230.000000	95.213
233.000000	95.120
236.000000	95.062
240.000000	94.944
243.000000	94.832
247.000000	94.648
250.000000	94.505
254.000000	94.319
258.000000	94.136
262.000000	93.964
265.000000	93.845
269.000000	93.703
272.000000	93.600
276.000000	93.463
280.000000	93.356
285.000000	93.211
290.000000	93.082
295.000000	92.999
300.000000	92.925
304.000000	92.901
307.000000	92.895
311.000000	92.897
315.000000	92.904
320.000000	92.916
325.000000	92.968
330.000000	93.036
335.000000	93.120
340.000000	93.184
345.000000	93.263
350.000000	93.340
355.000000	93.413
360.000000	93.498
365.000000	93.573
370.000000	93.652
375.000000	93.721
382.000000	93.850
387.000000	93.904
395.000000	94.024
400.000000	94.098
406.000000	94.189
412.000000	94.260
418.000000	94.321
425.000000	94.356
431.000000	94.377
437.000000	94.383
444.000000	94.385
450.000000	94.396
455.000000	94.387
462.000000	94.372
468.000000	94.321
475.000000	94.225
482.000000	94.138
487.000000	94.100
494.000000	94.046
500.000000	93.999
508.000000	93.946
515.000000	93.918
522.000000	93.918
530.000000	93.914
538.000000	93.894
545.000000	93.912
552.000000	93.936
560.000000	93.954
570.000000	93.998
580.000000	94.044
590.000000	94.119
600.000000	94.186
608.000000	94.237
615.000000	94.264
622.000000	94.316
630.000000	94.341
640.000000	94.353
650.000000	94.391
660.000000	94.393
670.000000	94.385
680.000000	94.368
690.000000	94.357
700.000000	94.355
710.000000	94.331
720.000000	94.316
730.000000	94.306
740.000000	94.310
750.000000	94.298
762.000000	94.290
775.000000	94.303
788.000000	94.350
800.000000	94.387
812.000000	94.412
825.000000	94.426
838.000000	94.429
850.000000	94.427
862.000000	94.427
875.000000	94.445
885.000000	94.431
900.000000	94.427
912.000000	94.457
925.000000	94.451
938.000000	94.427
950.000000	94.398
962.000000	94.392
975.000000	94.371
988.000000	94.364
1000.000000	94.359
1015.000000	94.343
1030.000000	94.327
1044.000000	94.303
1060.000000	94.263
1075.000000	94.234
1090.000000	94.221
1106.000000	94.197
1120.000000	94.196
1138.000000	94.209
1150.000000	94.233
1172.000000	94.245
1180.000000	94.279
1206.000000	94.395
1220.000000	94.430
1241.000000	94.368
1250.000000	94.404
1265.000000	94.566
1280.000000	94.755
1315.000000	95.208
1320.000000	95.279
1340.000000	95.594
1360.000000	95.934
1380.000000	96.256
1400.000000	96.599
1430.000000	97.120
1450.000000	97.469
1475.000000	97.902
1500.000000	98.326
1525.000000	98.725
1550.000000	99.125
1575.000000	99.492
1600.000000	99.826
1625.000000	100.138
1650.000000	100.401
1675.000000	100.643
1700.000000	100.813
1725.000000	100.934
1750.000000	100.972
1775.000000	100.951
1800.000000	100.852
1825.000000	100.661
1850.000000	100.399
1875.000000	100.055
1900.000000	99.670
1925.000000	99.230
1950.000000	98.768
1975.000000	98.279
2000.000000	97.782
2030.000000	97.177
2060.000000	96.590
2090.000000	95.983
2120.000000	95.345
2140.000000	94.905
2180.000000	93.915
2200.000000	93.466
2240.000000	93.560
2270.000000	94.547
2300.000000	95.778
2330.000000	97.061
2360.000000	98.304
2400.000000	99.648
2430.000000	100.630
2470.000000	101.645
2500.000000	102.186
2540.000000	102.666
2580.000000	102.987
2620.000000	103.225
2650.000000	103.384
2690.000000	103.609
2720.000000	103.779
2760.000000	104.016
2800.000000	104.264
2850.000000	104.546
2900.000000	104.797
2950.000000	104.988
3000.000000	105.106
3040.000000	105.144
3070.000000	105.119
3110.000000	105.027
3150.000000	104.864
3200.000000	104.556
3250.000000	104.129
3300.000000	103.569
3350.000000	102.897
3400.000000	102.131
3450.000000	101.314
3500.000000	100.502
3550.000000	99.785
3600.000000	99.255
3650.000000	98.947
3700.000000	98.852
3750.000000	98.918
3820.000000	99.178
3870.000000	99.813
3950.000000	100.955
4000.000000	101.312
4060.000000	101.691
4120.000000	102.086
4180.000000	102.425
4250.000000	102.596
4310.000000	102.615
4370.000000	102.496
4440.000000	102.236
4500.000000	101.912
4550.000000	101.529
4620.000000	100.781
4680.000000	99.995
4750.000000	99.291
4820.000000	98.926
4870.000000	98.861
4940.000000	98.974
5000.000000	99.219
5080.000000	99.755
5150.000000	100.222
5220.000000	100.454
5300.000000	100.504
5380.000000	100.535
5450.000000	100.565
5520.000000	100.707
5600.000000	100.805
5700.000000	100.995
5800.000000	101.529
5900.000000	101.548
6000.000000	101.588
6080.000000	101.667
6150.000000	101.640
6220.000000	101.261
6300.000000	100.292
6400.000000	98.537
6500.000000	96.511
6600.000000	94.304
6700.000000	91.820
6800.000000	89.306
6900.000000	87.004
7000.000000	84.882
7100.000000	83.334
7200.000000	83.062
7300.000000	83.620
7400.000000	84.438
7500.000000	84.965
7620.000000	85.708
7750.000000	86.820
7880.000000	88.096
8000.000000	89.264
8120.000000	90.377
8250.000000	91.379
8380.000000	92.309
8500.000000	93.518
8620.000000	95.166
8750.000000	97.046
8850.000000	97.684
9000.000000	96.861
9120.000000	95.626
9250.000000	94.768
9380.000000	94.404
9500.000000	94.117
9620.000000	93.585
9750.000000	92.637
9880.000000	91.499
10000.000000	90.808
10150.000000	90.615
10300.000000	90.653
10440.000000	90.722
10600.000000	90.716
10750.000000	90.421
10900.000000	90.629
11060.000000	92.120
11200.000000	92.761
11380.000000	91.225
11500.000000	90.665
11720.000000	91.654
11800.000000	92.290
12060.000000	94.319
12200.000000	95.262
12410.000000	96.348
12500.000000	96.709
12650.000000	97.381
12800.000000	98.079
13150.000000	95.689
13200.000000	94.846
13400.000000	91.808
13600.000000	90.290
13800.000000	90.569
14000.000000	92.081
14300.000000	95.164
14500.000000	97.237
14750.000000	99.160
15000.000000	99.053
15250.000000	97.212
15500.000000	95.270
15750.000000	93.659
16000.000000	92.179
16250.000000	90.877
16500.000000	91.259
16750.000000	92.347
17000.000000	94.496
17250.000000	94.895
17500.000000	92.355
17750.000000	88.381
18000.000000	83.964
18250.000000	80.186
18500.000000	80.271
18750.000000	82.380
19000.000000	83.708
19250.000000	84.599
19500.000000	84.873
19750.000000	83.552
