20 93.53
20.299999 93.53
20.6 93.53
20.9 93.52
21.200001 93.53
21.4 93.53
21.799999 93.54
22 93.54
22.4 93.53
22.700001 93.51
23 93.47
23.299999 93.44
23.6 93.42
24 93.42
24.299999 93.43
24.700001 93.45
25 93.44
25.4 93.42
25.799999 93.39
26.200001 93.37
26.5 93.37
26.9 93.40
27.200001 93.43
27.6 93.47
28 93.49
28.5 93.49
29 93.48
29.5 93.50
30 93.53
30.4 93.56
30.700001 93.57
31.1 93.57
31.5 93.56
32 93.56
32.5 93.58
33 93.62
33.5 93.63
34 93.60
34.5 93.56
35 93.52
35.5 93.51
36 93.51
36.5 93.53
37 93.54
37.5 93.49
38.200001 93.29
38.700001 93.20
39.5 93.37
40 93.46
40.599998 93.35
41.200001 93.19
41.799999 93.30
42.5 93.52
43.099998 93.41
43.700001 93.15
44.400002 93.13
45 93.28
45.5 93.29
46.200001 93.20
46.799999 93.22
47.5 93.32
48.200001 93.28
48.700001 93.21
49.400002 93.20
50 93.24
50.799999 93.24
51.5 93.21
52.200001 93.23
53 93.28
53.799999 93.27
54.5 93.27
55.200001 93.31
56 93.34
57 93.42
58 93.50
59 93.50
60 93.58
60.799999 93.62
61.5 93.63
62.200001 93.66
63 93.70
64 93.75
65 93.84
66 93.83
67 93.83
68 93.89
69 93.88
70 93.91
71 93.93
72 93.94
73 93.96
74 93.97
75 93.99
76.199997 94.01
77.5 94.02
78.800003 94.03
80 94.08
81.199997 94.08
82.5 94.13
83.800003 94.14
85 94.16
86.199997 94.18
87.5 94.17
88.5 94.17
90 94.19
91.199997 94.18
92.5 94.20
93.800003 94.15
95 94.14
96.199997 94.15
97.5 94.13
98.800003 94.14
100 94.10
101.5 94.10
103 94.08
104.400002 94.08
106 94.09
107.5 94.10
109 94.11
110.599998 94.12
112 94.12
113.800003 94.12
115 94.11
117.199997 94.11
118 94.11
120.599998 94.12
122 94.12
124.099998 94.12
125 94.13
126.5 94.14
128 94.13
131.5 94.11
132 94.09
134 94.05
136 94.11
138 94.17
140 94.21
143 94.27
145 94.29
147.5 94.27
150 94.25
152.5 94.26
155 94.27
157.5 94.31
160 94.34
162.5 94.35
165 94.39
167.5 94.38
170 94.38
172.5 94.41
175 94.42
177.5 94.47
180 94.51
182.5 94.53
185 94.55
187.5 94.56
190 94.56
192.5 94.56
195 94.56
197.5 94.55
200 94.55
203 94.55
206 94.56
209 94.56
212 94.55
214 94.55
218 94.54
220 94.54
224 94.53
227 94.53
230 94.52
233 94.51
236 94.51
240 94.50
243 94.50
247 94.49
250 94.49
254 94.48
258 94.47
262 94.46
265 94.46
269 94.47
272 94.47
276 94.44
280 94.44
285 94.41
290 94.41
295 94.40
300 94.34
304 94.35
307 94.32
311 94.30
315 94.28
320 94.26
325 94.25
330 94.22
335 94.19
340 94.18
345 94.14
350 94.13
355 94.11
360 94.09
365 94.07
370 94.05
375 94.03
382 94.02
387 94.00
395 93.98
400 93.98
406 93.96
412 93.96
418 93.95
425 93.93
431 93.93
437 93.94
444 93.94
450 93.94
455 93.96
462 93.94
468 93.93
475 93.95
482 93.97
487 93.98
494 93.99
500 94.00
508 93.98
515 94.02
522 94.02
530 94.07
538 94.09
545 94.11
552 94.14
560 94.16
570 94.18
580 94.17
590 94.23
600 94.26
608 94.28
615 94.31
622 94.36
630 94.38
640 94.38
650 94.41
660 94.30
670 94.28
680 94.17
690 94.14
700 94.12
710 94.14
720 94.19
730 94.27
740 94.34
750 94.42
762 94.47
775 94.46
788 94.50
800 94.49
812 94.54
825 94.50
838 94.52
850 94.47
862 94.39
875 94.39
885 94.33
900 94.28
912 94.25
925 94.18
938 94.17
950 94.10
962 93.99
975 93.84
988 93.69
1000 93.61
1015 93.53
1030 93.44
1044 93.35
1060 93.27
1075 93.07
1090 92.94
1106 92.83
1120 92.72
1138 92.54
1150 92.48
1172 92.26
1180 92.30
1206 92.19
1220 92.00
1241 91.87
1250 91.78
1265 91.81
1280 91.72
1315 91.49
1320 91.46
1340 91.56
1360 91.60
1380 91.52
1400 91.60
1430 91.73
1450 91.66
1475 91.66
1500 91.84
1525 91.89
1550 92.01
1575 92.20
1600 92.36
1625 92.67
1650 92.76
1675 93.03
1700 93.26
1725 93.46
1750 93.79
1775 94.02
1800 94.34
1825 94.58
1850 94.92
1875 95.21
1900 95.47
1925 95.89
1950 96.24
1975 96.56
2000 96.90
2030 97.25
2060 97.66
2090 98.08
2120 98.37
2140 98.68
2180 99.17
2200 99.37
2240 99.96
2270 100.43
2300 100.67
2330 100.96
2360 101.27
2400 101.71
2430 101.92
2470 102.32
2500 102.59
2540 103.00
2580 103.39
2620 103.72
2650 103.95
2690 104.18
2720 104.26
2760 104.38
2800 104.36
2850 104.25
2900 104.04
2950 103.82
3000 103.61
3040 103.46
3070 103.37
3110 103.22
3150 103.07
3200 102.88
3250 102.63
3300 102.36
3350 102.03
3400 101.63
3450 101.16
3500 100.64
3550 100.06
3600 99.47
3650 98.87
3700 98.28
3750 97.73
3820 97.09
3870 96.52
3950 95.61
4000 95.13
4060 94.61
4120 94.30
4180 94.16
4250 94.25
4310 94.55
4370 94.93
4440 95.29
4500 95.43
4550 95.52
4620 95.70
4680 95.89
4750 96.14
4820 96.40
4870 96.58
4940 96.93
5000 97.28
5080 97.67
5150 97.89
5220 97.94
5300 97.60
5380 96.63
5450 95.00
5520 92.20
5600 86.31
5700 85.46
5800 91.03
5900 93.16
6000 94.03
6080 94.30
6150 94.54
6220 94.76
6300 94.91
6400 95.14
6500 95.56
6600 96.05
6700 96.41
6800 96.45
6900 96.23
7000 95.76
7100 95.14
7200 94.57
7300 94.20
7400 94.05
7500 94.14
7620 94.43
7750 94.91
7880 95.45
8000 95.58
8120 96.21
8250 96.47
8380 96.36
8500 96.02
8620 95.46
8750 94.58
8850 93.89
9000 93.36
9120 92.94
9250 91.35
9380 88.79
9500 86.40
9620 84.66
9750 83.69
9880 83.49
10000 84.10
10150 85.72
10300 88.02
10440 90.05
10600 91.69
10750 92.64
10900 92.88
11060 92.92
11200 93.01
11380 93.20
11500 93.25
11720 92.19
11800 91.36
12060 88.38
12200 87.06
12410 86.41
12500 86.65
12650 87.94
12800 89.39
13150 88.97
13200 88.57
13400 86.85
13600 85.55
13800 85.32
14000 85.57
14300 86.18
14500 86.57
14750 85.69
15000 87.47
15250 90.71
15500 90.65
15750 89.74
16000 88.96
16250 87.96
16500 86.53
16750 85.71
17000 85.25
17250 85.93
17500 86.47
17750 85.40
18000 83.95
18250 82.89
18500 82.62
18750 82.86
19000 84.06
19250 85.88
19500 86.00
19750 84.86
