20.000000	91.639
20.290907	91.600
20.586045	91.602
20.885476	91.614
21.189262	91.630
21.497467	91.643
21.810155	91.653
22.127391	91.653
22.449241	91.650
22.775773	91.644
23.107054	91.642
23.443154	91.649
23.784142	91.663
24.130091	91.684
24.481071	91.707
24.837156	91.724
25.198421	91.727
25.564940	91.720
25.936791	91.708
26.314050	91.698
26.696797	91.695
27.085111	91.694
27.479073	91.687
27.878765	91.672
28.284271	91.655
28.695675	91.648
29.113064	91.652
29.536523	91.666
29.966142	91.672
30.402009	91.662
30.844217	91.643
31.292856	91.626
31.748021	91.614
32.209807	91.605
32.678309	91.597
33.153626	91.596
33.635857	91.599
34.125101	91.593
34.621462	91.572
35.125043	91.547
35.635949	91.536
36.154286	91.541
36.680162	91.550
37.213687	91.550
37.754973	91.541
38.304131	91.530
38.861278	91.516
39.426528	91.510
40.000000	91.516
40.581813	91.514
41.172089	91.482
41.770951	91.443
42.378524	91.427
42.994934	91.429
43.620309	91.431
44.254781	91.420
44.898482	91.396
45.551545	91.377
46.214108	91.386
46.886308	91.397
47.568285	91.375
48.260181	91.364
48.962142	91.421
49.674312	91.462
50.396842	91.426
51.129881	91.378
51.873582	91.354
52.628101	91.327
53.393594	91.310
54.170222	91.319
54.958146	91.327
55.757531	91.305
56.568542	91.287
57.391351	91.290
58.226127	91.298
59.073046	91.275
59.932283	91.246
60.804018	91.231
61.688433	91.213
62.585712	91.219
63.496042	91.214
64.419613	91.194
65.356618	91.183
66.307252	91.186
67.271713	91.187
68.250203	91.181
69.242925	91.184
70.250086	91.198
71.271897	91.187
72.308571	91.181
73.360323	91.216
74.427374	91.230
75.509945	91.246
76.608262	91.270
77.722555	91.283
78.853056	91.331
80.000000	91.356
81.163627	91.375
82.344179	91.377
83.541903	91.418
84.757048	91.441
85.989867	91.469
87.240619	91.448
88.509563	91.467
89.796964	91.495
91.103091	91.516
92.428216	91.511
93.772615	91.483
95.136569	91.495
96.520362	91.501
97.924283	91.501
99.348625	91.476
100.793684	91.495
102.259762	91.513
103.747164	91.517
105.256202	91.520
106.787188	91.535
108.340444	91.549
109.916292	91.545
111.515061	91.516
113.137085	91.522
114.782702	91.547
116.452255	91.564
118.146092	91.591
119.864566	91.569
121.608036	91.520
123.376866	91.518
125.171424	91.539
126.992084	91.548
128.839227	91.567
130.713236	91.559
132.614504	91.554
134.543426	91.557
136.500406	91.555
138.485850	91.601
140.500173	91.610
142.543795	91.604
144.617142	91.550
146.720647	91.557
148.854748	91.589
151.019890	91.610
153.216525	91.604
155.445111	91.591
157.706112	91.624
160.000000	91.619
162.327254	91.660
164.688358	91.654
167.083805	91.645
169.514095	91.653
171.979734	91.653
174.481237	91.652
177.019125	91.674
179.593928	91.646
182.206182	91.652
184.856431	91.701
187.545230	91.722
190.273138	91.675
193.040725	91.681
195.848567	91.683
198.697250	91.682
201.587368	91.703
204.519524	91.711
207.494329	91.697
210.512403	91.705
213.574377	91.736
216.680888	91.711
219.832584	91.702
223.030122	91.595
226.274170	91.660
229.565404	91.636
232.904509	91.575
236.292183	91.568
239.729132	91.513
243.216073	91.488
246.753732	91.447
250.342848	91.390
253.984168	91.355
257.678453	91.308
261.426473	91.315
265.229008	91.246
269.086853	91.244
273.000811	91.167
276.971700	91.129
281.000346	91.102
285.087590	91.060
289.234284	91.036
293.441294	91.056
297.709496	91.099
302.039780	91.161
306.433050	91.230
310.890221	91.296
315.412224	91.315
320.000000	91.253
324.654507	91.332
329.376716	91.362
334.167610	91.313
339.028190	91.315
343.959469	91.377
348.962474	91.436
354.038251	91.443
359.187855	91.454
364.412363	91.472
369.712863	91.456
375.090460	91.420
380.546277	91.484
386.081450	91.519
391.697134	91.510
397.394500	91.520
403.174736	91.565
409.039048	91.594
414.988657	91.618
421.024807	91.634
427.148753	91.627
433.361775	91.641
439.665167	91.665
446.060244	91.669
452.548340	91.703
459.130807	91.674
465.809019	91.655
472.584367	91.595
479.458265	91.549
486.432146	91.525
493.507464	91.614
500.685695	91.632
507.968337	91.722
515.356906	91.839
522.852945	91.899
530.458016	91.915
538.173706	91.899
546.001623	91.716
553.943399	91.583
562.000691	91.596
570.175180	91.668
578.468569	91.824
586.882588	91.885
595.418991	91.877
604.079560	91.859
612.866100	91.841
621.780442	91.947
630.824447	91.976
640.000000	92.108
649.309014	92.109
658.753431	92.171
668.335221	92.159
678.056380	92.137
687.918938	92.040
697.924949	91.965
708.076501	91.912
718.375711	91.818
728.824726	91.779
739.425726	91.673
750.180921	91.587
761.092554	91.562
772.162900	91.500
783.394268	91.338
794.789000	91.164
806.349472	91.002
818.078095	90.850
829.977315	90.692
842.049613	90.532
854.297507	90.517
866.723550	90.700
879.330334	90.815
892.120489	90.722
905.096680	90.514
918.261614	90.267
931.618037	90.118
945.168733	90.291
958.916529	90.754
972.864291	91.006
987.014928	91.117
1001.371391	91.147
1015.936673	91.147
1030.713812	91.021
1045.705890	90.824
1060.916032	90.580
1076.347412	90.384
1092.003245	90.317
1107.886798	90.060
1124.001383	89.815
1140.350359	89.604
1156.937137	89.450
1173.765175	89.273
1190.837983	89.176
1208.159120	89.076
1225.732199	88.754
1243.560885	88.442
1261.648894	88.445
1280.000000	88.535
1298.618029	88.380
1317.506863	88.190
1336.670442	87.968
1356.112761	88.056
1375.837875	88.013
1395.849898	87.608
1416.153002	87.308
1436.751422	87.215
1457.649452	87.404
1478.851452	87.501
1500.361842	87.580
1522.185107	87.673
1544.325799	87.612
1566.788535	87.542
1589.577999	87.439
1612.698944	87.445
1636.156190	87.452
1659.954630	87.377
1684.099226	87.353
1708.595013	87.212
1733.447100	86.971
1758.660669	86.917
1784.240977	86.912
1810.193360	87.111
1836.523229	87.359
1863.236074	87.488
1890.337467	87.663
1917.833058	87.931
1945.728583	87.828
1974.029857	87.944
2002.742782	87.740
2031.873347	87.825
2061.427625	87.801
2091.411780	87.795
2121.832065	88.325
2152.694823	88.449
2184.006490	88.658
2215.773596	88.702
2248.002765	88.858
2280.700718	89.234
2313.874274	89.688
2347.530351	90.170
2381.675966	90.455
2416.318240	90.556
2451.464399	91.015
2487.121769	91.553
2523.297789	91.842
2560.000000	92.079
2597.236057	92.383
2635.013726	92.968
2673.340883	93.255
2712.225522	93.039
2751.675750	93.258
2791.699796	93.511
2832.306004	93.746
2873.502844	94.305
2915.298905	94.838
2957.702904	94.880
3000.723683	94.858
3044.370214	94.934
3088.651599	95.123
3133.577071	95.408
3179.155999	95.516
3225.397888	95.633
3272.312380	95.715
3319.909260	95.660
3368.198452	95.544
3417.190027	95.318
3466.894200	95.158
3517.321337	94.887
3568.481954	94.743
3620.386720	94.840
3673.046457	94.738
3726.472148	94.494
3780.674934	94.512
3835.666117	94.558
3891.457165	94.450
3948.059713	94.342
4005.485564	94.354
4063.746693	94.539
4122.855250	94.814
4182.823560	94.638
4243.664130	94.706
4305.389646	94.799
4368.012981	94.996
4431.547192	95.068
4496.005531	95.232
4561.401437	95.290
4627.748549	95.347
4695.060701	95.240
4763.351932	95.090
4832.636481	95.263
4902.928797	95.330
4974.243539	95.071
5046.595577	94.949
5120.000000	94.671
5194.472115	93.995
5270.027452	93.606
5346.681766	93.526
5424.451043	93.364
5503.351500	93.218
5583.399591	93.347
5664.612008	93.643
5747.005687	94.138
5830.597810	94.724
5915.405808	95.206
6001.447367	95.532
6088.740429	96.205
6177.303198	96.170
6267.154142	95.925
6358.311998	95.650
6450.795775	95.245
6544.624761	94.982
6639.818520	94.809
6736.396904	94.342
6834.380053	93.807
6933.788400	93.398
7034.642675	93.042
7136.963909	92.715
7240.773439	92.271
7346.092914	92.176
7452.944296	91.877
7561.349867	91.683
7671.332234	91.634
7782.914330	91.477
7896.119426	91.289
8010.971128	90.757
8127.493386	90.752
8245.710500	90.361
8365.647121	90.456
8487.328260	90.597
8610.779292	91.005
8736.025961	91.291
8863.094385	90.971
8992.011061	89.719
9122.802874	88.078
9255.497097	86.258
9390.121402	84.587
9526.703863	83.024
9665.272962	82.215
9805.857594	80.974
9948.487077	79.832
10093.191154	79.835
10240.000000	80.787
10388.944230	83.554
10540.054903	87.451
10693.363532	91.188
10848.902086	94.343
11006.703001	96.065
11166.799182	96.362
11329.224017	95.675
11494.011375	94.547
11661.195620	93.683
11830.811616	93.283
12002.894734	93.258
12177.480858	93.482
12354.606395	94.299
12534.308283	95.118
12716.623996	96.036
12901.591551	95.868
13089.249521	94.810
13279.637040	93.389
13472.793808	92.550
13668.760107	91.802
13867.576801	91.041
14069.285350	90.453
14273.927818	90.218
14481.546879	89.804
14692.185828	87.287
14905.888592	82.474
15122.699734	78.216
15342.664467	76.607
15565.828661	77.267
15792.238852	77.747
16021.942256	77.001
16254.986772	75.523
16491.420999	74.900
16731.294241	74.601
16974.656520	74.321
17221.558584	74.086
17472.051922	73.007
17726.188769	68.937
17984.022122	68.435
18245.605748	69.781
18510.994194	70.259
18780.242805	72.337
19053.407727	74.543
19330.545924	77.413
19611.715189	78.343
19896.974155	77.861
20186.382308	77.861
