20.000000	98.425
20.290907	98.454
20.586045	98.516
20.885476	98.568
21.189262	98.618
21.497467	98.665
21.810155	98.715
22.127391	98.769
22.449241	98.823
22.775773	98.874
23.107054	98.919
23.443154	98.961
23.784142	99.005
24.130091	99.054
24.481071	99.113
24.837156	99.172
25.198421	99.220
25.564940	99.253
25.936791	99.270
26.314050	99.278
26.696797	99.291
27.085111	99.311
27.479073	99.339
27.878765	99.367
28.284271	99.390
28.695675	99.410
29.113064	99.428
29.536523	99.449
29.966142	99.468
30.402009	99.481
30.844217	99.478
31.292856	99.465
31.748021	99.449
32.209807	99.442
32.678309	99.448
33.153626	99.460
33.635857	99.460
34.125101	99.439
34.621462	99.411
35.125043	99.394
35.635949	99.387
36.154286	99.378
36.680162	99.364
37.213687	99.348
37.754973	99.325
38.304131	99.292
38.861278	99.246
39.426528	99.214
40.000000	99.198
40.581813	99.170
41.172089	99.124
41.770951	99.086
42.378524	99.049
42.994934	98.991
43.620309	98.927
44.254781	98.892
44.898482	98.871
45.551545	98.837
46.214108	98.786
46.886308	98.705
47.568285	98.574
48.260181	98.441
48.962142	98.391
49.674312	98.363
50.396842	98.286
51.129881	98.191
51.873582	98.111
52.628101	98.028
53.393594	97.939
54.170222	97.861
54.958146	97.796
55.757531	97.720
56.568542	97.629
57.391351	97.537
58.226127	97.462
59.073046	97.423
59.932283	97.370
60.804018	97.284
61.688433	97.261
62.585712	97.262
63.496042	97.229
64.419613	97.202
65.356618	97.198
66.307252	97.199
67.271713	97.203
68.250203	97.216
69.242925	97.249
70.250086	97.287
71.271897	97.318
72.308571	97.344
73.360323	97.403
74.427374	97.465
75.509945	97.516
76.608262	97.566
77.722555	97.622
78.853056	97.704
80.000000	97.775
81.163627	97.843
82.344179	97.887
83.541903	97.968
84.757048	98.038
85.989867	98.082
87.240619	98.058
88.509563	97.987
89.796964	97.855
91.103091	97.713
92.428216	97.619
93.772615	97.601
95.136569	97.649
96.520362	97.726
97.924283	97.815
99.348625	97.874
100.793684	97.955
102.259762	98.035
103.747164	98.099
105.256202	98.172
106.787188	98.228
108.340444	98.270
109.916292	98.328
111.515061	98.347
113.137085	98.389
114.782702	98.441
116.452255	98.476
118.146092	98.475
119.864566	98.463
121.608036	98.462
123.376866	98.448
125.171424	98.447
126.992084	98.435
128.839227	98.435
130.713236	98.412
132.614504	98.404
134.543426	98.417
136.500406	98.421
138.485850	98.452
140.500173	98.481
142.543795	98.513
144.617142	98.520
146.720647	98.553
148.854748	98.605
151.019890	98.645
153.216525	98.663
155.445111	98.686
157.706112	98.731
160.000000	98.748
162.327254	98.781
164.688358	98.782
167.083805	98.757
169.514095	98.756
171.979734	98.715
174.481237	98.648
177.019125	98.651
179.593928	98.587
182.206182	98.545
184.856431	98.475
187.545230	98.396
190.273138	98.273
193.040725	98.140
195.848567	98.026
198.697250	97.891
201.587368	97.758
204.519524	97.622
207.494329	97.486
210.512403	97.348
213.574377	97.216
216.680888	97.074
219.832584	96.919
223.030122	96.716
226.274170	96.562
229.565404	96.368
232.904509	96.127
236.292183	95.956
239.729132	95.737
243.216073	95.523
246.753732	95.317
250.342848	95.054
253.984168	94.810
257.678453	94.587
261.426473	94.340
265.229008	94.055
269.086853	93.818
273.000811	93.531
276.971700	93.255
281.000346	92.987
285.087590	92.708
289.234284	92.383
293.441294	92.081
297.709496	91.754
302.039780	91.452
306.433050	91.116
310.890221	90.793
315.412224	90.430
320.000000	89.910
324.654507	89.611
329.376716	89.182
334.167610	88.837
339.028190	88.672
343.959469	88.535
348.962474	88.345
354.038251	88.153
359.187855	87.940
364.412363	87.714
369.712863	87.444
375.090460	87.230
380.546277	87.097
386.081450	86.938
391.697134	86.796
397.394500	86.685
403.174736	86.630
409.039048	86.605
414.988657	86.616
421.024807	86.639
427.148753	86.680
433.361775	86.792
439.665167	86.910
446.060244	87.042
452.548340	87.242
459.130807	87.377
465.809019	87.550
472.584367	87.727
479.458265	87.870
486.432146	88.013
493.507464	88.141
500.685695	88.272
507.968337	88.376
515.356906	88.455
522.852945	88.521
530.458016	88.568
538.173706	88.608
546.001623	88.521
553.943399	88.468
562.000691	88.375
570.175180	88.269
578.468569	88.140
586.882588	87.974
595.418991	87.805
604.079560	87.600
612.866100	87.343
621.780442	87.193
630.824447	86.969
640.000000	86.710
649.309014	86.432
658.753431	86.224
668.335221	86.020
678.056380	85.752
687.918938	85.504
697.924949	85.291
708.076501	85.096
718.375711	84.878
728.824726	84.728
739.425726	84.593
750.180921	84.614
761.092554	84.925
772.162900	85.243
783.394268	85.503
794.789000	85.621
806.349472	85.584
818.078095	85.473
829.977315	85.356
842.049613	85.253
854.297507	85.161
866.723550	85.093
879.330334	85.023
892.120489	84.949
905.096680	84.929
918.261614	84.946
931.618037	84.916
945.168733	84.932
958.916529	84.973
972.864291	85.025
987.014928	85.107
1001.371391	85.216
1015.936673	85.324
1030.713812	85.388
1045.705890	85.546
1060.916032	85.728
1076.347412	85.893
1092.003245	86.090
1107.886798	86.249
1124.001383	86.440
1140.350359	86.616
1156.937137	86.811
1173.765175	87.001
1190.837983	87.180
1208.159120	87.347
1225.732199	87.533
1243.560885	87.698
1261.648894	87.918
1280.000000	88.096
1298.618029	88.290
1317.506863	88.484
1336.670442	88.694
1356.112761	88.898
1375.837875	89.109
1395.849898	89.334
1416.153002	89.593
1436.751422	89.847
1457.649452	90.086
1478.851452	90.354
1500.361842	90.635
1522.185107	90.935
1544.325799	91.180
1566.788535	91.487
1589.577999	91.740
1612.698944	91.972
1636.156190	92.250
1659.954630	92.554
1684.099226	92.859
1708.595013	93.160
1733.447100	93.461
1758.660669	93.822
1784.240977	94.301
1810.193360	94.939
1836.523229	95.755
1863.236074	96.698
1890.337467	97.782
1917.833058	98.966
1945.728583	99.969
1974.029857	100.830
2002.742782	101.344
2031.873347	101.797
2061.427625	102.123
2091.411780	102.333
2121.832065	102.575
2152.694823	102.725
2184.006490	102.783
2215.773596	102.819
2248.002765	102.804
2280.700718	102.706
2313.874274	102.475
2347.530351	102.293
2381.675966	102.029
2416.318240	101.798
2451.464399	101.756
2487.121769	101.784
2523.297789	101.846
2560.000000	101.960
2597.236057	102.187
2635.013726	102.548
2673.340883	102.900
2712.225522	103.164
2751.675750	103.365
2791.699796	103.723
2832.306004	104.083
2873.502844	104.499
2915.298905	104.865
2957.702904	105.023
3000.723683	105.048
3044.370214	104.935
3088.651599	104.711
3133.577071	104.477
3179.155999	104.191
3225.397888	103.896
3272.312380	103.506
3319.909260	103.025
3368.198452	102.494
3417.190027	101.838
3466.894200	101.095
3517.321337	100.286
3568.481954	99.415
3620.386720	98.555
3673.046457	97.740
3726.472148	96.904
3780.674934	96.086
3835.666117	95.283
3891.457165	94.502
3948.059713	93.778
4005.485564	93.155
4063.746693	92.683
4122.855250	92.256
4182.823560	91.916
4243.664130	91.673
4305.389646	91.539
4368.012981	91.603
4431.547192	91.875
4496.005531	92.373
4561.401437	93.054
4627.748549	93.918
4695.060701	94.815
4763.351932	95.651
4832.636481	96.298
4902.928797	96.695
4974.243539	96.912
5046.595577	97.028
5120.000000	97.120
5194.472115	97.170
5270.027452	97.150
5346.681766	97.074
5424.451043	96.947
5503.351500	96.866
5583.399591	96.857
5664.612008	96.924
5747.005687	97.057
5830.597810	97.241
5915.405808	97.461
6001.447367	97.732
6088.740429	98.031
6177.303198	98.384
6267.154142	98.647
6358.311998	98.671
6450.795775	98.375
6544.624761	97.920
6639.818520	97.573
6736.396904	97.397
6834.380053	97.266
6933.788400	97.070
7034.642675	96.777
7136.963909	96.375
7240.773439	95.930
7346.092914	95.500
7452.944296	95.093
7561.349867	94.722
7671.332234	94.473
7782.914330	94.318
7896.119426	94.197
8010.971128	94.183
8127.493386	94.375
8245.710500	94.807
8365.647121	95.587
8487.328260	96.853
8610.779292	98.852
8736.025961	101.799
8863.094385	103.183
8992.011061	101.604
9122.802874	98.864
9255.497097	95.253
9390.121402	90.979
9526.703863	86.049
9665.272962	82.226
9805.857594	81.500
9948.487077	82.691
10093.191154	85.257
10240.000000	88.647
10388.944230	92.009
10540.054903	93.027
10693.363532	91.242
10848.902086	89.037
11006.703001	88.598
11166.799182	89.688
11329.224017	91.769
11494.011375	94.170
11661.195620	96.406
11830.811616	97.800
12002.894734	98.458
12177.480858	99.526
12354.606395	101.439
12534.308283	104.027
12716.623996	106.052
12901.591551	105.760
13089.249521	104.450
13279.637040	102.215
13472.793808	99.764
13668.760107	97.467
13867.576801	94.569
14069.285350	90.652
14273.927818	86.288
14481.546879	81.601
14692.185828	75.815
14905.888592	75.621
15122.699734	77.350
15342.664467	77.811
15565.828661	77.671
15792.238852	80.039
16021.942256	83.508
16254.986772	86.133
16491.420999	85.937
16731.294241	82.707
16974.656520	79.973
17221.558584	76.301
17472.051922	72.908
17726.188769	68.158
17984.022122	62.813
18245.605748	64.014
18510.994194	66.788
18780.242805	68.008
19053.407727	68.411
19330.545924	71.681
19611.715189	74.252
19896.974155	75.237
20186.382308	75.237
