20.000000	87.095
20.290907	87.250
20.586045	87.456
20.885476	87.675
21.189262	87.894
21.497467	88.100
21.810155	88.298
22.127391	88.480
22.449241	88.652
22.775773	88.809
23.107054	88.958
23.443154	89.098
23.784142	89.228
24.130091	89.351
24.481071	89.467
24.837156	89.580
25.198421	89.693
25.564940	89.818
25.936791	89.966
26.314050	90.136
26.696797	90.312
27.085111	90.470
27.479073	90.582
27.878765	90.663
28.284271	90.747
28.695675	90.859
29.113064	91.004
29.536523	91.161
29.966142	91.288
30.402009	91.376
30.844217	91.456
31.292856	91.553
31.748021	91.654
32.209807	91.736
32.678309	91.792
33.153626	91.849
33.635857	91.941
34.125101	92.058
34.621462	92.149
35.125043	92.179
35.635949	92.183
36.154286	92.226
36.680162	92.321
37.213687	92.418
37.754973	92.469
38.304131	92.494
38.861278	92.529
39.426528	92.601
40.000000	92.691
40.581813	92.761
41.172089	92.791
41.770951	92.802
42.378524	92.836
42.994934	92.902
43.620309	92.967
44.254781	92.989
44.898482	93.008
45.551545	93.062
46.214108	93.112
46.886308	93.104
47.568285	93.126
48.260181	93.200
48.962142	93.159
49.674312	93.063
50.396842	93.111
51.129881	93.243
51.873582	93.277
52.628101	93.219
53.393594	93.200
54.170222	93.206
54.958146	93.196
55.757531	93.225
56.568542	93.261
57.391351	93.273
58.226127	93.280
59.073046	93.326
59.932283	93.316
60.804018	93.249
61.688433	93.220
62.585712	93.203
63.496042	93.161
64.419613	93.107
65.356618	93.076
66.307252	93.064
67.271713	93.031
68.250203	93.028
69.242925	93.050
70.250086	93.039
71.271897	93.033
72.308571	93.012
73.360323	93.022
74.427374	93.040
75.509945	93.022
76.608262	93.011
77.722555	93.013
78.853056	92.999
80.000000	92.989
81.163627	92.947
82.344179	92.944
83.541903	92.971
84.757048	92.988
85.989867	93.023
87.240619	93.023
88.509563	93.038
89.796964	93.079
91.103091	93.065
92.428216	93.073
93.772615	93.030
95.136569	93.035
96.520362	93.087
97.924283	93.087
99.348625	93.069
100.793684	93.064
102.259762	93.060
103.747164	93.065
105.256202	93.077
106.787188	93.075
108.340444	93.058
109.916292	93.061
111.515061	93.039
113.137085	93.023
114.782702	93.024
116.452255	92.997
118.146092	92.952
119.864566	92.883
121.608036	92.851
123.376866	92.791
125.171424	92.774
126.992084	92.737
128.839227	92.730
130.713236	92.705
132.614504	92.709
134.543426	92.717
136.500406	92.720
138.485850	92.729
140.500173	92.725
142.543795	92.732
144.617142	92.694
146.720647	92.687
148.854748	92.698
151.019890	92.721
153.216525	92.741
155.445111	92.740
157.706112	92.768
160.000000	92.776
162.327254	92.773
164.688358	92.802
167.083805	92.779
169.514095	92.789
171.979734	92.777
174.481237	92.755
177.019125	92.790
179.593928	92.762
182.206182	92.781
184.856431	92.803
187.545230	92.840
190.273138	92.794
193.040725	92.793
195.848567	92.786
198.697250	92.809
201.587368	92.812
204.519524	92.796
207.494329	92.767
210.512403	92.749
213.574377	92.726
216.680888	92.746
219.832584	92.750
223.030122	92.702
226.274170	92.725
229.565404	92.685
232.904509	92.671
236.292183	92.664
239.729132	92.631
243.216073	92.582
246.753732	92.574
250.342848	92.490
253.984168	92.436
257.678453	92.371
261.426473	92.324
265.229008	92.252
269.086853	92.185
273.000811	92.177
276.971700	92.166
281.000346	92.114
285.087590	92.092
289.234284	92.056
293.441294	92.042
297.709496	92.034
302.039780	92.003
306.433050	91.972
310.890221	91.913
315.412224	91.836
320.000000	91.727
324.654507	91.647
329.376716	91.656
334.167610	91.594
339.028190	91.538
343.959469	91.560
348.962474	91.558
354.038251	91.493
359.187855	91.489
364.412363	91.456
369.712863	91.355
375.090460	91.224
380.546277	91.233
386.081450	91.145
391.697134	91.036
397.394500	90.970
403.174736	90.929
409.039048	90.875
414.988657	90.812
421.024807	90.751
427.148753	90.703
433.361775	90.643
439.665167	90.582
446.060244	90.524
452.548340	90.466
459.130807	90.360
465.809019	90.298
472.584367	90.268
479.458265	90.278
486.432146	90.234
493.507464	90.264
500.685695	90.174
507.968337	90.105
515.356906	90.039
522.852945	89.906
530.458016	89.785
538.173706	89.772
546.001623	89.636
553.943399	89.561
562.000691	89.507
570.175180	89.456
578.468569	89.462
586.882588	89.494
595.418991	89.513
604.079560	89.583
612.866100	89.647
621.780442	89.755
630.824447	89.817
640.000000	89.791
649.309014	89.838
658.753431	89.878
668.335221	89.884
678.056380	89.835
687.918938	89.782
697.924949	89.769
708.076501	89.757
718.375711	89.745
728.824726	89.810
739.425726	89.864
750.180921	89.876
761.092554	90.040
772.162900	90.110
783.394268	90.136
794.789000	90.201
806.349472	90.240
818.078095	90.270
829.977315	90.315
842.049613	90.325
854.297507	90.334
866.723550	90.316
879.330334	90.277
892.120489	90.234
905.096680	90.223
918.261614	90.201
931.618037	90.073
945.168733	90.014
958.916529	90.030
972.864291	90.036
987.014928	90.040
1001.371391	90.076
1015.936673	89.994
1030.713812	89.997
1045.705890	89.925
1060.916032	89.956
1076.347412	89.993
1092.003245	90.004
1107.886798	90.038
1124.001383	90.045
1140.350359	90.076
1156.937137	90.104
1173.765175	90.094
1190.837983	90.202
1208.159120	90.403
1225.732199	90.660
1243.560885	90.879
1261.648894	91.074
1280.000000	91.142
1298.618029	91.272
1317.506863	91.442
1336.670442	91.526
1356.112761	91.478
1375.837875	91.541
1395.849898	91.532
1416.153002	91.545
1436.751422	91.561
1457.649452	91.543
1478.851452	91.462
1500.361842	91.196
1522.185107	91.021
1544.325799	90.905
1566.788535	90.817
1589.577999	90.817
1612.698944	90.853
1636.156190	90.923
1659.954630	91.128
1684.099226	91.444
1708.595013	91.696
1733.447100	91.895
1758.660669	92.140
1784.240977	92.253
1810.193360	92.201
1836.523229	92.123
1863.236074	92.040
1890.337467	92.471
1917.833058	93.598
1945.728583	94.817
1974.029857	95.614
2002.742782	96.132
2031.873347	96.270
2061.427625	96.210
2091.411780	96.387
2121.832065	96.072
2152.694823	96.279
2184.006490	96.307
2215.773596	96.515
2248.002765	96.600
2280.700718	96.539
2313.874274	96.674
2347.530351	97.119
2381.675966	97.182
2416.318240	97.240
2451.464399	97.214
2487.121769	97.308
2523.297789	97.599
2560.000000	97.729
2597.236057	97.775
2635.013726	97.973
2673.340883	98.142
2712.225522	98.262
2751.675750	98.513
2791.699796	98.592
2832.306004	98.752
2873.502844	99.249
2915.298905	99.880
2957.702904	100.278
3000.723683	100.382
3044.370214	100.770
3088.651599	100.798
3133.577071	100.886
3179.155999	100.956
3225.397888	101.043
3272.312380	101.157
3319.909260	101.219
3368.198452	101.172
3417.190027	101.041
3466.894200	100.954
3517.321337	100.697
3568.481954	100.477
3620.386720	100.304
3673.046457	100.085
3726.472148	99.874
3780.674934	99.754
3835.666117	99.674
3891.457165	99.548
3948.059713	99.414
4005.485564	99.399
4063.746693	99.272
4122.855250	99.214
4182.823560	98.951
4243.664130	98.709
4305.389646	98.397
4368.012981	97.963
4431.547192	97.454
4496.005531	96.974
4561.401437	96.301
4627.748549	95.561
4695.060701	94.839
4763.351932	93.943
4832.636481	93.181
4902.928797	92.677
4974.243539	92.383
5046.595577	92.357
5120.000000	92.447
5194.472115	92.575
5270.027452	92.662
5346.681766	92.721
5424.451043	92.692
5503.351500	92.589
5583.399591	92.392
5664.612008	92.011
5747.005687	91.511
5830.597810	90.968
5915.405808	90.435
6001.447367	89.828
6088.740429	89.293
6177.303198	88.864
6267.154142	88.571
6358.311998	88.496
6450.795775	88.624
6544.624761	88.866
6639.818520	89.126
6736.396904	89.342
6834.380053	89.607
6933.788400	89.979
7034.642675	90.313
7136.963909	90.773
7240.773439	91.378
7346.092914	92.118
7452.944296	92.944
7561.349867	93.757
7671.332234	94.623
7782.914330	95.420
7896.119426	95.892
8010.971128	95.663
8127.493386	94.791
8245.710500	93.646
8365.647121	92.472
8487.328260	91.441
8610.779292	90.698
8736.025961	90.652
8863.094385	90.659
8992.011061	90.625
9122.802874	91.175
9255.497097	91.724
9390.121402	92.937
9526.703863	93.994
9665.272962	95.349
9805.857594	96.600
9948.487077	97.550
10093.191154	97.922
10240.000000	97.547
10388.944230	96.520
10540.054903	95.232
10693.363532	93.969
10848.902086	92.727
11006.703001	91.475
11166.799182	90.627
11329.224017	90.020
11494.011375	89.663
11661.195620	89.221
11830.811616	88.483
12002.894734	87.023
12177.480858	85.285
12354.606395	84.624
12534.308283	84.812
12716.623996	86.596
12901.591551	87.764
13089.249521	87.963
13279.637040	86.671
13472.793808	84.979
13668.760107	84.582
13867.576801	85.199
14069.285350	86.158
14273.927818	87.207
14481.546879	88.044
14692.185828	88.681
14905.888592	88.682
15122.699734	88.569
15342.664467	88.784
15565.828661	89.254
15792.238852	89.352
16021.942256	88.543
16254.986772	87.480
16491.420999	87.164
16731.294241	87.229
16974.656520	86.925
17221.558584	84.739
17472.051922	80.888
17726.188769	78.390
17984.022122	77.663
18245.605748	77.275
18510.994194	77.323
18780.242805	77.174
19053.407727	76.729
19330.545924	77.021
19611.715189	77.759
19896.974155	78.117
20186.382308	78.117
