20.000000	85.911
20.290907	86.035
20.586045	86.175
20.885476	86.310
21.189262	86.416
21.497467	86.482
21.810155	86.530
22.127391	86.584
22.449241	86.660
22.775773	86.780
23.107054	86.924
23.443154	87.065
23.784142	87.168
24.130091	87.240
24.481071	87.287
24.837156	87.336
25.198421	87.412
25.564940	87.510
25.936791	87.617
26.314050	87.714
26.696797	87.789
27.085111	87.850
27.479073	87.901
27.878765	87.950
28.284271	88.002
28.695675	88.062
29.113064	88.131
29.536523	88.208
29.966142	88.285
30.402009	88.356
30.844217	88.434
31.292856	88.528
31.748021	88.635
32.209807	88.735
32.678309	88.807
33.153626	88.849
33.635857	88.879
34.125101	88.920
34.621462	88.982
35.125043	89.052
35.635949	89.113
36.154286	89.159
36.680162	89.192
37.213687	89.218
37.754973	89.251
38.304131	89.293
38.861278	89.343
39.426528	89.398
40.000000	89.452
40.581813	89.487
41.172089	89.511
41.770951	89.544
42.378524	89.595
42.994934	89.643
43.620309	89.678
44.254781	89.704
44.898482	89.722
45.551545	89.718
46.214108	89.696
46.886308	89.707
47.568285	89.753
48.260181	89.777
48.962142	89.738
49.674312	89.697
50.396842	89.695
51.129881	89.697
51.873582	89.683
52.628101	89.670
53.393594	89.656
54.170222	89.639
54.958146	89.623
55.757531	89.598
56.568542	89.573
57.391351	89.542
58.226127	89.512
59.073046	89.501
59.932283	89.492
60.804018	89.453
61.688433	89.462
62.585712	89.457
63.496042	89.443
64.419613	89.438
65.356618	89.420
66.307252	89.410
67.271713	89.415
68.250203	89.392
69.242925	89.402
70.250086	89.388
71.271897	89.369
72.308571	89.366
73.360323	89.350
74.427374	89.338
75.509945	89.322
76.608262	89.318
77.722555	89.314
78.853056	89.306
80.000000	89.328
81.163627	89.281
82.344179	89.337
83.541903	89.342
84.757048	89.246
85.989867	89.197
87.240619	89.172
88.509563	89.144
89.796964	89.119
91.103091	89.090
92.428216	89.075
93.772615	89.029
95.136569	89.014
96.520362	88.975
97.924283	88.954
99.348625	88.946
100.793684	88.934
102.259762	88.924
103.747164	88.900
105.256202	88.875
106.787188	88.852
108.340444	88.821
109.916292	88.795
111.515061	88.786
113.137085	88.774
114.782702	88.755
116.452255	88.715
118.146092	88.674
119.864566	88.649
121.608036	88.610
123.376866	88.601
125.171424	88.564
126.992084	88.526
128.839227	88.475
130.713236	88.438
132.614504	88.403
134.543426	88.355
136.500406	88.322
138.485850	88.309
140.500173	88.269
142.543795	88.245
144.617142	88.178
146.720647	88.128
148.854748	88.100
151.019890	88.084
153.216525	88.065
155.445111	88.029
157.706112	87.973
160.000000	87.956
162.327254	87.944
164.688358	87.942
167.083805	87.914
169.514095	87.872
171.979734	87.838
174.481237	87.810
177.019125	87.810
179.593928	87.754
182.206182	87.703
184.856431	87.686
187.545230	87.651
190.273138	87.625
193.040725	87.591
195.848567	87.537
198.697250	87.497
201.587368	87.479
204.519524	87.462
207.494329	87.430
210.512403	87.382
213.574377	87.366
216.680888	87.361
219.832584	87.350
223.030122	87.329
226.274170	87.337
229.565404	87.353
232.904509	87.317
236.292183	87.338
239.729132	87.338
243.216073	87.345
246.753732	87.363
250.342848	87.351
253.984168	87.351
257.678453	87.365
261.426473	87.369
265.229008	87.369
269.086853	87.344
273.000811	87.345
276.971700	87.322
281.000346	87.339
285.087590	87.344
289.234284	87.346
293.441294	87.354
297.709496	87.339
302.039780	87.337
306.433050	87.360
310.890221	87.289
315.412224	87.303
320.000000	87.267
324.654507	87.254
329.376716	87.280
334.167610	87.269
339.028190	87.278
343.959469	87.288
348.962474	87.283
354.038251	87.317
359.187855	87.240
364.412363	87.245
369.712863	87.195
375.090460	87.215
380.546277	87.210
386.081450	87.255
391.697134	87.287
397.394500	87.318
403.174736	87.364
409.039048	87.383
414.988657	87.392
421.024807	87.412
427.148753	87.421
433.361775	87.430
439.665167	87.433
446.060244	87.416
452.548340	87.401
459.130807	87.397
465.809019	87.368
472.584367	87.353
479.458265	87.373
486.432146	87.354
493.507464	87.355
500.685695	87.332
507.968337	87.311
515.356906	87.280
522.852945	87.259
530.458016	87.256
538.173706	87.246
546.001623	87.258
553.943399	87.273
562.000691	87.252
570.175180	87.262
578.468569	87.263
586.882588	87.277
595.418991	87.308
604.079560	87.319
612.866100	87.314
621.780442	87.332
630.824447	87.335
640.000000	87.405
649.309014	87.405
658.753431	87.419
668.335221	87.471
678.056380	87.479
687.918938	87.535
697.924949	87.594
708.076501	87.659
718.375711	87.814
728.824726	87.892
739.425726	87.997
750.180921	88.151
761.092554	88.261
772.162900	88.365
783.394268	88.446
794.789000	88.539
806.349472	88.606
818.078095	88.640
829.977315	88.707
842.049613	88.826
854.297507	88.937
866.723550	88.986
879.330334	89.063
892.120489	89.153
905.096680	89.184
918.261614	89.226
931.618037	89.215
945.168733	89.212
958.916529	89.149
972.864291	89.063
987.014928	89.069
1001.371391	89.033
1015.936673	88.920
1030.713812	88.715
1045.705890	88.677
1060.916032	88.631
1076.347412	88.618
1092.003245	88.498
1107.886798	88.575
1124.001383	88.641
1140.350359	88.655
1156.937137	88.644
1173.765175	88.610
1190.837983	88.478
1208.159120	88.384
1225.732199	88.430
1243.560885	88.379
1261.648894	88.341
1280.000000	88.335
1298.618029	88.135
1317.506863	87.968
1336.670442	87.833
1356.112761	87.676
1375.837875	87.579
1395.849898	87.497
1416.153002	87.410
1436.751422	87.383
1457.649452	87.480
1478.851452	87.563
1500.361842	87.618
1522.185107	87.704
1544.325799	87.711
1566.788535	87.793
1589.577999	87.968
1612.698944	88.120
1636.156190	88.231
1659.954630	88.399
1684.099226	88.605
1708.595013	88.790
1733.447100	89.069
1758.660669	89.373
1784.240977	89.656
1810.193360	89.968
1836.523229	90.256
1863.236074	90.557
1890.337467	90.887
1917.833058	91.271
1945.728583	91.584
1974.029857	91.899
2002.742782	92.254
2031.873347	92.661
2061.427625	93.031
2091.411780	93.448
2121.832065	93.802
2152.694823	94.156
2184.006490	94.536
2215.773596	94.908
2248.002765	95.265
2280.700718	95.546
2313.874274	95.729
2347.530351	95.822
2381.675966	95.848
2416.318240	95.790
2451.464399	95.527
2487.121769	95.164
2523.297789	94.680
2560.000000	94.186
2597.236057	93.837
2635.013726	93.735
2673.340883	93.996
2712.225522	94.538
2751.675750	95.360
2791.699796	96.164
2832.306004	96.942
2873.502844	97.675
2915.298905	98.340
2957.702904	98.926
3000.723683	99.406
3044.370214	99.838
3088.651599	100.049
3133.577071	100.219
3179.155999	100.293
3225.397888	100.252
3272.312380	100.137
3319.909260	99.977
3368.198452	99.780
3417.190027	99.529
3466.894200	99.238
3517.321337	99.009
3568.481954	98.762
3620.386720	98.436
3673.046457	98.060
3726.472148	97.718
3780.674934	97.392
3835.666117	97.048
3891.457165	96.721
3948.059713	96.420
4005.485564	96.175
4063.746693	96.014
4122.855250	95.906
4182.823560	95.833
4243.664130	95.925
4305.389646	96.097
4368.012981	96.411
4431.547192	96.906
4496.005531	97.452
4561.401437	98.065
4627.748549	98.670
4695.060701	99.309
4763.351932	99.914
4832.636481	100.504
4902.928797	101.054
4974.243539	101.567
5046.595577	101.968
5120.000000	102.240
5194.472115	102.279
5270.027452	101.980
5346.681766	101.355
5424.451043	100.417
5503.351500	99.219
5583.399591	97.889
5664.612008	96.501
5747.005687	95.163
5830.597810	93.920
5915.405808	92.783
6001.447367	91.736
6088.740429	90.821
6177.303198	89.996
6267.154142	89.325
6358.311998	88.730
6450.795775	88.213
6544.624761	87.794
6639.818520	87.456
6736.396904	87.188
6834.380053	87.008
6933.788400	86.976
7034.642675	87.065
7136.963909	87.357
7240.773439	87.826
7346.092914	88.437
7452.944296	89.113
7561.349867	89.813
7671.332234	90.421
7782.914330	90.831
7896.119426	91.003
8010.971128	90.838
8127.493386	90.260
8245.710500	89.317
8365.647121	88.363
8487.328260	87.675
8610.779292	87.394
8736.025961	87.336
8863.094385	87.288
8992.011061	86.975
9122.802874	86.290
9255.497097	85.157
9390.121402	83.632
9526.703863	82.299
9665.272962	81.492
9805.857594	81.138
9948.487077	80.724
10093.191154	80.140
10240.000000	79.669
10388.944230	79.954
10540.054903	81.271
10693.363532	83.272
10848.902086	85.056
11006.703001	84.632
11166.799182	81.472
11329.224017	77.022
11494.011375	74.251
11661.195620	76.367
11830.811616	79.244
12002.894734	82.373
12177.480858	85.411
12354.606395	88.100
12534.308283	90.263
12716.623996	91.634
12901.591551	91.971
13089.249521	91.809
13279.637040	90.646
13472.793808	89.128
13668.760107	88.471
13867.576801	88.561
14069.285350	88.750
14273.927818	88.697
14481.546879	88.195
14692.185828	86.727
14905.888592	82.735
15122.699734	76.662
15342.664467	72.873
15565.828661	74.329
15792.238852	77.560
16021.942256	80.162
16254.986772	82.607
16491.420999	83.957
16731.294241	83.522
16974.656520	83.022
17221.558584	83.332
17472.051922	82.071
17726.188769	78.957
17984.022122	75.259
18245.605748	71.758
18510.994194	70.671
18780.242805	73.471
19053.407727	76.253
19330.545924	78.636
19611.715189	80.147
19896.974155	80.529
20186.382308	80.529
