20 77.15
20.299999 77.20
20.6 77.23
20.9 77.24
21.200001 77.23
21.4 77.22
21.799999 77.16
22 77.13
22.4 77.05
22.700001 76.98
23 76.90
23.299999 76.81
23.6 76.72
24 76.60
24.299999 76.53
24.700001 76.47
25 76.45
25.4 76.46
25.799999 76.49
26.200001 76.54
26.5 76.58
26.9 76.66
27.200001 76.71
27.6 76.79
28 76.87
28.5 76.94
29 77.00
29.5 77.03
30 77.04
30.4 77.02
30.700001 77.00
31.1 76.96
31.5 76.91
32 76.85
32.5 76.80
33 76.75
33.5 76.72
34 76.70
34.5 76.70
35 76.71
35.5 76.73
36 76.76
36.5 76.78
37 76.78
37.5 76.78
38.200001 76.75
38.700001 76.73
39.5 76.70
40 76.69
40.599998 76.69
41.200001 76.69
41.799999 76.69
42.5 76.66
43.099998 76.64
43.700001 76.63
44.400002 76.67
45 76.75
45.5 76.85
46.200001 76.98
46.799999 77.00
47.5 76.91
48.200001 76.77
48.700001 76.72
49.400002 76.73
50 76.76
50.799999 76.75
51.5 76.72
52.200001 76.68
53 76.63
53.799999 76.58
54.5 76.55
55.200001 76.51
56 76.48
57 76.45
58 76.45
59 76.47
60 76.49
60.799999 76.50
61.5 76.48
62.200001 76.46
63 76.43
64 76.38
65 76.33
66 76.30
67 76.29
68 76.27
69 76.26
70 76.25
71 76.23
72 76.21
73 76.17
74 76.13
75 76.12
76.199997 76.12
77.5 76.08
78.800003 76.04
80 76.01
81.199997 75.98
82.5 75.94
83.800003 75.90
85 75.86
86.199997 75.82
87.5 75.79
88.5 75.77
90 75.76
91.199997 75.73
92.5 75.70
93.800003 75.67
95 75.65
96.199997 75.63
97.5 75.62
98.800003 75.62
100 75.61
101.5 75.57
103 75.51
104.400002 75.45
106 75.39
107.5 75.35
109 75.31
110.599998 75.27
112 75.23
113.800003 75.19
115 75.16
117.199997 75.11
118 75.09
120.599998 75.03
122 75.00
124.099998 74.94
125 74.92
126.5 74.86
128 74.81
131.5 74.71
132 74.71
134 74.70
136 74.68
138 74.65
140 74.61
143 74.55
145 74.50
147.5 74.44
150 74.39
152.5 74.33
155 74.28
157.5 74.23
160 74.16
162.5 74.10
165 74.06
167.5 74.02
170 73.99
172.5 73.96
175 73.91
177.5 73.85
180 73.79
182.5 73.72
185 73.66
187.5 73.61
190 73.56
192.5 73.52
195 73.48
197.5 73.44
200 73.39
203 73.33
206 73.27
209 73.22
212 73.17
214 73.15
218 73.13
220 73.13
224 73.11
227 73.10
230 73.10
233 73.10
236 73.10
240 73.09
243 73.08
247 73.05
250 73.02
254 72.98
258 72.93
262 72.89
265 72.86
269 72.82
272 72.79
276 72.76
280 72.72
285 72.67
290 72.62
295 72.57
300 72.53
304 72.50
307 72.47
311 72.44
315 72.40
320 72.36
325 72.32
330 72.28
335 72.25
340 72.21
345 72.17
350 72.14
355 72.11
360 72.09
365 72.06
370 72.04
375 72.01
382 71.97
387 71.95
395 71.91
400 71.88
406 71.86
412 71.83
418 71.80
425 71.78
431 71.76
437 71.74
444 71.73
450 71.72
455 71.71
462 71.69
468 71.67
475 71.66
482 71.64
487 71.62
494 71.61
500 71.59
508 71.58
515 71.57
522 71.56
530 71.55
538 71.53
545 71.53
552 71.52
560 71.51
570 71.50
580 71.50
590 71.49
600 71.48
608 71.49
615 71.49
622 71.49
630 71.49
640 71.49
650 71.49
660 71.50
670 71.51
680 71.53
690 71.55
700 71.56
710 71.58
720 71.60
730 71.62
740 71.64
750 71.66
762 71.69
775 71.72
788 71.76
800 71.81
812 71.85
825 71.90
838 71.95
850 72.00
862 72.06
875 72.12
885 72.17
900 72.26
912 72.33
925 72.40
938 72.48
950 72.56
962 72.64
975 72.73
988 72.82
1000 72.91
1015 73.03
1030 73.14
1044 73.25
1060 73.37
1075 73.49
1090 73.61
1106 73.73
1120 73.84
1138 73.97
1150 74.06
1172 74.23
1180 74.28
1206 74.47
1220 74.56
1241 74.70
1250 74.76
1265 74.86
1280 74.95
1315 75.17
1320 75.20
1340 75.31
1360 75.43
1380 75.54
1400 75.64
1430 75.81
1450 75.91
1475 76.03
1500 76.16
1525 76.29
1550 76.42
1575 76.54
1600 76.67
1625 76.79
1650 76.92
1675 77.05
1700 77.18
1725 77.31
1750 77.44
1775 77.57
1800 77.70
1825 77.83
1850 77.96
1875 78.08
1900 78.20
1925 78.32
1950 78.44
1975 78.56
2000 78.67
2030 78.80
2060 78.94
2090 79.07
2120 79.19
2140 79.27
2180 79.43
2200 79.50
2240 79.65
2270 79.76
2300 79.86
2330 79.95
2360 80.04
2400 80.16
2430 80.23
2470 80.33
2500 80.39
2540 80.47
2580 80.53
2620 80.59
2650 80.62
2690 80.66
2720 80.68
2760 80.71
2800 80.73
2850 80.75
2900 80.76
2950 80.76
3000 80.76
3040 80.75
3070 80.73
3110 80.71
3150 80.69
3200 80.64
3250 80.60
3300 80.54
3350 80.47
3400 80.40
3450 80.31
3500 80.22
3550 80.11
3600 80.00
3650 79.88
3700 79.74
3750 79.60
3820 79.39
3870 79.22
3950 78.95
4000 78.77
4060 78.55
4120 78.32
4180 78.08
4250 77.79
4310 77.54
4370 77.28
4440 76.98
4500 76.72
4550 76.51
4620 76.22
4680 75.98
4750 75.70
4820 75.43
4870 75.23
4940 74.97
5000 74.75
5080 74.48
5150 74.26
5220 74.05
5300 73.83
5380 73.61
5450 73.44
5520 73.28
5600 73.11
5700 72.92
5800 72.77
5900 72.65
6000 72.56
6080 72.52
6150 72.49
6220 72.48
6300 72.49
6400 72.53
6500 72.61
6600 72.72
6700 72.86
6800 73.03
6900 73.25
7000 73.50
7100 73.79
7200 74.11
7300 74.46
7400 74.84
7500 75.26
7620 75.79
7750 76.40
7880 77.03
8000 77.59
8120 78.09
8250 78.51
8380 78.74
8500 78.76
8620 78.58
8750 78.18
8850 77.74
9000 76.92
9120 76.17
9250 75.31
9380 74.44
9500 73.67
9620 72.94
9750 72.19
9880 71.50
10000 70.90
10150 70.23
10300 69.64
10440 69.17
10600 68.72
10750 68.38
10900 68.11
11060 67.91
11200 67.81
11380 67.78
11500 67.82
11720 68.02
11800 68.13
12060 68.66
12200 69.04
12410 69.77
12500 70.14
12650 70.82
12800 71.59
13150 73.57
13200 73.85
13400 74.90
13600 75.70
13800 76.12
14000 76.10
14300 75.34
14500 74.53
14750 73.40
15000 72.36
15250 71.51
15500 70.85
15750 70.28
16000 69.65
16250 68.77
16500 67.58
16750 66.27
17000 65.29
17250 64.78
17500 64.47
17750 64.07
18000 63.45
18250 62.60
18500 61.56
18750 60.41
19000 59.21
19250 58.00
19500 56.84
19750 55.83
20000 55.20
