20 77.17
20.299999 77.23
20.6 77.26
20.9 77.28
21.200001 77.27
21.4 77.25
21.799999 77.18
22 77.14
22.4 77.04
22.700001 76.96
23 76.87
23.299999 76.78
23.6 76.69
24 76.59
24.299999 76.54
24.700001 76.51
25 76.51
25.4 76.54
25.799999 76.59
26.200001 76.63
26.5 76.67
26.9 76.71
27.200001 76.75
27.6 76.81
28 76.88
28.5 76.96
29 77.01
29.5 77.04
30 77.03
30.4 77.00
30.700001 76.98
31.1 76.94
31.5 76.89
32 76.82
32.5 76.75
33 76.70
33.5 76.67
34 76.66
34.5 76.67
35 76.69
35.5 76.72
36 76.75
36.5 76.78
37 76.80
37.5 76.83
38.200001 76.86
38.700001 76.87
39.5 76.83
40 76.78
40.599998 76.72
41.200001 76.64
41.799999 76.57
42.5 76.51
43.099998 76.47
43.700001 76.47
44.400002 76.56
45 76.76
45.5 76.96
46.200001 77.07
46.799999 76.91
47.5 76.55
48.200001 76.32
48.700001 76.32
49.400002 76.45
50 76.56
50.799999 76.66
51.5 76.70
52.200001 76.69
53 76.65
53.799999 76.59
54.5 76.53
55.200001 76.48
56 76.41
57 76.38
58 76.39
59 76.44
60 76.48
60.799999 76.50
61.5 76.50
62.200001 76.48
63 76.43
64 76.36
65 76.32
66 76.30
67 76.29
68 76.27
69 76.25
70 76.22
71 76.19
72 76.15
73 76.11
74 76.09
75 76.08
76.199997 76.08
77.5 76.07
78.800003 76.04
80 76.00
81.199997 75.97
82.5 75.92
83.800003 75.88
85 75.84
86.199997 75.80
87.5 75.76
88.5 75.73
90 75.71
91.199997 75.70
92.5 75.69
93.800003 75.67
95 75.64
96.199997 75.62
97.5 75.61
98.800003 75.58
100 75.56
101.5 75.52
103 75.48
104.400002 75.44
106 75.39
107.5 75.36
109 75.33
110.599998 75.31
112 75.28
113.800003 75.25
115 75.22
117.199997 75.17
118 75.15
120.599998 75.09
122 75.07
124.099998 75.02
125 75.01
126.5 74.98
128 74.95
131.5 74.89
132 74.88
134 74.84
136 74.78
138 74.72
140 74.67
143 74.60
145 74.56
147.5 74.51
150 74.47
152.5 74.42
155 74.37
157.5 74.32
160 74.28
162.5 74.24
165 74.20
167.5 74.16
170 74.12
172.5 74.08
175 74.04
177.5 73.99
180 73.94
182.5 73.90
185 73.85
187.5 73.81
190 73.76
192.5 73.71
195 73.66
197.5 73.62
200 73.58
203 73.54
206 73.50
209 73.45
212 73.40
214 73.36
218 73.29
220 73.26
224 73.19
227 73.14
230 73.09
233 73.04
236 72.99
240 72.94
243 72.92
247 72.91
250 72.91
254 72.91
258 72.90
262 72.88
265 72.87
269 72.85
272 72.83
276 72.81
280 72.78
285 72.75
290 72.72
295 72.69
300 72.66
304 72.63
307 72.61
311 72.58
315 72.54
320 72.50
325 72.47
330 72.43
335 72.39
340 72.36
345 72.33
350 72.29
355 72.26
360 72.23
365 72.20
370 72.17
375 72.15
382 72.11
387 72.08
395 72.03
400 72.00
406 71.97
412 71.94
418 71.92
425 71.90
431 71.88
437 71.87
444 71.87
450 71.86
455 71.85
462 71.83
468 71.81
475 71.79
482 71.77
487 71.76
494 71.74
500 71.73
508 71.71
515 71.69
522 71.67
530 71.64
538 71.62
545 71.61
552 71.60
560 71.59
570 71.57
580 71.56
590 71.55
600 71.53
608 71.53
615 71.53
622 71.53
630 71.53
640 71.53
650 71.53
660 71.54
670 71.55
680 71.56
690 71.57
700 71.58
710 71.59
720 71.61
730 71.64
740 71.65
750 71.67
762 71.70
775 71.72
788 71.76
800 71.80
812 71.84
825 71.89
838 71.94
850 71.98
862 72.03
875 72.09
885 72.15
900 72.23
912 72.29
925 72.37
938 72.45
950 72.52
962 72.60
975 72.69
988 72.78
1000 72.86
1015 72.97
1030 73.07
1044 73.18
1060 73.29
1075 73.41
1090 73.51
1106 73.63
1120 73.73
1138 73.86
1150 73.95
1172 74.10
1180 74.16
1206 74.33
1220 74.42
1241 74.56
1250 74.61
1265 74.70
1280 74.79
1315 74.98
1320 75.01
1340 75.11
1360 75.21
1380 75.31
1400 75.41
1430 75.55
1450 75.64
1475 75.75
1500 75.86
1525 75.97
1550 76.08
1575 76.19
1600 76.30
1625 76.41
1650 76.52
1675 76.63
1700 76.75
1725 76.86
1750 76.97
1775 77.09
1800 77.20
1825 77.31
1850 77.42
1875 77.53
1900 77.63
1925 77.73
1950 77.83
1975 77.93
2000 78.03
2030 78.14
2060 78.24
2090 78.35
2120 78.45
2140 78.52
2180 78.64
2200 78.70
2240 78.82
2270 78.91
2300 78.99
2330 79.06
2360 79.13
2400 79.22
2430 79.28
2470 79.36
2500 79.41
2540 79.46
2580 79.51
2620 79.55
2650 79.58
2690 79.60
2720 79.61
2760 79.63
2800 79.63
2850 79.63
2900 79.61
2950 79.59
3000 79.56
3040 79.53
3070 79.50
3110 79.46
3150 79.41
3200 79.35
3250 79.27
3300 79.19
3350 79.10
3400 79.00
3450 78.90
3500 78.79
3550 78.67
3600 78.55
3650 78.41
3700 78.27
3750 78.12
3820 77.90
3870 77.73
3950 77.46
4000 77.27
4060 77.05
4120 76.81
4180 76.57
4250 76.29
4310 76.05
4370 75.81
4440 75.53
4500 75.31
4550 75.12
4620 74.85
4680 74.63
4750 74.38
4820 74.14
4870 73.97
4940 73.75
5000 73.57
5080 73.35
5150 73.17
5220 73.00
5300 72.81
5380 72.65
5450 72.52
5520 72.40
5600 72.27
5700 72.12
5800 71.99
5900 71.88
6000 71.78
6080 71.71
6150 71.65
6220 71.60
6300 71.55
6400 71.49
6500 71.44
6600 71.40
6700 71.37
6800 71.35
6900 71.34
7000 71.35
7100 71.38
7200 71.45
7300 71.57
7400 71.72
7500 71.92
7620 72.22
7750 72.62
7880 73.12
8000 73.66
8120 74.26
8250 74.92
8380 75.54
8500 75.99
8620 76.26
8750 76.29
8850 76.10
9000 75.51
9120 74.80
9250 73.88
9380 72.86
9500 71.92
9620 71.01
9750 70.07
9880 69.19
10000 68.45
10150 67.61
10300 66.88
10440 66.29
10600 65.72
10750 65.27
10900 64.91
11060 64.60
11200 64.40
11380 64.23
11500 64.17
11720 64.19
11800 64.23
12060 64.51
12200 64.76
12410 65.25
12500 65.51
12650 66.02
12800 66.61
13150 68.26
13200 68.51
13400 69.48
13600 70.32
13800 70.87
14000 71.02
14300 70.47
14500 69.67
14750 68.39
15000 67.03
15250 65.76
15500 64.69
15750 63.88
16000 63.30
16250 62.89
16500 62.62
16750 62.48
17000 62.53
17250 62.74
17500 62.99
17750 63.11
18000 62.98
18250 62.54
18500 61.79
18750 60.80
19000 59.65
19250 58.44
19500 57.25
19750 56.21
20000 55.55
