20 77.12
20.299999 77.18
20.6 77.21
20.9 77.22
21.200001 77.21
21.4 77.19
21.799999 77.13
22 77.09
22.4 77.00
22.700001 76.92
23 76.84
23.299999 76.75
23.6 76.66
24 76.55
24.299999 76.48
24.700001 76.42
25 76.41
25.4 76.42
25.799999 76.46
26.200001 76.52
26.5 76.57
26.9 76.64
27.200001 76.69
27.6 76.76
28 76.82
28.5 76.89
29 76.94
29.5 76.96
30 76.95
30.4 76.92
30.700001 76.90
31.1 76.86
31.5 76.82
32 76.77
32.5 76.72
33 76.69
33.5 76.67
34 76.68
34.5 76.70
35 76.73
35.5 76.79
36 76.83
36.5 76.86
37 76.84
37.5 76.80
38.200001 76.76
38.700001 76.76
39.5 76.76
40 76.74
40.599998 76.72
41.200001 76.70
41.799999 76.67
42.5 76.66
43.099998 76.67
43.700001 76.71
44.400002 76.76
45 76.79
45.5 76.82
46.200001 76.85
46.799999 76.87
47.5 76.83
48.200001 76.75
48.700001 76.69
49.400002 76.63
50 76.59
50.799999 76.56
51.5 76.54
52.200001 76.53
53 76.52
53.799999 76.51
54.5 76.50
55.200001 76.48
56 76.46
57 76.44
58 76.45
59 76.46
60 76.46
60.799999 76.46
61.5 76.44
62.200001 76.42
63 76.40
64 76.36
65 76.33
66 76.30
67 76.27
68 76.24
69 76.20
70 76.18
71 76.17
72 76.16
73 76.14
74 76.10
75 76.05
76.199997 76.00
77.5 75.97
78.800003 75.95
80 75.92
81.199997 75.90
82.5 75.88
83.800003 75.87
85 75.85
86.199997 75.83
87.5 75.79
88.5 75.77
90 75.75
91.199997 75.73
92.5 75.71
93.800003 75.68
95 75.64
96.199997 75.62
97.5 75.60
98.800003 75.59
100 75.56
101.5 75.51
103 75.45
104.400002 75.39
106 75.34
107.5 75.30
109 75.27
110.599998 75.25
112 75.23
113.800003 75.20
115 75.17
117.199997 75.13
118 75.12
120.599998 75.06
122 75.02
124.099998 74.97
125 74.94
126.5 74.90
128 74.85
131.5 74.74
132 74.73
134 74.69
136 74.66
138 74.64
140 74.60
143 74.55
145 74.51
147.5 74.45
150 74.38
152.5 74.30
155 74.23
157.5 74.16
160 74.10
162.5 74.06
165 74.03
167.5 74.02
170 74.00
172.5 73.99
175 73.97
177.5 73.94
180 73.91
182.5 73.86
185 73.81
187.5 73.76
190 73.71
192.5 73.66
195 73.62
197.5 73.58
200 73.55
203 73.50
206 73.47
209 73.43
212 73.41
214 73.40
218 73.39
220 73.39
224 73.38
227 73.36
230 73.34
233 73.32
236 73.29
240 73.24
243 73.20
247 73.15
250 73.11
254 73.07
258 73.03
262 72.98
265 72.96
269 72.92
272 72.90
276 72.86
280 72.83
285 72.78
290 72.74
295 72.70
300 72.66
304 72.63
307 72.60
311 72.58
315 72.55
320 72.52
325 72.48
330 72.45
335 72.42
340 72.39
345 72.36
350 72.33
355 72.30
360 72.27
365 72.24
370 72.22
375 72.19
382 72.16
387 72.13
395 72.09
400 72.07
406 72.05
412 72.04
418 72.03
425 72.03
431 72.01
437 72.00
444 71.97
450 71.96
455 71.94
462 71.93
468 71.91
475 71.89
482 71.87
487 71.85
494 71.83
500 71.82
508 71.80
515 71.79
522 71.78
530 71.76
538 71.74
545 71.73
552 71.72
560 71.70
570 71.69
580 71.68
590 71.67
600 71.67
608 71.67
615 71.67
622 71.67
630 71.68
640 71.68
650 71.69
660 71.70
670 71.72
680 71.74
690 71.75
700 71.77
710 71.78
720 71.81
730 71.83
740 71.85
750 71.88
762 71.91
775 71.95
788 71.99
800 72.03
812 72.08
825 72.14
838 72.19
850 72.25
862 72.31
875 72.38
885 72.43
900 72.52
912 72.59
925 72.67
938 72.76
950 72.84
962 72.93
975 73.02
988 73.12
1000 73.21
1015 73.33
1030 73.45
1044 73.57
1060 73.70
1075 73.81
1090 73.93
1106 74.06
1120 74.17
1138 74.32
1150 74.41
1172 74.58
1180 74.64
1206 74.83
1220 74.94
1241 75.09
1250 75.15
1265 75.25
1280 75.35
1315 75.57
1320 75.60
1340 75.72
1360 75.84
1380 75.96
1400 76.07
1430 76.24
1450 76.34
1475 76.48
1500 76.61
1525 76.74
1550 76.87
1575 77.00
1600 77.13
1625 77.27
1650 77.40
1675 77.53
1700 77.66
1725 77.80
1750 77.94
1775 78.07
1800 78.21
1825 78.34
1850 78.48
1875 78.61
1900 78.74
1925 78.86
1950 78.99
1975 79.11
2000 79.23
2030 79.37
2060 79.51
2090 79.64
2120 79.77
2140 79.86
2180 80.02
2200 80.10
2240 80.26
2270 80.37
2300 80.48
2330 80.59
2360 80.69
2400 80.81
2430 80.91
2470 81.02
2500 81.10
2540 81.19
2580 81.28
2620 81.36
2650 81.41
2690 81.48
2720 81.52
2760 81.57
2800 81.61
2850 81.65
2900 81.68
2950 81.70
3000 81.71
3040 81.71
3070 81.71
3110 81.70
3150 81.69
3200 81.66
3250 81.63
3300 81.59
3350 81.54
3400 81.49
3450 81.42
3500 81.35
3550 81.27
3600 81.17
3650 81.08
3700 80.97
3750 80.86
3820 80.68
3870 80.55
3950 80.32
4000 80.17
4060 79.98
4120 79.79
4180 79.59
4250 79.35
4310 79.15
4370 78.94
4440 78.71
4500 78.52
4550 78.36
4620 78.13
4680 77.94
4750 77.73
4820 77.53
4870 77.39
4940 77.21
5000 77.06
5080 76.87
5150 76.72
5220 76.58
5300 76.44
5380 76.31
5450 76.21
5520 76.12
5600 76.03
5700 75.94
5800 75.86
5900 75.79
6000 75.73
6080 75.69
6150 75.65
6220 75.63
6300 75.61
6400 75.59
6500 75.58
6600 75.59
6700 75.61
6800 75.64
6900 75.70
7000 75.78
7100 75.88
7200 76.01
7300 76.17
7400 76.35
7500 76.57
7620 76.86
7750 77.24
7880 77.68
8000 78.14
8120 78.66
8250 79.27
8380 79.88
8500 80.38
8620 80.74
8750 80.90
8850 80.81
9000 80.35
9120 79.72
9250 78.85
9380 77.86
9500 76.93
9620 76.03
9750 75.11
9880 74.25
10000 73.53
10150 72.72
10300 72.01
10440 71.45
10600 70.90
10750 70.48
10900 70.13
11060 69.85
11200 69.67
11380 69.52
11500 69.47
11720 69.50
11800 69.55
12060 69.84
12200 70.09
12410 70.59
12500 70.86
12650 71.36
12800 71.95
13150 73.60
13200 73.85
13400 74.84
13600 75.69
13800 76.26
14000 76.45
14300 75.95
14500 75.18
14750 73.94
15000 72.61
15250 71.36
15500 70.30
15750 69.48
16000 68.89
16250 68.48
16500 68.20
16750 68.07
17000 68.11
17250 68.32
17500 68.58
17750 68.73
18000 68.62
18250 68.21
18500 67.49
18750 66.52
19000 65.39
19250 64.17
19500 62.96
19750 61.89
20000 61.21
