20 84.37
20.299999 84.59
20.6 84.80
20.9 84.98
21.200001 85.13
21.4 85.22
21.799999 85.38
22 85.45
22.4 85.60
22.700001 85.72
23 85.83
23.299999 85.94
23.6 86.04
24 86.16
24.299999 86.23
24.700001 86.30
25 86.35
25.4 86.42
25.799999 86.51
26.200001 86.62
26.5 86.72
26.9 86.86
27.200001 86.96
27.6 87.08
28 87.19
28.5 87.33
29 87.46
29.5 87.59
30 87.71
30.4 87.80
30.700001 87.86
31.1 87.94
31.5 88.02
32 88.11
32.5 88.19
33 88.25
33.5 88.32
34 88.39
34.5 88.48
35 88.57
35.5 88.65
36 88.73
36.5 88.82
37 88.91
37.5 89.00
38.200001 89.11
38.700001 89.17
39.5 89.27
40 89.33
40.599998 89.40
41.200001 89.46
41.799999 89.53
42.5 89.60
43.099998 89.67
43.700001 89.73
44.400002 89.79
45 89.85
45.5 89.89
46.200001 89.95
46.799999 90.00
47.5 90.07
48.200001 90.14
48.700001 90.19
49.400002 90.25
50 90.29
50.799999 90.34
51.5 90.38
52.200001 90.42
53 90.47
53.799999 90.51
54.5 90.55
55.200001 90.59
56 90.63
57 90.67
58 90.73
59 90.78
60 90.83
60.799999 90.87
61.5 90.90
62.200001 90.93
63 90.96
64 90.99
65 91.03
66 91.06
67 91.09
68 91.12
69 91.15
70 91.17
71 91.20
72 91.23
73 91.26
74 91.28
75 91.31
76.199997 91.33
77.5 91.36
78.800003 91.39
80 91.41
81.199997 91.43
82.5 91.45
83.800003 91.47
85 91.49
86.199997 91.51
87.5 91.53
88.5 91.54
90 91.56
91.199997 91.57
92.5 91.58
93.800003 91.59
95 91.60
96.199997 91.61
97.5 91.62
98.800003 91.63
100 91.64
101.5 91.65
103 91.66
104.400002 91.67
106 91.67
107.5 91.68
109 91.69
110.599998 91.69
112 91.70
113.800003 91.70
115 91.71
117.199997 91.72
118 91.72
120.599998 91.73
122 91.73
124.099998 91.73
125 91.73
126.5 91.73
128 91.73
131.5 91.73
132 91.73
134 91.73
136 91.73
138 91.73
140 91.73
143 91.72
145 91.72
147.5 91.72
150 91.71
152.5 91.71
155 91.70
157.5 91.69
160 91.69
162.5 91.67
165 91.66
167.5 91.65
170 91.64
172.5 91.64
175 91.63
177.5 91.62
180 91.61
182.5 91.59
185 91.59
187.5 91.58
190 91.57
192.5 91.56
195 91.55
197.5 91.54
200 91.53
203 91.51
206 91.48
209 91.46
212 91.43
214 91.42
218 91.40
220 91.38
224 91.36
227 91.34
230 91.33
233 91.32
236 91.32
240 91.31
243 91.31
247 91.31
250 91.30
254 91.28
258 91.26
262 91.24
265 91.23
269 91.20
272 91.19
276 91.17
280 91.14
285 91.11
290 91.08
295 91.05
300 91.01
304 90.98
307 90.96
311 90.93
315 90.91
320 90.87
325 90.84
330 90.80
335 90.77
340 90.73
345 90.69
350 90.65
355 90.61
360 90.57
365 90.53
370 90.49
375 90.45
382 90.40
387 90.35
395 90.29
400 90.25
406 90.21
412 90.16
418 90.12
425 90.08
431 90.03
437 89.99
444 89.94
450 89.89
455 89.84
462 89.78
468 89.72
475 89.66
482 89.59
487 89.54
494 89.48
500 89.43
508 89.36
515 89.31
522 89.26
530 89.20
538 89.14
545 89.08
552 89.03
560 88.96
570 88.87
580 88.78
590 88.70
600 88.61
608 88.55
615 88.50
622 88.46
630 88.41
640 88.36
650 88.31
660 88.26
670 88.22
680 88.17
690 88.14
700 88.11
710 88.10
720 88.09
730 88.08
740 88.08
750 88.08
762 88.08
775 88.09
788 88.11
800 88.13
812 88.16
825 88.19
838 88.21
850 88.22
862 88.25
875 88.27
885 88.29
900 88.33
912 88.36
925 88.40
938 88.44
950 88.47
962 88.50
975 88.53
988 88.57
1000 88.60
1015 88.65
1030 88.70
1044 88.75
1060 88.81
1075 88.85
1090 88.90
1106 88.95
1120 89.00
1138 89.06
1150 89.09
1172 89.16
1180 89.18
1206 89.26
1220 89.29
1241 89.34
1250 89.36
1265 89.39
1280 89.41
1315 89.46
1320 89.47
1340 89.50
1360 89.53
1380 89.56
1400 89.60
1430 89.64
1450 89.66
1475 89.68
1500 89.71
1525 89.75
1550 89.81
1575 89.86
1600 89.91
1625 89.96
1650 90.00
1675 90.05
1700 90.11
1725 90.17
1750 90.24
1775 90.32
1800 90.40
1825 90.49
1850 90.57
1875 90.66
1900 90.75
1925 90.85
1950 90.95
1975 91.06
2000 91.16
2030 91.29
2060 91.42
2090 91.55
2120 91.69
2140 91.77
2180 91.95
2200 92.04
2240 92.22
2270 92.34
2300 92.46
2330 92.57
2360 92.67
2400 92.78
2430 92.84
2470 92.89
2500 92.89
2540 92.85
2580 92.73
2620 92.54
2650 92.34
2690 92.01
2720 91.73
2760 91.33
2800 90.94
2850 90.55
2900 90.31
2950 90.21
3000 90.19
3040 90.20
3070 90.20
3110 90.19
3150 90.17
3200 90.11
3250 90.02
3300 89.92
3350 89.81
3400 89.70
3450 89.61
3500 89.52
3550 89.44
3600 89.37
3650 89.31
3700 89.26
3750 89.21
3820 89.17
3870 89.15
3950 89.14
4000 89.16
4060 89.21
4120 89.29
4180 89.41
4250 89.59
4310 89.79
4370 90.02
4440 90.32
4500 90.60
4550 90.84
4620 91.17
4680 91.44
4750 91.71
4820 91.94
4870 92.06
4940 92.17
5000 92.23
5080 92.24
5150 92.22
5220 92.16
5300 92.06
5380 91.93
5450 91.80
5520 91.66
5600 91.48
5700 91.23
5800 90.94
5900 90.60
6000 90.22
6080 89.87
6150 89.55
6220 89.21
6300 88.83
6400 88.42
6500 88.14
6600 88.04
6700 88.15
6800 88.45
6900 88.89
7000 89.42
7100 90.01
7200 90.59
7300 91.17
7400 91.72
7500 92.25
7620 92.85
7750 93.39
7880 93.74
8000 93.81
8120 93.62
8250 93.13
8380 92.43
8500 91.67
8620 90.88
8750 90.05
8850 89.47
9000 88.71
9120 88.21
9250 87.77
9380 87.44
9500 87.24
9620 87.15
9750 87.18
9880 87.35
10000 87.60
10150 88.02
10300 88.56
10440 89.14
10600 89.86
10750 90.50
10900 91.05
11060 91.43
11200 91.56
11380 91.43
11500 91.18
11720 90.52
11800 90.24
12060 89.36
12200 88.95
12410 88.47
12500 88.31
12650 88.07
12800 87.84
13150 87.20
13200 87.08
13400 86.56
13600 85.93
13800 85.19
14000 84.40
14300 83.25
14500 82.58
14750 81.90
15000 81.39
15250 81.03
15500 80.79
15750 80.69
16000 80.73
16250 80.98
16500 81.47
16750 82.10
17000 82.72
17250 83.15
17500 83.25
17750 82.97
18000 82.29
18250 81.22
18500 79.77
18750 77.99
19000 75.91
19250 73.60
19500 71.13
19750 68.73
