20 85.18
20.299999 85.19
20.6 85.20
20.9 85.22
21.200001 85.24
21.4 85.26
21.799999 85.32
22 85.35
22.4 85.42
22.700001 85.48
23 85.54
23.299999 85.60
23.6 85.65
24 85.72
24.299999 85.77
24.700001 85.81
25 85.84
25.4 85.87
25.799999 85.90
26.200001 85.91
26.5 85.91
26.9 85.91
27.200001 85.90
27.6 85.88
28 85.87
28.5 85.84
29 85.82
29.5 85.82
30 85.82
30.4 85.84
30.700001 85.85
31.1 85.86
31.5 85.88
32 85.90
32.5 85.92
33 85.93
33.5 85.95
34 85.96
34.5 85.96
35 85.95
35.5 85.93
36 85.91
36.5 85.89
37 85.87
37.5 85.85
38.200001 85.82
38.700001 85.81
39.5 85.80
40 85.80
40.599998 85.79
41.200001 85.78
41.799999 85.76
42.5 85.74
43.099998 85.72
43.700001 85.69
44.400002 85.65
45 85.61
45.5 85.58
46.200001 85.54
46.799999 85.51
47.5 85.47
48.200001 85.47
48.700001 85.47
49.400002 85.47
50 85.44
50.799999 85.39
51.5 85.36
52.200001 85.33
53 85.29
53.799999 85.27
54.5 85.25
55.200001 85.22
56 85.18
57 85.13
58 85.07
59 85.01
60 84.96
60.799999 84.89
61.5 84.82
62.200001 84.79
63 84.76
64 84.67
65 84.59
66 84.57
67 84.55
68 84.50
69 84.42
70 84.36
71 84.30
72 84.25
73 84.20
74 84.16
75 84.10
76.199997 84.01
77.5 83.89
78.800003 83.78
80 83.67
81.199997 83.55
82.5 83.43
83.800003 83.33
85 83.26
86.199997 83.24
87.5 83.29
88.5 83.37
90 83.52
91.199997 83.63
92.5 83.73
93.800003 83.80
95 83.88
96.199997 83.92
97.5 83.83
98.800003 83.72
100 83.66
101.5 83.55
103 83.42
104.400002 83.36
106 83.31
107.5 83.26
109 83.20
110.599998 83.12
112 83.06
113.800003 82.99
115 82.94
117.199997 82.86
118 82.83
120.599998 82.74
122 82.70
124.099998 82.62
125 82.58
126.5 82.50
128 82.42
131.5 82.33
132 82.33
134 82.28
136 82.22
138 82.15
140 82.08
143 82.00
145 81.95
147.5 81.86
150 81.78
152.5 81.71
155 81.64
157.5 81.56
160 81.50
162.5 81.44
165 81.37
167.5 81.31
170 81.25
172.5 81.19
175 81.14
177.5 81.09
180 81.03
182.5 80.98
185 80.93
187.5 80.89
190 80.84
192.5 80.80
195 80.76
197.5 80.73
200 80.70
203 80.66
206 80.61
209 80.57
212 80.52
214 80.48
218 80.41
220 80.38
224 80.32
227 80.27
230 80.23
233 80.18
236 80.13
240 80.08
243 80.04
247 79.98
250 79.94
254 79.89
258 79.84
262 79.79
265 79.76
269 79.71
272 79.67
276 79.62
280 79.59
285 79.54
290 79.48
295 79.44
300 79.39
304 79.36
307 79.33
311 79.29
315 79.25
320 79.21
325 79.17
330 79.13
335 79.10
340 79.06
345 79.02
350 78.99
355 78.96
360 78.93
365 78.90
370 78.87
375 78.84
382 78.80
387 78.77
395 78.73
400 78.70
406 78.67
412 78.65
418 78.62
425 78.59
431 78.57
437 78.55
444 78.52
450 78.50
455 78.48
462 78.45
468 78.43
475 78.40
482 78.38
487 78.37
494 78.35
500 78.34
508 78.32
515 78.30
522 78.29
530 78.28
538 78.26
545 78.24
552 78.22
560 78.21
570 78.20
580 78.19
590 78.17
600 78.16
608 78.16
615 78.15
622 78.15
630 78.15
640 78.15
650 78.14
660 78.14
670 78.14
680 78.14
690 78.15
700 78.16
710 78.17
720 78.18
730 78.19
740 78.20
750 78.21
762 78.23
775 78.26
788 78.29
800 78.32
812 78.36
825 78.39
838 78.44
850 78.48
862 78.53
875 78.58
885 78.62
900 78.70
912 78.75
925 78.82
938 78.89
950 78.96
962 79.03
975 79.11
988 79.19
1000 79.27
1015 79.36
1030 79.45
1044 79.54
1060 79.64
1075 79.75
1090 79.84
1106 79.94
1120 80.03
1138 80.14
1150 80.21
1172 80.33
1180 80.38
1206 80.52
1220 80.60
1241 80.70
1250 80.75
1265 80.82
1280 80.89
1315 81.03
1320 81.05
1340 81.14
1360 81.22
1380 81.30
1400 81.38
1430 81.51
1450 81.61
1475 81.74
1500 81.86
1525 81.98
1550 82.07
1575 82.16
1600 82.23
1625 82.30
1650 82.36
1675 82.43
1700 82.48
1725 82.55
1750 82.61
1775 82.67
1800 82.73
1825 82.79
1850 82.85
1875 82.91
1900 82.98
1925 83.04
1950 83.12
1975 83.20
2000 83.28
2030 83.39
2060 83.50
2090 83.59
2120 83.68
2140 83.74
2180 83.85
2200 83.90
2240 84.00
2270 84.08
2300 84.16
2330 84.24
2360 84.32
2400 84.42
2430 84.49
2470 84.58
2500 84.65
2540 84.74
2580 84.82
2620 84.91
2650 84.96
2690 85.04
2720 85.10
2760 85.18
2800 85.27
2850 85.39
2900 85.51
2950 85.64
3000 85.77
3040 85.89
3070 85.99
3110 86.13
3150 86.26
3200 86.42
3250 86.54
3300 86.65
3350 86.73
3400 86.80
3450 86.86
3500 86.92
3550 86.97
3600 87.03
3650 87.09
3700 87.14
3750 87.19
3820 87.26
3870 87.30
3950 87.33
4000 87.34
4060 87.33
4120 87.31
4180 87.28
4250 87.22
4310 87.15
4370 87.06
4440 86.93
4500 86.80
4550 86.67
4620 86.48
4680 86.30
4750 86.06
4820 85.81
4870 85.62
4940 85.35
5000 85.11
5080 84.78
5150 84.49
5220 84.20
5300 83.88
5380 83.56
5450 83.28
5520 83.01
5600 82.70
5700 82.34
5800 81.98
5900 81.65
6000 81.34
6080 81.11
6150 80.93
6220 80.76
6300 80.59
6400 80.40
6500 80.23
6600 80.10
6700 80.00
6800 79.93
6900 79.89
7000 79.90
7100 79.94
7200 80.03
7300 80.16
7400 80.33
7500 80.54
7620 80.86
7750 81.29
7880 81.80
8000 82.36
8120 83.00
8250 83.73
8380 84.48
8500 85.09
8620 85.52
8750 85.67
8850 85.52
9000 84.83
9120 83.98
9250 82.87
9380 81.67
9500 80.59
9620 79.61
9750 78.59
9880 77.61
10000 76.79
10150 75.89
10300 75.13
10440 74.52
10600 73.93
10750 73.47
10900 73.10
11060 72.78
11200 72.59
11380 72.43
11500 72.37
11720 72.35
11800 72.37
12060 72.55
12200 72.70
12410 73.02
12500 73.19
12650 73.51
12800 73.87
13150 74.81
13200 74.94
13400 75.42
13600 75.75
13800 75.83
14000 75.60
14300 74.76
14500 73.97
14750 72.89
15000 71.84
15250 70.91
15500 70.14
15750 69.56
16000 69.18
16250 68.99
16500 68.99
16750 69.16
17000 69.39
17250 69.53
17500 69.30
17750 68.50
18000 67.06
18250 65.17
18500 63.19
18750 61.41
19000 59.78
19250 58.22
19500 56.91
19750 55.87
20000 55.25
