20 82.09
20.299999 82.08
20.6 82.08
20.9 82.09
21.200001 82.11
21.4 82.13
21.799999 82.19
22 82.22
22.4 82.29
22.700001 82.34
23 82.39
23.299999 82.44
23.6 82.49
24 82.54
24.299999 82.58
24.700001 82.60
25 82.61
25.4 82.60
25.799999 82.58
26.200001 82.56
26.5 82.54
26.9 82.51
27.200001 82.47
27.6 82.42
28 82.37
28.5 82.31
29 82.27
29.5 82.25
30 82.25
30.4 82.25
30.700001 82.26
31.1 82.27
31.5 82.28
32 82.30
32.5 82.32
33 82.32
33.5 82.33
34 82.32
34.5 82.31
35 82.28
35.5 82.25
36 82.21
36.5 82.17
37 82.14
37.5 82.11
38.200001 82.09
38.700001 82.07
39.5 82.06
40 82.05
40.599998 82.04
41.200001 82.03
41.799999 82.02
42.5 82.00
43.099998 81.98
43.700001 81.95
44.400002 81.92
45 81.89
45.5 81.87
46.200001 81.83
46.799999 81.81
47.5 81.80
48.200001 81.79
48.700001 81.77
49.400002 81.72
50 81.69
50.799999 81.66
51.5 81.63
52.200001 81.60
53 81.56
53.799999 81.51
54.5 81.49
55.200001 81.46
56 81.44
57 81.40
58 81.36
59 81.32
60 81.25
60.799999 81.21
61.5 81.19
62.200001 81.17
63 81.15
64 81.11
65 81.04
66 80.97
67 80.92
68 80.89
69 80.85
70 80.80
71 80.75
72 80.72
73 80.67
74 80.62
75 80.56
76.199997 80.49
77.5 80.41
78.800003 80.36
80 80.31
81.199997 80.25
82.5 80.19
83.800003 80.13
85 80.07
86.199997 79.99
87.5 79.91
88.5 79.86
90 79.78
91.199997 79.71
92.5 79.64
93.800003 79.56
95 79.48
96.199997 79.40
97.5 79.31
98.800003 79.23
100 79.21
101.5 79.17
103 79.09
104.400002 79.04
106 78.99
107.5 78.90
109 78.79
110.599998 78.66
112 78.57
113.800003 78.50
115 78.48
117.199997 78.45
118 78.44
120.599998 78.41
122 78.37
124.099998 78.33
125 78.30
126.5 78.25
128 78.19
131.5 78.14
132 78.14
134 78.16
136 78.15
138 78.13
140 78.09
143 78.02
145 77.93
147.5 77.87
150 77.80
152.5 77.71
155 77.61
157.5 77.53
160 77.45
162.5 77.36
165 77.27
167.5 77.18
170 77.09
172.5 77.01
175 76.93
177.5 76.86
180 76.78
182.5 76.71
185 76.63
187.5 76.55
190 76.48
192.5 76.41
195 76.33
197.5 76.26
200 76.19
203 76.11
206 76.02
209 75.93
212 75.84
214 75.78
218 75.67
220 75.62
224 75.50
227 75.41
230 75.34
233 75.26
236 75.20
240 75.15
243 75.12
247 75.08
250 75.03
254 74.95
258 74.87
262 74.78
265 74.72
269 74.65
272 74.59
276 74.51
280 74.43
285 74.34
290 74.25
295 74.16
300 74.08
304 74.00
307 73.95
311 73.89
315 73.84
320 73.76
325 73.67
330 73.60
335 73.53
340 73.46
345 73.39
350 73.32
355 73.26
360 73.20
365 73.14
370 73.08
375 73.02
382 72.94
387 72.90
395 72.81
400 72.76
406 72.71
412 72.66
418 72.60
425 72.54
431 72.49
437 72.45
444 72.39
450 72.34
455 72.31
462 72.26
468 72.22
475 72.17
482 72.13
487 72.10
494 72.06
500 72.03
508 71.99
515 71.95
522 71.91
530 71.87
538 71.83
545 71.80
552 71.76
560 71.71
570 71.67
580 71.64
590 71.62
600 71.59
608 71.57
615 71.56
622 71.54
630 71.53
640 71.51
650 71.50
660 71.47
670 71.45
680 71.42
690 71.39
700 71.35
710 71.33
720 71.31
730 71.30
740 71.29
750 71.28
762 71.28
775 71.28
788 71.29
800 71.31
812 71.33
825 71.35
838 71.39
850 71.43
862 71.47
875 71.51
885 71.54
900 71.61
912 71.67
925 71.73
938 71.80
950 71.87
962 71.93
975 72.01
988 72.09
1000 72.17
1015 72.27
1030 72.37
1044 72.47
1060 72.58
1075 72.68
1090 72.79
1106 72.90
1120 73.00
1138 73.13
1150 73.22
1172 73.37
1180 73.42
1206 73.60
1220 73.69
1241 73.82
1250 73.88
1265 73.97
1280 74.06
1315 74.27
1320 74.30
1340 74.41
1360 74.53
1380 74.64
1400 74.76
1430 74.92
1450 75.04
1475 75.17
1500 75.31
1525 75.46
1550 75.60
1575 75.75
1600 75.89
1625 76.05
1650 76.20
1675 76.35
1700 76.52
1725 76.68
1750 76.85
1775 77.02
1800 77.19
1825 77.37
1850 77.55
1875 77.73
1900 77.91
1925 78.10
1950 78.29
1975 78.49
2000 78.69
2030 78.92
2060 79.17
2090 79.41
2120 79.66
2140 79.82
2180 80.14
2200 80.31
2240 80.63
2270 80.86
2300 81.09
2330 81.32
2360 81.53
2400 81.80
2430 81.98
2470 82.20
2500 82.35
2540 82.52
2580 82.65
2620 82.75
2650 82.80
2690 82.83
2720 82.83
2760 82.80
2800 82.73
2850 82.62
2900 82.47
2950 82.29
3000 82.08
3040 81.91
3070 81.77
3110 81.59
3150 81.40
3200 81.17
3250 80.93
3300 80.71
3350 80.49
3400 80.27
3450 80.07
3500 79.87
3550 79.68
3600 79.51
3650 79.34
3700 79.19
3750 79.05
3820 78.87
3870 78.76
3950 78.62
4000 78.56
4060 78.49
4120 78.43
4180 78.38
4250 78.38
4310 78.44
4370 78.48
4440 78.50
4500 78.53
4550 78.57
4620 78.62
4680 78.67
4750 78.74
4820 78.80
4870 78.83
4940 78.88
5000 78.90
5080 78.92
5150 78.92
5220 78.92
5300 78.89
5380 78.83
5450 78.73
5520 78.61
5600 78.42
5700 78.11
5800 77.75
5900 77.34
6000 76.92
6080 76.60
6150 76.34
6220 76.11
6300 75.91
6400 75.73
6500 75.64
6600 75.60
6700 75.56
6800 75.48
6900 75.38
7000 75.24
7100 75.12
7200 75.06
7300 75.10
7400 75.30
7500 75.68
7620 76.44
7750 77.50
7880 78.64
8000 79.61
8120 80.40
8250 81.01
8380 81.38
8500 81.46
8620 81.28
8750 80.77
8850 80.15
9000 78.95
9120 77.82
9250 76.51
9380 75.20
9500 74.05
9620 73.01
9750 71.95
9880 70.94
10000 70.09
10150 69.13
10300 68.29
10440 67.58
10600 66.87
10750 66.28
10900 65.79
11060 65.33
11200 64.99
11380 64.66
11500 64.50
11720 64.27
11800 64.22
12060 64.16
12200 64.19
12410 64.33
12500 64.43
12650 64.65
12800 64.94
13150 65.98
13200 66.17
13400 67.07
13600 68.20
13800 69.63
14000 71.44
14300 74.79
14500 76.95
14750 78.35
15000 77.61
15250 75.38
15500 72.99
15750 71.17
16000 69.99
16250 69.33
16500 69.03
16750 68.91
17000 68.72
17250 68.23
17500 67.30
17750 65.97
18000 64.43
18250 62.85
18500 61.36
18750 59.98
19000 58.69
19250 57.48
19500 56.30
19750 55.25
20000 54.66
