20.000000	63.994
20.299999	63.132
20.600000	62.203
20.900000	61.254
21.200001	60.370
21.400000	59.890
21.799999	59.338
22.000000	59.317
22.400000	59.793
22.700001	60.482
23.000000	61.312
23.299999	62.177
23.600000	63.004
24.000000	63.965
24.299999	64.550
24.700001	65.151
25.000000	65.484
25.400000	65.803
25.799999	66.002
26.200001	66.084
26.500000	66.066
26.900000	65.940
27.200001	65.778
27.600000	65.483
28.000000	65.116
28.500000	64.585
29.000000	64.025
29.500000	63.517
30.000000	63.156
30.400000	63.032
30.700001	63.049
31.100000	63.212
31.500000	63.498
32.000000	63.941
32.500000	64.381
33.000000	64.758
33.500000	65.056
34.000000	65.270
34.500000	65.394
35.000000	65.422
35.500000	65.358
36.000000	65.220
36.500000	65.042
37.000000	64.865
37.500000	64.715
38.200001	64.567
38.700001	64.501
39.500000	64.485
40.000000	64.534
40.599998	64.634
41.200001	64.750
41.799999	64.865
42.500000	64.977
43.099998	65.041
43.700001	65.073
44.400002	65.075
45.000000	65.059
45.500000	65.043
46.200001	65.019
46.799999	64.991
47.500000	64.951
48.200001	64.929
48.700001	64.939
49.400002	64.975
50.000000	64.997
50.799999	64.998
51.500000	65.014
52.200001	65.113
53.000000	65.378
53.799999	65.739
54.500000	65.994
55.200001	66.082
56.000000	65.953
57.000000	65.597
58.000000	65.263
59.000000	65.019
60.000000	64.827
60.799999	64.698
61.500000	64.606
62.200001	64.541
63.000000	64.505
64.000000	64.512
65.000000	64.557
66.000000	64.588
67.000000	64.562
68.000000	64.493
69.000000	64.410
70.000000	64.337
71.000000	64.285
72.000000	64.243
73.000000	64.198
74.000000	64.154
75.000000	64.118
76.199997	64.090
77.500000	64.072
78.800003	64.050
80.000000	64.007
81.199997	63.925
82.500000	63.788
83.800003	63.643
85.000000	63.543
86.199997	63.484
87.500000	63.450
88.500000	63.424
90.000000	63.365
91.199997	63.291
92.500000	63.144
93.800003	62.919
95.000000	62.721
96.199997	62.595
97.500000	62.499
98.800003	62.371
100.000000	62.252
101.500000	62.213
103.000000	62.267
104.400002	62.321
106.000000	62.377
107.500000	62.436
109.000000	62.508
110.599998	62.656
112.000000	62.877
113.800003	63.160
115.000000	63.252
117.199997	63.077
118.000000	62.887
120.599998	62.035
122.000000	61.647
124.099998	61.394
125.000000	61.416
126.500000	61.576
128.000000	61.769
131.500000	61.882
132.000000	61.865
134.000000	61.784
136.000000	61.699
138.000000	61.588
140.000000	61.474
143.000000	61.347
145.000000	61.260
147.500000	61.122
150.000000	60.979
152.500000	60.840
155.000000	60.671
157.500000	60.464
160.000000	60.274
162.500000	60.157
165.000000	60.111
167.500000	60.083
170.000000	60.043
172.500000	59.998
175.000000	59.946
177.500000	59.870
180.000000	59.756
182.500000	59.629
185.000000	59.531
187.500000	59.457
190.000000	59.373
192.500000	59.281
195.000000	59.210
197.500000	59.168
200.000000	59.134
203.000000	59.085
206.000000	59.042
209.000000	59.014
212.000000	58.974
214.000000	58.921
218.000000	58.755
220.000000	58.671
224.000000	58.573
227.000000	58.564
230.000000	58.570
233.000000	58.555
236.000000	58.512
240.000000	58.428
243.000000	58.371
247.000000	58.329
250.000000	58.314
254.000000	58.288
258.000000	58.259
262.000000	58.233
265.000000	58.212
269.000000	58.169
272.000000	58.136
276.000000	58.108
280.000000	58.103
285.000000	58.096
290.000000	58.050
295.000000	58.002
300.000000	57.966
304.000000	57.947
307.000000	57.941
311.000000	57.943
315.000000	57.949
320.000000	57.944
325.000000	57.914
330.000000	57.882
335.000000	57.858
340.000000	57.841
345.000000	57.829
350.000000	57.808
355.000000	57.773
360.000000	57.734
365.000000	57.692
370.000000	57.654
375.000000	57.623
382.000000	57.589
387.000000	57.562
395.000000	57.508
400.000000	57.482
406.000000	57.473
412.000000	57.469
418.000000	57.449
425.000000	57.412
431.000000	57.376
437.000000	57.333
444.000000	57.284
450.000000	57.253
455.000000	57.235
462.000000	57.218
468.000000	57.205
475.000000	57.188
482.000000	57.168
487.000000	57.154
494.000000	57.136
500.000000	57.121
508.000000	57.102
515.000000	57.094
522.000000	57.093
530.000000	57.088
538.000000	57.075
545.000000	57.062
552.000000	57.055
560.000000	57.053
570.000000	57.046
580.000000	57.034
590.000000	57.026
600.000000	57.024
608.000000	57.034
615.000000	57.050
622.000000	57.068
630.000000	57.079
640.000000	57.087
650.000000	57.102
660.000000	57.128
670.000000	57.157
680.000000	57.180
690.000000	57.194
700.000000	57.201
710.000000	57.202
720.000000	57.205
730.000000	57.212
740.000000	57.224
750.000000	57.234
762.000000	57.248
775.000000	57.267
788.000000	57.282
800.000000	57.296
812.000000	57.320
825.000000	57.361
838.000000	57.410
850.000000	57.451
862.000000	57.490
875.000000	57.539
885.000000	57.579
900.000000	57.639
912.000000	57.685
925.000000	57.731
938.000000	57.775
950.000000	57.820
962.000000	57.873
975.000000	57.936
988.000000	58.001
1000.000000	58.061
1015.000000	58.135
1030.000000	58.207
1044.000000	58.274
1060.000000	58.353
1075.000000	58.427
1090.000000	58.506
1106.000000	58.593
1120.000000	58.662
1138.000000	58.745
1150.000000	58.798
1172.000000	58.900
1180.000000	58.937
1206.000000	59.056
1220.000000	59.117
1241.000000	59.199
1250.000000	59.232
1265.000000	59.288
1280.000000	59.344
1315.000000	59.475
1320.000000	59.492
1340.000000	59.560
1360.000000	59.623
1380.000000	59.686
1400.000000	59.746
1430.000000	59.840
1450.000000	59.900
1475.000000	59.969
1500.000000	60.035
1525.000000	60.105
1550.000000	60.174
1575.000000	60.240
1600.000000	60.307
1625.000000	60.372
1650.000000	60.428
1675.000000	60.478
1700.000000	60.526
1725.000000	60.573
1750.000000	60.616
1775.000000	60.654
1800.000000	60.687
1825.000000	60.710
1850.000000	60.721
1875.000000	60.722
1900.000000	60.716
1925.000000	60.707
1950.000000	60.695
1975.000000	60.680
2000.000000	60.660
2030.000000	60.634
2060.000000	60.605
2090.000000	60.575
2120.000000	60.546
2140.000000	60.531
2180.000000	60.510
2200.000000	60.508
2240.000000	60.525
2270.000000	60.552
2300.000000	60.584
2330.000000	60.627
2360.000000	60.683
2400.000000	60.782
2430.000000	60.864
2470.000000	60.984
2500.000000	61.082
2540.000000	61.215
2580.000000	61.333
2620.000000	61.434
2650.000000	61.498
2690.000000	61.567
2720.000000	61.603
2760.000000	61.632
2800.000000	61.637
2850.000000	61.595
2900.000000	61.494
2950.000000	61.347
3000.000000	61.159
3040.000000	60.971
3070.000000	60.812
3110.000000	60.581
3150.000000	60.333
3200.000000	60.002
3250.000000	59.656
3300.000000	59.303
3350.000000	58.959
3400.000000	58.637
3450.000000	58.341
3500.000000	58.067
3550.000000	57.825
3600.000000	57.642
3650.000000	57.540
3700.000000	57.517
3750.000000	57.559
3820.000000	57.733
3870.000000	57.944
3950.000000	58.418
4000.000000	58.794
4060.000000	59.320
4120.000000	59.906
4180.000000	60.528
4250.000000	61.269
4310.000000	61.892
4370.000000	62.474
4440.000000	63.065
4500.000000	63.468
4550.000000	63.704
4620.000000	63.840
4680.000000	63.765
4750.000000	63.476
4820.000000	62.995
4870.000000	62.558
4940.000000	61.850
5000.000000	61.193
5080.000000	60.297
5150.000000	59.532
5220.000000	58.809
5300.000000	58.060
5380.000000	57.408
5450.000000	56.913
5520.000000	56.480
5600.000000	56.052
5700.000000	55.632
5800.000000	55.335
5900.000000	55.131
6000.000000	54.979
6080.000000	54.885
6150.000000	54.838
6220.000000	54.835
6300.000000	54.882
6400.000000	54.998
6500.000000	55.155
6600.000000	55.340
6700.000000	55.567
6800.000000	55.834
6900.000000	56.139
7000.000000	56.496
7100.000000	56.924
7200.000000	57.430
7300.000000	58.021
7400.000000	58.711
7500.000000	59.509
7620.000000	60.609
7750.000000	61.978
7880.000000	63.486
8000.000000	64.879
8120.000000	66.098
8250.000000	67.011
8380.000000	67.312
8500.000000	66.996
8620.000000	66.192
8750.000000	64.948
8850.000000	63.859
9000.000000	62.204
9120.000000	60.962
9250.000000	59.760
9380.000000	58.731
9500.000000	57.931
9620.000000	57.269
9750.000000	56.698
9880.000000	56.248
10000.000000	55.915
10150.000000	55.593
10300.000000	55.362
10440.000000	55.207
10600.000000	55.082
10750.000000	55.016
10900.000000	54.991
11060.000000	54.984
11200.000000	54.983
11380.000000	54.968
11500.000000	54.928
11720.000000	54.740
11800.000000	54.623
12060.000000	54.030
12200.000000	53.576
12410.000000	52.772
12500.000000	52.411
12650.000000	51.822
12800.000000	51.266
13150.000000	50.137
13200.000000	49.999
13400.000000	49.508
13600.000000	49.115
13800.000000	48.807
14000.000000	48.542
14300.000000	48.330
14500.000000	48.527
14750.000000	49.230
15000.000000	50.439
15250.000000	52.156
15500.000000	54.181
15750.000000	56.072
16000.000000	57.285
16250.000000	57.404
16500.000000	56.350
16750.000000	54.401
17000.000000	51.998
17250.000000	49.571
17500.000000	47.419
17750.000000	45.688
18000.000000	44.384
18250.000000	43.410
18500.000000	42.620
18750.000000	41.856
19000.000000	40.983
19250.000000	39.959
19500.000000	38.922
19750.000000	38.159
