20 83.83
20.299999 83.87
20.6 83.89
20.9 83.91
21.200001 83.91
21.4 83.91
21.799999 83.89
22 83.88
22.4 83.85
22.700001 83.83
23 83.81
23.299999 83.78
23.6 83.77
24 83.74
24.299999 83.72
24.700001 83.71
25 83.70
25.4 83.71
25.799999 83.73
26.200001 83.76
26.5 83.79
26.9 83.83
27.200001 83.86
27.6 83.91
28 83.94
28.5 83.97
29 83.98
29.5 83.96
30 83.94
30.4 83.92
30.700001 83.91
31.1 83.89
31.5 83.87
32 83.85
32.5 83.83
33 83.81
33.5 83.81
34 83.80
34.5 83.78
35 83.77
35.5 83.76
36 83.76
36.5 83.75
37 83.75
37.5 83.74
38.200001 83.73
38.700001 83.72
39.5 83.69
40 83.67
40.599998 83.64
41.200001 83.61
41.799999 83.58
42.5 83.55
43.099998 83.53
43.700001 83.51
44.400002 83.49
45 83.47
45.5 83.46
46.200001 83.42
46.799999 83.38
47.5 83.32
48.200001 83.27
48.700001 83.22
49.400002 83.13
50 83.07
50.799999 83.05
51.5 83.06
52.200001 83.07
53 83.05
53.799999 83.03
54.5 83.00
55.200001 82.97
56 82.94
57 82.89
58 82.84
59 82.78
60 82.73
60.799999 82.70
61.5 82.66
62.200001 82.62
63 82.57
64 82.52
65 82.46
66 82.41
67 82.36
68 82.30
69 82.24
70 82.19
71 82.12
72 82.06
73 82.01
74 81.95
75 81.89
76.199997 81.81
77.5 81.72
78.800003 81.63
80 81.55
81.199997 81.48
82.5 81.42
83.800003 81.35
85 81.28
86.199997 81.20
87.5 81.11
88.5 81.06
90 81.00
91.199997 80.97
92.5 80.93
93.800003 80.87
95 80.78
96.199997 80.65
97.5 80.49
98.800003 80.32
100 80.22
101.5 80.23
103 80.33
104.400002 80.39
106 80.40
107.5 80.36
109 80.30
110.599998 80.24
112 80.20
113.800003 80.15
115 80.11
117.199997 80.04
118 80.01
120.599998 79.93
122 79.88
124.099998 79.80
125 79.77
126.5 79.70
128 79.64
131.5 79.48
132 79.46
134 79.38
136 79.31
138 79.23
140 79.16
143 79.10
145 79.05
147.5 78.94
150 78.82
152.5 78.71
155 78.62
157.5 78.53
160 78.44
162.5 78.36
165 78.29
167.5 78.22
170 78.14
172.5 78.06
175 77.98
177.5 77.90
180 77.83
182.5 77.75
185 77.70
187.5 77.65
190 77.60
192.5 77.56
195 77.53
197.5 77.52
200 77.48
203 77.42
206 77.34
209 77.27
212 77.21
214 77.17
218 77.08
220 77.04
224 76.97
227 76.91
230 76.86
233 76.80
236 76.75
240 76.68
243 76.63
247 76.57
250 76.53
254 76.47
258 76.41
262 76.35
265 76.31
269 76.25
272 76.21
276 76.16
280 76.12
285 76.06
290 76.02
295 75.97
300 75.91
304 75.87
307 75.85
311 75.81
315 75.78
320 75.74
325 75.71
330 75.67
335 75.64
340 75.61
345 75.59
350 75.56
355 75.54
360 75.51
365 75.49
370 75.47
375 75.44
382 75.42
387 75.40
395 75.37
400 75.36
406 75.34
412 75.33
418 75.32
425 75.31
431 75.31
437 75.30
444 75.30
450 75.31
455 75.31
462 75.31
468 75.31
475 75.30
482 75.31
487 75.31
494 75.33
500 75.34
508 75.35
515 75.36
522 75.37
530 75.39
538 75.40
545 75.42
552 75.44
560 75.46
570 75.49
580 75.51
590 75.53
600 75.55
608 75.55
615 75.56
622 75.56
630 75.58
640 75.64
650 75.72
660 75.80
670 75.88
680 75.95
690 76.01
700 76.07
710 76.12
720 76.18
730 76.24
740 76.30
750 76.37
762 76.45
775 76.55
788 76.65
800 76.74
812 76.83
825 76.94
838 77.05
850 77.15
862 77.26
875 77.38
885 77.48
900 77.63
912 77.75
925 77.89
938 78.02
950 78.15
962 78.28
975 78.42
988 78.57
1000 78.71
1015 78.89
1030 79.06
1044 79.22
1060 79.41
1075 79.58
1090 79.75
1106 79.93
1120 80.09
1138 80.29
1150 80.42
1172 80.66
1180 80.74
1206 81.00
1220 81.14
1241 81.34
1250 81.43
1265 81.56
1280 81.70
1315 82.00
1320 82.04
1340 82.20
1360 82.36
1380 82.51
1400 82.65
1430 82.86
1450 83.00
1475 83.16
1500 83.32
1525 83.47
1550 83.63
1575 83.78
1600 83.92
1625 84.07
1650 84.21
1675 84.36
1700 84.50
1725 84.64
1750 84.78
1775 84.92
1800 85.06
1825 85.20
1850 85.34
1875 85.48
1900 85.62
1925 85.76
1950 85.90
1975 86.04
2000 86.18
2030 86.34
2060 86.51
2090 86.68
2120 86.84
2140 86.95
2180 87.17
2200 87.27
2240 87.48
2270 87.63
2300 87.78
2330 87.93
2360 88.08
2400 88.27
2430 88.40
2470 88.58
2500 88.70
2540 88.86
2580 89.00
2620 89.14
2650 89.23
2690 89.34
2720 89.42
2760 89.50
2800 89.57
2850 89.64
2900 89.68
2950 89.69
3000 89.68
3040 89.65
3070 89.62
3110 89.57
3150 89.50
3200 89.39
3250 89.26
3300 89.11
3350 88.94
3400 88.75
3450 88.56
3500 88.35
3550 88.14
3600 87.92
3650 87.71
3700 87.50
3750 87.32
3820 87.08
3870 86.93
3950 86.69
4000 86.54
4060 86.34
4120 86.12
4180 85.89
4250 85.62
4310 85.37
4370 85.12
4440 84.84
4500 84.61
4550 84.42
4620 84.17
4680 84.00
4750 83.86
4820 83.82
4870 83.82
4940 83.80
5000 83.75
5080 83.64
5150 83.53
5220 83.43
5300 83.34
5380 83.30
5450 83.29
5520 83.31
5600 83.34
5700 83.40
5800 83.46
5900 83.52
6000 83.57
6080 83.62
6150 83.66
6220 83.71
6300 83.78
6400 83.86
6500 83.97
6600 84.09
6700 84.22
6800 84.38
6900 84.56
7000 84.77
7100 85.00
7200 85.25
7300 85.53
7400 85.81
7500 86.08
7620 86.39
7750 86.67
7880 86.86
8000 86.93
8120 86.87
8250 86.64
8380 86.25
8500 85.76
8620 85.17
8750 84.43
8850 83.82
9000 82.87
9120 82.11
9250 81.31
9380 80.58
9500 80.00
9620 79.51
9750 79.10
9880 78.81
10000 78.63
10150 78.53
10300 78.57
10440 78.70
10600 78.96
10750 79.30
10900 79.74
11060 80.34
11200 80.97
11380 81.89
11500 82.53
11720 83.64
11800 84.00
12060 84.79
12200 84.89
12410 84.58
12500 84.28
12650 83.60
12800 82.76
13150 80.61
13200 80.31
13400 79.22
13600 78.29
13800 77.56
14000 77.02
14300 76.56
14500 76.43
14750 76.39
15000 76.35
15250 76.13
15500 75.63
15750 74.91
16000 74.08
16250 73.22
16500 72.34
16750 71.49
17000 70.71
17250 70.00
17500 69.31
17750 68.57
18000 67.69
18250 66.61
18500 65.26
18750 63.67
19000 61.87
19250 59.90
19500 57.88
19750 56.01
20000 54.73
