20 82.85
20.299999 82.91
20.6 82.95
20.9 82.98
21.200001 82.99
21.4 82.98
21.799999 82.96
22 82.94
22.4 82.89
22.700001 82.86
23 82.83
23.299999 82.80
23.6 82.78
24 82.73
24.299999 82.70
24.700001 82.67
25 82.66
25.4 82.67
25.799999 82.70
26.200001 82.75
26.5 82.79
26.9 82.85
27.200001 82.89
27.6 82.94
28 82.97
28.5 83.00
29 83.01
29.5 83.01
30 83.01
30.4 83.01
30.700001 83.00
31.1 82.99
31.5 82.97
32 82.94
32.5 82.91
33 82.89
33.5 82.88
34 82.87
34.5 82.86
35 82.86
35.5 82.87
36 82.88
36.5 82.89
37 82.88
37.5 82.87
38.200001 82.84
38.700001 82.81
39.5 82.77
40 82.76
40.599998 82.74
41.200001 82.73
41.799999 82.72
42.5 82.69
43.099998 82.67
43.700001 82.66
44.400002 82.64
45 82.64
45.5 82.64
46.200001 82.61
46.799999 82.59
47.5 82.55
48.200001 82.52
48.700001 82.47
49.400002 82.38
50 82.29
50.799999 82.24
51.5 82.23
52.200001 82.23
53 82.23
53.799999 82.21
54.5 82.18
55.200001 82.15
56 82.12
57 82.09
58 82.05
59 82.02
60 81.99
60.799999 81.95
61.5 81.92
62.200001 81.88
63 81.83
64 81.78
65 81.73
66 81.69
67 81.64
68 81.60
69 81.55
70 81.51
71 81.46
72 81.42
73 81.37
74 81.32
75 81.27
76.199997 81.20
77.5 81.13
78.800003 81.06
80 81.00
81.199997 80.95
82.5 80.90
83.800003 80.84
85 80.78
86.199997 80.71
87.5 80.65
88.5 80.61
90 80.55
91.199997 80.49
92.5 80.41
93.800003 80.32
95 80.24
96.199997 80.19
97.5 80.14
98.800003 80.08
100 80.02
101.5 79.98
103 79.98
104.400002 79.96
106 79.91
107.5 79.84
109 79.77
110.599998 79.71
112 79.66
113.800003 79.62
115 79.60
117.199997 79.56
118 79.55
120.599998 79.50
122 79.46
124.099998 79.40
125 79.37
126.5 79.32
128 79.27
131.5 79.17
132 79.16
134 79.09
136 79.02
138 78.95
140 78.90
143 78.83
145 78.79
147.5 78.71
150 78.60
152.5 78.49
155 78.41
157.5 78.33
160 78.25
162.5 78.18
165 78.11
167.5 78.04
170 77.97
172.5 77.90
175 77.83
177.5 77.77
180 77.70
182.5 77.64
185 77.58
187.5 77.51
190 77.45
192.5 77.40
195 77.36
197.5 77.33
200 77.30
203 77.27
206 77.22
209 77.18
212 77.14
214 77.11
218 77.05
220 77.02
224 76.95
227 76.90
230 76.86
233 76.81
236 76.76
240 76.70
243 76.65
247 76.58
250 76.54
254 76.48
258 76.44
262 76.39
265 76.35
269 76.30
272 76.27
276 76.22
280 76.18
285 76.14
290 76.10
295 76.07
300 76.03
304 76.00
307 75.97
311 75.93
315 75.90
320 75.86
325 75.83
330 75.80
335 75.77
340 75.74
345 75.71
350 75.68
355 75.66
360 75.64
365 75.62
370 75.60
375 75.59
382 75.57
387 75.56
395 75.55
400 75.54
406 75.52
412 75.51
418 75.50
425 75.49
431 75.48
437 75.48
444 75.47
450 75.47
455 75.47
462 75.48
468 75.48
475 75.49
482 75.50
487 75.51
494 75.52
500 75.52
508 75.54
515 75.55
522 75.56
530 75.58
538 75.60
545 75.62
552 75.64
560 75.66
570 75.70
580 75.73
590 75.75
600 75.77
608 75.77
615 75.77
622 75.77
630 75.79
640 75.84
650 75.91
660 76.00
670 76.08
680 76.16
690 76.23
700 76.29
710 76.35
720 76.41
730 76.47
740 76.53
750 76.59
762 76.68
775 76.77
788 76.86
800 76.95
812 77.05
825 77.16
838 77.27
850 77.38
862 77.48
875 77.61
885 77.70
900 77.85
912 77.97
925 78.11
938 78.25
950 78.38
962 78.52
975 78.66
988 78.81
1000 78.95
1015 79.12
1030 79.30
1044 79.46
1060 79.65
1075 79.82
1090 80.00
1106 80.18
1120 80.34
1138 80.54
1150 80.67
1172 80.91
1180 80.99
1206 81.26
1220 81.40
1241 81.60
1250 81.69
1265 81.83
1280 81.97
1315 82.27
1320 82.31
1340 82.47
1360 82.62
1380 82.77
1400 82.91
1430 83.12
1450 83.26
1475 83.42
1500 83.58
1525 83.73
1550 83.89
1575 84.03
1600 84.18
1625 84.32
1650 84.46
1675 84.60
1700 84.74
1725 84.88
1750 85.02
1775 85.16
1800 85.29
1825 85.43
1850 85.57
1875 85.71
1900 85.84
1925 85.98
1950 86.12
1975 86.26
2000 86.39
2030 86.56
2060 86.72
2090 86.89
2120 87.05
2140 87.16
2180 87.38
2200 87.48
2240 87.69
2270 87.84
2300 88.00
2330 88.14
2360 88.29
2400 88.47
2430 88.61
2470 88.78
2500 88.91
2540 89.06
2580 89.21
2620 89.34
2650 89.44
2690 89.55
2720 89.62
2760 89.71
2800 89.78
2850 89.84
2900 89.88
2950 89.90
3000 89.88
3040 89.85
3070 89.82
3110 89.77
3150 89.69
3200 89.59
3250 89.46
3300 89.31
3350 89.14
3400 88.96
3450 88.77
3500 88.57
3550 88.36
3600 88.14
3650 87.92
3700 87.69
3750 87.47
3820 87.16
3870 86.95
3950 86.64
4000 86.45
4060 86.23
4120 86.02
4180 85.80
4250 85.53
4310 85.29
4370 85.06
4440 84.78
4500 84.55
4550 84.36
4620 84.10
4680 83.90
4750 83.71
4820 83.62
4870 83.60
4940 83.58
5000 83.56
5080 83.49
5150 83.43
5220 83.36
5300 83.30
5380 83.24
5450 83.21
5520 83.18
5600 83.17
5700 83.17
5800 83.17
5900 83.18
6000 83.18
6080 83.18
6150 83.19
6220 83.20
6300 83.22
6400 83.25
6500 83.29
6600 83.34
6700 83.41
6800 83.50
6900 83.61
7000 83.75
7100 83.92
7200 84.12
7300 84.35
7400 84.61
7500 84.90
7620 85.28
7750 85.72
7880 86.16
8000 86.54
8120 86.85
8250 87.07
8380 87.12
8500 87.00
8620 86.71
8750 86.22
8850 85.73
9000 84.87
9120 84.11
9250 83.27
9380 82.47
9500 81.81
9620 81.25
9750 80.77
9880 80.40
10000 80.16
10150 79.98
10300 79.93
10440 79.97
10600 80.11
10750 80.33
10900 80.65
11060 81.11
11200 81.63
11380 82.41
11500 82.96
11720 83.93
11800 84.24
12060 84.94
12200 85.03
12410 84.71
12500 84.42
12650 83.73
12800 82.87
13150 80.59
13200 80.27
13400 79.04
13600 77.95
13800 77.04
14000 76.30
14300 75.55
14500 75.25
14750 75.08
15000 75.02
15250 74.88
15500 74.50
15750 73.94
16000 73.34
16250 72.72
16500 72.07
16750 71.38
17000 70.70
17250 70.10
17500 69.59
17750 69.14
18000 68.70
18250 68.16
18500 67.42
18750 66.38
19000 65.01
19250 63.33
19500 61.39
19750 59.41
20000 57.92
