20.000000	96.606
20.299999	96.603
20.600000	96.605
20.900000	96.608
21.200001	96.612
21.400000	96.615
21.799999	96.619
22.000000	96.620
22.400000	96.620
22.700001	96.617
23.000000	96.612
23.299999	96.602
23.600000	96.589
24.000000	96.567
24.299999	96.547
24.700001	96.516
25.000000	96.490
25.400000	96.452
25.799999	96.410
26.200001	96.364
26.500000	96.329
26.900000	96.282
27.200001	96.248
27.600000	96.204
28.000000	96.166
28.500000	96.126
29.000000	96.094
29.500000	96.066
30.000000	96.041
30.400000	96.020
30.700001	96.005
31.100000	95.984
31.500000	95.960
32.000000	95.927
32.500000	95.890
33.000000	95.849
33.500000	95.802
34.000000	95.748
34.500000	95.689
35.000000	95.626
35.500000	95.565
36.000000	95.507
36.500000	95.455
37.000000	95.406
37.500000	95.358
38.200001	95.297
38.700001	95.257
39.500000	95.196
40.000000	95.156
40.599998	95.106
41.200001	95.053
41.799999	94.993
42.500000	94.919
43.099998	94.852
43.700001	94.785
44.400002	94.707
45.000000	94.643
45.500000	94.594
46.200001	94.525
46.799999	94.468
47.500000	94.401
48.200001	94.334
48.700001	94.284
49.400002	94.215
50.000000	94.161
50.799999	94.092
51.500000	94.029
52.200001	93.963
53.000000	93.883
53.799999	93.807
54.500000	93.743
55.200001	93.680
56.000000	93.612
57.000000	93.525
58.000000	93.438
59.000000	93.346
60.000000	93.252
60.799999	93.177
61.500000	93.111
62.200001	93.048
63.000000	92.978
64.000000	92.894
65.000000	92.811
66.000000	92.727
67.000000	92.642
68.000000	92.555
69.000000	92.466
70.000000	92.379
71.000000	92.294
72.000000	92.214
73.000000	92.135
74.000000	92.058
75.000000	91.981
76.199997	91.887
77.500000	91.784
78.800003	91.680
80.000000	91.587
81.199997	91.495
82.500000	91.397
83.800003	91.299
85.000000	91.209
86.199997	91.122
87.500000	91.029
88.500000	90.960
90.000000	90.856
91.199997	90.771
92.500000	90.678
93.800003	90.587
95.000000	90.507
96.199997	90.431
97.500000	90.354
98.800003	90.276
100.000000	90.200
101.500000	90.097
103.000000	89.996
104.400002	89.904
106.000000	89.801
107.500000	89.706
109.000000	89.614
110.599998	89.517
112.000000	89.434
113.800003	89.328
115.000000	89.258
117.199997	89.132
118.000000	89.086
120.599998	88.940
122.000000	88.862
124.099998	88.745
125.000000	88.696
126.500000	88.614
128.000000	88.535
131.500000	88.349
132.000000	88.322
134.000000	88.214
136.000000	88.109
138.000000	88.005
140.000000	87.898
143.000000	87.733
145.000000	87.631
147.500000	87.525
150.000000	87.438
152.500000	87.353
155.000000	87.270
157.500000	87.196
160.000000	87.130
162.500000	87.067
165.000000	87.002
167.500000	86.934
170.000000	86.861
172.500000	86.782
175.000000	86.701
177.500000	86.620
180.000000	86.541
182.500000	86.466
185.000000	86.397
187.500000	86.329
190.000000	86.263
192.500000	86.195
195.000000	86.125
197.500000	86.056
200.000000	85.990
203.000000	85.910
206.000000	85.828
209.000000	85.742
212.000000	85.655
214.000000	85.596
218.000000	85.480
220.000000	85.422
224.000000	85.308
227.000000	85.225
230.000000	85.144
233.000000	85.066
236.000000	84.989
240.000000	84.886
243.000000	84.809
247.000000	84.711
250.000000	84.639
254.000000	84.544
258.000000	84.452
262.000000	84.361
265.000000	84.293
269.000000	84.204
272.000000	84.141
276.000000	84.058
280.000000	83.976
285.000000	83.875
290.000000	83.776
295.000000	83.681
300.000000	83.589
304.000000	83.516
307.000000	83.462
311.000000	83.392
315.000000	83.325
320.000000	83.243
325.000000	83.165
330.000000	83.090
335.000000	83.019
340.000000	82.953
345.000000	82.890
350.000000	82.832
355.000000	82.778
360.000000	82.726
365.000000	82.674
370.000000	82.620
375.000000	82.565
382.000000	82.487
387.000000	82.432
395.000000	82.347
400.000000	82.293
406.000000	82.228
412.000000	82.163
418.000000	82.102
425.000000	82.032
431.000000	81.977
437.000000	81.924
444.000000	81.864
450.000000	81.817
455.000000	81.777
462.000000	81.724
468.000000	81.682
475.000000	81.637
482.000000	81.597
487.000000	81.570
494.000000	81.531
500.000000	81.498
508.000000	81.456
515.000000	81.421
522.000000	81.386
530.000000	81.348
538.000000	81.311
545.000000	81.279
552.000000	81.247
560.000000	81.213
570.000000	81.173
580.000000	81.137
590.000000	81.106
600.000000	81.079
608.000000	81.061
615.000000	81.047
622.000000	81.035
630.000000	81.024
640.000000	81.009
650.000000	80.981
660.000000	80.933
670.000000	80.880
680.000000	80.846
690.000000	80.831
700.000000	80.822
710.000000	80.818
720.000000	80.821
730.000000	80.828
740.000000	80.837
750.000000	80.847
762.000000	80.862
775.000000	80.881
788.000000	80.905
800.000000	80.932
812.000000	80.963
825.000000	80.999
838.000000	81.041
850.000000	81.084
862.000000	81.129
875.000000	81.181
885.000000	81.227
900.000000	81.299
912.000000	81.362
925.000000	81.434
938.000000	81.513
950.000000	81.591
962.000000	81.674
975.000000	81.772
988.000000	81.876
1000.000000	81.978
1015.000000	82.113
1030.000000	82.257
1044.000000	82.399
1060.000000	82.569
1075.000000	82.735
1090.000000	82.905
1106.000000	83.089
1120.000000	83.248
1138.000000	83.445
1150.000000	83.571
1172.000000	83.788
1180.000000	83.863
1206.000000	84.090
1220.000000	84.204
1241.000000	84.365
1250.000000	84.431
1265.000000	84.538
1280.000000	84.643
1315.000000	84.878
1320.000000	84.911
1340.000000	85.042
1360.000000	85.172
1380.000000	85.302
1400.000000	85.431
1430.000000	85.626
1450.000000	85.757
1475.000000	85.921
1500.000000	86.087
1525.000000	86.256
1550.000000	86.427
1575.000000	86.602
1600.000000	86.781
1625.000000	86.964
1650.000000	87.152
1675.000000	87.344
1700.000000	87.539
1725.000000	87.738
1750.000000	87.940
1775.000000	88.144
1800.000000	88.352
1825.000000	88.563
1850.000000	88.777
1875.000000	88.993
1900.000000	89.213
1925.000000	89.434
1950.000000	89.657
1975.000000	89.881
2000.000000	90.108
2030.000000	90.381
2060.000000	90.652
2090.000000	90.921
2120.000000	91.186
2140.000000	91.361
2180.000000	91.703
2200.000000	91.869
2240.000000	92.189
2270.000000	92.415
2300.000000	92.628
2330.000000	92.826
2360.000000	93.008
2400.000000	93.224
2430.000000	93.365
2470.000000	93.523
2500.000000	93.619
2540.000000	93.716
2580.000000	93.781
2620.000000	93.817
2650.000000	93.827
2690.000000	93.823
2720.000000	93.809
2760.000000	93.781
2800.000000	93.742
2850.000000	93.679
2900.000000	93.601
2950.000000	93.510
3000.000000	93.407
3040.000000	93.321
3070.000000	93.254
3110.000000	93.165
3150.000000	93.076
3200.000000	92.968
3250.000000	92.864
3300.000000	92.764
3350.000000	92.669
3400.000000	92.576
3450.000000	92.483
3500.000000	92.389
3550.000000	92.293
3600.000000	92.192
3650.000000	92.084
3700.000000	91.968
3750.000000	91.840
3820.000000	91.635
3870.000000	91.468
3950.000000	91.160
4000.000000	90.942
4060.000000	90.654
4120.000000	90.337
4180.000000	89.994
4250.000000	89.566
4310.000000	89.178
4370.000000	88.776
4440.000000	88.294
4500.000000	87.875
4550.000000	87.522
4620.000000	87.025
4680.000000	86.600
4750.000000	86.108
4820.000000	85.621
4870.000000	85.279
4940.000000	84.809
5000.000000	84.415
5080.000000	83.908
5150.000000	83.480
5220.000000	83.067
5300.000000	82.616
5380.000000	82.188
5450.000000	81.833
5520.000000	81.496
5600.000000	81.133
5700.000000	80.712
5800.000000	80.326
5900.000000	79.978
6000.000000	79.668
6080.000000	79.448
6150.000000	79.275
6220.000000	79.121
6300.000000	78.969
6400.000000	78.813
6500.000000	78.697
6600.000000	78.623
6700.000000	78.588
6800.000000	78.597
6900.000000	78.651
7000.000000	78.755
7100.000000	78.911
7200.000000	79.125
7300.000000	79.398
7400.000000	79.734
7500.000000	80.140
7620.000000	80.731
7750.000000	81.512
7880.000000	82.454
8000.000000	83.459
8120.000000	84.555
8250.000000	85.752
8380.000000	86.812
8500.000000	87.518
8620.000000	87.849
8750.000000	87.719
8850.000000	87.287
9000.000000	86.210
9120.000000	85.118
9250.000000	83.853
9380.000000	82.625
9500.000000	81.596
9620.000000	80.708
9750.000000	79.911
9880.000000	79.264
10000.000000	78.782
10150.000000	78.334
10300.000000	78.058
10440.000000	77.955
10600.000000	78.023
10750.000000	78.263
10900.000000	78.684
11060.000000	79.354
11200.000000	80.134
11380.000000	81.360
11500.000000	82.247
11720.000000	83.727
11800.000000	84.126
12060.000000	84.522
12200.000000	84.069
12410.000000	82.603
12500.000000	81.763
12650.000000	80.201
12800.000000	78.561
13150.000000	75.014
13200.000000	74.571
13400.000000	72.978
13600.000000	71.659
13800.000000	70.583
14000.000000	69.713
14300.000000	68.746
14500.000000	68.316
14750.000000	68.020
15000.000000	67.997
15250.000000	68.260
15500.000000	68.831
15750.000000	69.719
16000.000000	70.880
16250.000000	72.196
16500.000000	73.462
16750.000000	74.431
17000.000000	74.905
17250.000000	74.798
17500.000000	74.171
17750.000000	73.201
18000.000000	72.122
18250.000000	71.161
18500.000000	70.499
18750.000000	70.227
19000.000000	70.324
19250.000000	70.618
19500.000000	70.847
19750.000000	70.822
20000.000000	70.648
