20 82.75
20.299999 82.77
20.6 82.78
20.9 82.81
21.200001 82.85
21.4 82.88
21.799999 82.95
22 83.00
22.4 83.09
22.700001 83.17
23 83.26
23.299999 83.35
23.6 83.45
24 83.57
24.299999 83.66
24.700001 83.78
25 83.85
25.4 83.94
25.799999 84.02
26.200001 84.09
26.5 84.12
26.9 84.16
27.200001 84.19
27.6 84.21
28 84.23
28.5 84.25
29 84.26
29.5 84.28
30 84.31
30.4 84.34
30.700001 84.37
31.1 84.41
31.5 84.45
32 84.51
32.5 84.57
33 84.63
33.5 84.68
34 84.72
34.5 84.76
35 84.79
35.5 84.82
36 84.85
36.5 84.88
37 84.90
37.5 84.92
38.200001 84.94
38.700001 84.95
39.5 84.97
40 84.99
40.599998 85.02
41.200001 85.05
41.799999 85.09
42.5 85.12
43.099998 85.14
43.700001 85.15
44.400002 85.17
45 85.18
45.5 85.19
46.200001 85.19
46.799999 85.19
47.5 85.21
48.200001 85.23
48.700001 85.25
49.400002 85.27
50 85.29
50.799999 85.30
51.5 85.31
52.200001 85.31
53 85.33
53.799999 85.34
54.5 85.35
55.200001 85.36
56 85.36
57 85.36
58 85.35
59 85.36
60 85.35
60.799999 85.34
61.5 85.33
62.200001 85.34
63 85.34
64 85.34
65 85.33
66 85.36
67 85.37
68 85.36
69 85.35
70 85.34
71 85.34
72 85.34
73 85.33
74 85.33
75 85.32
76.199997 85.31
77.5 85.29
78.800003 85.28
80 85.26
81.199997 85.25
82.5 85.24
83.800003 85.23
85 85.21
86.199997 85.19
87.5 85.18
88.5 85.16
90 85.14
91.199997 85.13
92.5 85.12
93.800003 85.10
95 85.09
96.199997 85.07
97.5 85.04
98.800003 85.02
100 85.00
101.5 84.97
103 84.95
104.400002 84.93
106 84.90
107.5 84.88
109 84.86
110.599998 84.82
112 84.79
113.800003 84.75
115 84.73
117.199997 84.69
118 84.67
120.599998 84.63
122 84.60
124.099998 84.55
125 84.53
126.5 84.50
128 84.47
131.5 84.40
132 84.39
134 84.35
136 84.31
138 84.25
140 84.19
143 84.11
145 84.06
147.5 84.00
150 83.93
152.5 83.85
155 83.78
157.5 83.69
160 83.59
162.5 83.48
165 83.41
167.5 83.39
170 83.38
172.5 83.39
175 83.39
177.5 83.40
180 83.40
182.5 83.37
185 83.33
187.5 83.29
190 83.25
192.5 83.20
195 83.16
197.5 83.11
200 83.06
203 82.97
206 82.89
209 82.82
212 82.77
214 82.74
218 82.68
220 82.66
224 82.63
227 82.61
230 82.59
233 82.55
236 82.51
240 82.46
243 82.41
247 82.35
250 82.30
254 82.24
258 82.18
262 82.11
265 82.06
269 82.00
272 81.95
276 81.89
280 81.83
285 81.75
290 81.67
295 81.59
300 81.51
304 81.44
307 81.40
311 81.34
315 81.29
320 81.22
325 81.15
330 81.08
335 81.01
340 80.94
345 80.87
350 80.80
355 80.74
360 80.68
365 80.62
370 80.55
375 80.49
382 80.40
387 80.34
395 80.26
400 80.21
406 80.14
412 80.07
418 80.01
425 79.94
431 79.88
437 79.82
444 79.75
450 79.69
455 79.65
462 79.58
468 79.53
475 79.47
482 79.41
487 79.37
494 79.31
500 79.27
508 79.20
515 79.15
522 79.10
530 79.04
538 78.99
545 78.94
552 78.90
560 78.85
570 78.79
580 78.73
590 78.68
600 78.62
608 78.59
615 78.56
622 78.53
630 78.49
640 78.45
650 78.41
660 78.37
670 78.33
680 78.30
690 78.28
700 78.26
710 78.23
720 78.21
730 78.19
740 78.18
750 78.17
762 78.16
775 78.16
788 78.16
800 78.16
812 78.17
825 78.19
838 78.21
850 78.23
862 78.26
875 78.30
885 78.33
900 78.39
912 78.43
925 78.49
938 78.56
950 78.62
962 78.68
975 78.75
988 78.83
1000 78.91
1015 79.00
1030 79.09
1044 79.19
1060 79.30
1075 79.40
1090 79.50
1106 79.61
1120 79.71
1138 79.84
1150 79.92
1172 80.07
1180 80.12
1206 80.29
1220 80.37
1241 80.51
1250 80.56
1265 80.65
1280 80.74
1315 80.93
1320 80.96
1340 81.07
1360 81.17
1380 81.28
1400 81.38
1430 81.54
1450 81.64
1475 81.76
1500 81.89
1525 82.02
1550 82.15
1575 82.29
1600 82.42
1625 82.56
1650 82.71
1675 82.85
1700 82.99
1725 83.14
1750 83.28
1775 83.42
1800 83.56
1825 83.69
1850 83.82
1875 83.94
1900 84.06
1925 84.18
1950 84.29
1975 84.39
2000 84.49
2030 84.61
2060 84.72
2090 84.82
2120 84.92
2140 84.98
2180 85.10
2200 85.15
2240 85.26
2270 85.33
2300 85.39
2330 85.45
2360 85.49
2400 85.55
2430 85.58
2470 85.60
2500 85.61
2540 85.62
2580 85.63
2620 85.66
2650 85.72
2690 85.81
2720 85.89
2760 85.99
2800 86.06
2850 86.10
2900 86.10
2950 86.08
3000 86.04
3040 86.01
3070 85.98
3110 85.94
3150 85.90
3200 85.85
3250 85.78
3300 85.69
3350 85.59
3400 85.50
3450 85.43
3500 85.37
3550 85.32
3600 85.28
3650 85.24
3700 85.20
3750 85.17
3820 85.13
3870 85.11
3950 85.08
4000 85.06
4060 85.03
4120 85.01
4180 84.98
4250 84.92
4310 84.86
4370 84.78
4440 84.66
4500 84.53
4550 84.42
4620 84.24
4680 84.11
4750 84.02
4820 84.05
4870 84.13
4940 84.28
5000 84.38
5080 84.43
5150 84.40
5220 84.31
5300 84.18
5380 84.02
5450 83.87
5520 83.72
5600 83.54
5700 83.33
5800 83.13
5900 82.95
6000 82.80
6080 82.69
6150 82.62
6220 82.57
6300 82.53
6400 82.52
6500 82.52
6600 82.54
6700 82.56
6800 82.56
6900 82.54
7000 82.49
7100 82.43
7200 82.40
7300 82.43
7400 82.55
7500 82.78
7620 83.22
7750 83.89
7880 84.78
8000 85.76
8120 86.86
8250 88.03
8380 88.93
8500 89.26
8620 88.98
8750 88.04
8850 87.03
9000 85.34
9120 84.03
9250 82.73
9380 81.58
9500 80.66
9620 79.91
9750 79.24
9880 78.64
10000 78.17
10150 77.72
10300 77.39
10440 77.20
10600 77.09
10750 77.09
10900 77.19
11060 77.40
11200 77.66
11380 78.10
11500 78.44
11720 79.14
11800 79.40
12060 80.26
12200 80.70
12410 81.35
12500 81.64
12650 82.14
12800 82.65
13150 83.49
13200 83.51
13400 83.26
13600 82.48
13800 81.39
14000 80.26
14300 78.87
14500 78.24
14750 77.74
15000 77.43
15250 77.10
15500 76.58
15750 75.75
16000 74.68
16250 73.42
16500 72.01
16750 70.62
17000 69.80
17250 69.48
17500 69.35
17750 69.51
18000 70.05
18250 70.72
18500 70.95
18750 70.13
19000 68.03
19250 64.96
19500 61.50
19750 58.25
20000 56.20
