20 91.33
20.299999 91.38
20.6 91.42
20.9 91.45
21.200001 91.48
21.4 91.49
21.799999 91.50
22 91.50
22.4 91.49
22.700001 91.49
23 91.48
23.299999 91.48
23.6 91.48
24 91.48
24.299999 91.48
24.700001 91.48
25 91.48
25.4 91.49
25.799999 91.49
26.200001 91.51
26.5 91.52
26.9 91.54
27.200001 91.56
27.6 91.59
28 91.61
28.5 91.63
29 91.64
29.5 91.65
30 91.66
30.4 91.65
30.700001 91.64
31.1 91.62
31.5 91.60
32 91.57
32.5 91.56
33 91.56
33.5 91.56
34 91.55
34.5 91.55
35 91.54
35.5 91.54
36 91.54
36.5 91.54
37 91.54
37.5 91.55
38.200001 91.54
38.700001 91.52
39.5 91.50
40 91.48
40.599998 91.46
41.200001 91.44
41.799999 91.41
42.5 91.39
43.099998 91.37
43.700001 91.35
44.400002 91.32
45 91.31
45.5 91.29
46.200001 91.27
46.799999 91.25
47.5 91.22
48.200001 91.19
48.700001 91.16
49.400002 91.13
50 91.11
50.799999 91.08
51.5 91.06
52.200001 91.03
53 91.00
53.799999 90.96
54.5 90.93
55.200001 90.90
56 90.86
57 90.82
58 90.77
59 90.72
60 90.67
60.799999 90.63
61.5 90.60
62.200001 90.57
63 90.53
64 90.48
65 90.42
66 90.37
67 90.32
68 90.28
69 90.23
70 90.18
71 90.11
72 90.05
73 90.00
74 89.95
75 89.89
76.199997 89.82
77.5 89.75
78.800003 89.67
80 89.59
81.199997 89.52
82.5 89.44
83.800003 89.36
85 89.29
86.199997 89.21
87.5 89.13
88.5 89.07
90 88.96
91.199997 88.86
92.5 88.77
93.800003 88.68
95 88.59
96.199997 88.51
97.5 88.45
98.800003 88.41
100 88.36
101.5 88.28
103 88.22
104.400002 88.16
106 88.14
107.5 88.19
109 88.20
110.599998 88.11
112 88.00
113.800003 87.90
115 87.89
117.199997 87.97
118 87.97
120.599998 87.87
122 87.84
124.099998 87.77
125 87.73
126.5 87.66
128 87.60
131.5 87.47
132 87.44
134 87.34
136 87.24
138 87.15
140 87.06
143 86.91
145 86.82
147.5 86.72
150 86.61
152.5 86.50
155 86.42
157.5 86.34
160 86.26
162.5 86.16
165 86.06
167.5 85.97
170 85.88
172.5 85.79
175 85.70
177.5 85.62
180 85.53
182.5 85.44
185 85.36
187.5 85.25
190 85.16
192.5 85.08
195 85.00
197.5 84.91
200 84.83
203 84.74
206 84.68
209 84.65
212 84.65
214 84.65
218 84.66
220 84.66
224 84.73
227 84.80
230 84.81
233 84.76
236 84.72
240 84.68
243 84.65
247 84.58
250 84.54
254 84.48
258 84.41
262 84.35
265 84.32
269 84.27
272 84.23
276 84.18
280 84.14
285 84.10
290 84.07
295 84.03
300 83.98
304 83.95
307 83.93
311 83.91
315 83.90
320 83.88
325 83.82
330 83.79
335 83.77
340 83.75
345 83.73
350 83.71
355 83.69
360 83.68
365 83.67
370 83.66
375 83.63
382 83.59
387 83.58
395 83.56
400 83.56
406 83.57
412 83.58
418 83.56
425 83.53
431 83.51
437 83.50
444 83.49
450 83.49
455 83.48
462 83.46
468 83.44
475 83.41
482 83.40
487 83.41
494 83.42
500 83.41
508 83.39
515 83.39
522 83.38
530 83.37
538 83.36
545 83.35
552 83.34
560 83.34
570 83.33
580 83.32
590 83.32
600 83.31
608 83.31
615 83.31
622 83.31
630 83.31
640 83.28
650 83.28
660 83.29
670 83.29
680 83.29
690 83.26
700 83.26
710 83.26
720 83.27
730 83.27
740 83.26
750 83.26
762 83.27
775 83.28
788 83.28
800 83.29
812 83.30
825 83.33
838 83.36
850 83.37
862 83.40
875 83.43
885 83.46
900 83.51
912 83.55
925 83.61
938 83.66
950 83.71
962 83.77
975 83.84
988 83.91
1000 83.98
1015 84.06
1030 84.16
1044 84.24
1060 84.34
1075 84.43
1090 84.53
1106 84.63
1120 84.72
1138 84.83
1150 84.90
1172 85.03
1180 85.08
1206 85.22
1220 85.30
1241 85.41
1250 85.46
1265 85.53
1280 85.60
1315 85.76
1320 85.78
1340 85.86
1360 85.95
1380 86.03
1400 86.10
1430 86.21
1450 86.29
1475 86.37
1500 86.46
1525 86.54
1550 86.62
1575 86.71
1600 86.79
1625 86.87
1650 86.94
1675 87.02
1700 87.10
1725 87.17
1750 87.25
1775 87.32
1800 87.39
1825 87.47
1850 87.54
1875 87.61
1900 87.68
1925 87.74
1950 87.81
1975 87.87
2000 87.93
2030 88.01
2060 88.09
2090 88.16
2120 88.24
2140 88.30
2180 88.40
2200 88.46
2240 88.56
2270 88.62
2300 88.68
2330 88.73
2360 88.76
2400 88.80
2430 88.81
2470 88.82
2500 88.82
2540 88.81
2580 88.79
2620 88.75
2650 88.72
2690 88.67
2720 88.62
2760 88.56
2800 88.49
2850 88.39
2900 88.30
2950 88.19
3000 88.09
3040 88.00
3070 87.94
3110 87.85
3150 87.76
3200 87.65
3250 87.55
3300 87.44
3350 87.35
3400 87.26
3450 87.19
3500 87.12
3550 87.07
3600 87.04
3650 87.02
3700 87.01
3750 87.03
3820 87.07
3870 87.12
3950 87.22
4000 87.29
4060 87.36
4120 87.41
4180 87.44
4250 87.43
4310 87.39
4370 87.32
4440 87.20
4500 87.06
4550 86.92
4620 86.69
4680 86.44
4750 86.11
4820 85.74
4870 85.46
4940 85.08
5000 84.77
5080 84.43
5150 84.24
5220 84.17
5300 84.22
5380 84.38
5450 84.55
5520 84.69
5600 84.76
5700 84.70
5800 84.47
5900 84.15
6000 83.80
6080 83.55
6150 83.35
6220 83.20
6300 83.07
6400 83.01
6500 83.05
6600 83.19
6700 83.45
6800 83.83
6900 84.32
7000 84.90
7100 85.55
7200 86.21
7300 86.79
7400 87.19
7500 87.32
7620 87.06
7750 86.30
7880 85.22
8000 84.12
8120 83.05
8250 82.02
8380 81.15
8500 80.51
8620 80.02
8750 79.65
8850 79.48
9000 79.41
9120 79.50
9250 79.75
9380 80.18
9500 80.71
9620 81.34
9750 82.03
9880 82.63
10000 83.03
10150 83.34
10300 83.53
10440 83.64
10600 83.59
10750 83.29
10900 82.77
11060 82.07
11200 81.43
11380 80.71
11500 80.32
11720 79.88
11800 79.81
12060 79.89
12200 80.14
12410 80.75
12500 81.10
12650 81.79
12800 82.59
13150 84.59
13200 84.86
13400 85.73
13600 86.21
13800 86.28
14000 86.06
14300 85.69
14500 85.67
14750 86.10
15000 87.10
15250 88.51
15500 89.77
15750 90.15
16000 89.44
16250 88.12
16500 86.79
16750 85.84
17000 85.47
17250 85.65
17500 85.96
17750 85.69
18000 84.55
18250 82.71
18500 80.50
18750 78.27
19000 76.24
19250 74.50
19500 73.03
19750 71.83
20000 71.12
