20 89.76
20.299999 89.78
20.6 89.81
20.9 89.83
21.200001 89.85
21.4 89.87
21.799999 89.89
22 89.89
22.4 89.87
22.700001 89.83
23 89.79
23.299999 89.75
23.6 89.72
24 89.72
24.299999 89.73
24.700001 89.77
25 89.79
25.4 89.80
25.799999 89.78
26.200001 89.76
26.5 89.75
26.9 89.75
27.200001 89.77
27.6 89.81
28 89.86
28.5 89.93
29 89.97
29.5 89.97
30 89.93
30.4 89.89
30.700001 89.86
31.1 89.83
31.5 89.82
32 89.81
32.5 89.81
33 89.80
33.5 89.79
34 89.78
34.5 89.77
35 89.75
35.5 89.75
36 89.74
36.5 89.73
37 89.72
37.5 89.71
38.200001 89.70
38.700001 89.68
39.5 89.65
40 89.62
40.599998 89.61
41.200001 89.59
41.799999 89.56
42.5 89.53
43.099998 89.51
43.700001 89.50
44.400002 89.47
45 89.44
45.5 89.42
46.200001 89.42
46.799999 89.40
47.5 89.36
48.200001 89.33
48.700001 89.30
49.400002 89.26
50 89.22
50.799999 89.17
51.5 89.15
52.200001 89.12
53 89.08
53.799999 89.04
54.5 89.02
55.200001 88.97
56 88.92
57 88.88
58 88.82
59 88.76
60 88.72
60.799999 88.67
61.5 88.62
62.200001 88.59
63 88.55
64 88.47
65 88.41
66 88.37
67 88.29
68 88.23
69 88.20
70 88.14
71 88.08
72 88.01
73 87.95
74 87.90
75 87.83
76.199997 87.75
77.5 87.67
78.800003 87.58
80 87.50
81.199997 87.43
82.5 87.34
83.800003 87.27
85 87.20
86.199997 87.12
87.5 87.05
88.5 86.99
90 86.88
91.199997 86.78
92.5 86.66
93.800003 86.52
95 86.41
96.199997 86.32
97.5 86.26
98.800003 86.24
100 86.23
101.5 86.19
103 86.10
104.400002 85.96
106 85.75
107.5 85.62
109 85.61
110.599998 85.64
112 85.69
113.800003 85.76
115 85.80
117.199997 85.81
118 85.79
120.599998 85.67
122 85.66
124.099998 85.59
125 85.52
126.5 85.44
128 85.44
131.5 85.21
132 85.18
134 85.08
136 84.99
138 84.87
140 84.79
143 84.68
145 84.59
147.5 84.49
150 84.39
152.5 84.31
155 84.21
157.5 84.11
160 84.03
162.5 83.96
165 83.88
167.5 83.79
170 83.71
172.5 83.63
175 83.56
177.5 83.49
180 83.42
182.5 83.36
185 83.31
187.5 83.23
190 83.16
192.5 83.09
195 83.02
197.5 82.96
200 82.89
203 82.81
206 82.73
209 82.67
212 82.63
214 82.63
218 82.64
220 82.67
224 82.77
227 82.85
230 82.91
233 82.95
236 82.96
240 82.94
243 82.92
247 82.89
250 82.87
254 82.85
258 82.82
262 82.80
265 82.79
269 82.77
272 82.75
276 82.72
280 82.71
285 82.70
290 82.69
295 82.68
300 82.67
304 82.66
307 82.66
311 82.66
315 82.66
320 82.66
325 82.65
330 82.65
335 82.66
340 82.66
345 82.65
350 82.67
355 82.68
360 82.68
365 82.69
370 82.69
375 82.69
382 82.70
387 82.71
395 82.72
400 82.73
406 82.73
412 82.74
418 82.74
425 82.76
431 82.76
437 82.76
444 82.78
450 82.79
455 82.79
462 82.80
468 82.80
475 82.81
482 82.82
487 82.83
494 82.84
500 82.84
508 82.85
515 82.85
522 82.85
530 82.86
538 82.87
545 82.87
552 82.88
560 82.89
570 82.90
580 82.91
590 82.91
600 82.92
608 82.93
615 82.94
622 82.94
630 82.95
640 82.96
650 82.97
660 82.98
670 82.99
680 83.00
690 83.01
700 83.02
710 83.02
720 83.03
730 83.04
740 83.05
750 83.07
762 83.09
775 83.11
788 83.14
800 83.16
812 83.19
825 83.22
838 83.26
850 83.30
862 83.34
875 83.39
885 83.43
900 83.50
912 83.56
925 83.62
938 83.69
950 83.76
962 83.83
975 83.91
988 83.99
1000 84.07
1015 84.17
1030 84.27
1044 84.37
1060 84.48
1075 84.58
1090 84.69
1106 84.79
1120 84.89
1138 85.01
1150 85.09
1172 85.23
1180 85.28
1206 85.43
1220 85.51
1241 85.62
1250 85.67
1265 85.75
1280 85.82
1315 85.98
1320 86.00
1340 86.09
1360 86.17
1380 86.25
1400 86.33
1430 86.44
1450 86.51
1475 86.60
1500 86.68
1525 86.76
1550 86.84
1575 86.92
1600 87.00
1625 87.07
1650 87.15
1675 87.22
1700 87.30
1725 87.37
1750 87.44
1775 87.51
1800 87.59
1825 87.66
1850 87.72
1875 87.79
1900 87.85
1925 87.92
1950 87.98
1975 88.04
2000 88.10
2030 88.17
2060 88.24
2090 88.31
2120 88.38
2140 88.43
2180 88.52
2200 88.57
2240 88.67
2270 88.73
2300 88.79
2330 88.84
2360 88.88
2400 88.91
2430 88.93
2470 88.94
2500 88.94
2540 88.93
2580 88.91
2620 88.87
2650 88.84
2690 88.79
2720 88.74
2760 88.67
2800 88.59
2850 88.48
2900 88.37
2950 88.26
3000 88.15
3040 88.06
3070 88.00
3110 87.91
3150 87.82
3200 87.71
3250 87.60
3300 87.50
3350 87.41
3400 87.32
3450 87.24
3500 87.17
3550 87.11
3600 87.07
3650 87.05
3700 87.03
3750 87.03
3820 87.06
3870 87.10
3950 87.17
4000 87.22
4060 87.28
4120 87.32
4180 87.34
4250 87.32
4310 87.28
4370 87.22
4440 87.10
4500 86.97
4550 86.83
4620 86.60
4680 86.36
4750 86.02
4820 85.65
4870 85.37
4940 84.97
5000 84.66
5080 84.32
5150 84.13
5220 84.05
5300 84.11
5380 84.26
5450 84.42
5520 84.54
5600 84.60
5700 84.51
5800 84.25
5900 83.90
6000 83.53
6080 83.24
6150 83.02
6220 82.84
6300 82.68
6400 82.56
6500 82.54
6600 82.63
6700 82.82
6800 83.13
6900 83.54
7000 84.07
7100 84.70
7200 85.42
7300 86.17
7400 86.86
7500 87.39
7620 87.66
7750 87.38
7880 86.57
8000 85.55
8120 84.45
8250 83.32
8380 82.33
8500 81.58
8620 80.98
8750 80.50
8850 80.25
9000 80.06
9120 80.06
9250 80.21
9380 80.53
9500 80.97
9620 81.53
9750 82.17
9880 82.76
10000 83.21
10150 83.61
10300 83.89
10440 84.05
10600 84.05
10750 83.78
10900 83.28
11060 82.57
11200 81.91
11380 81.12
11500 80.69
11720 80.14
11800 80.03
12060 80.00
12200 80.17
12410 80.68
12500 80.98
12650 81.59
12800 82.32
13150 84.27
13200 84.55
13400 85.51
13600 86.14
13800 86.34
14000 86.19
14300 85.72
14500 85.54
14750 85.69
15000 86.39
15250 87.60
15500 88.98
15750 89.88
16000 89.82
16250 88.86
16500 87.43
16750 86.09
17000 85.32
17250 85.41
17500 86.16
17750 86.82
18000 86.70
18250 85.54
18500 83.51
18750 81.10
19000 78.71
19250 76.59
19500 74.75
19750 73.23
20000 72.33
