20.000000	83.443
20.290907	83.493
20.586045	83.541
20.885476	83.592
21.189262	83.645
21.497467	83.698
21.810155	83.749
22.127391	83.789
22.449241	83.822
22.775773	83.850
23.107054	83.882
23.443154	83.927
23.784142	83.993
24.130091	84.079
24.481071	84.188
24.837156	84.309
25.198421	84.438
25.564940	84.565
25.936791	84.680
26.314050	84.774
26.696797	84.836
27.085111	84.878
27.479073	84.912
27.878765	84.962
28.284271	85.044
28.695675	85.144
29.113064	85.245
29.536523	85.322
29.966142	85.350
30.402009	85.344
30.844217	85.327
31.292856	85.321
31.748021	85.324
32.209807	85.316
32.678309	85.278
33.153626	85.210
33.635857	85.131
34.125101	85.070
34.621462	85.038
35.125043	85.022
35.635949	85.002
36.154286	84.970
36.680162	84.930
37.213687	84.889
37.754973	84.844
38.304131	84.790
38.861278	84.719
39.426528	84.641
40.000000	84.567
40.581813	84.503
41.172089	84.438
41.770951	84.369
42.378524	84.301
42.994934	84.238
43.620309	84.181
44.254781	84.133
44.898482	84.096
45.551545	84.075
46.214108	84.071
46.886308	84.080
47.568285	84.098
48.260181	84.124
48.962142	84.153
49.674312	84.180
50.396842	84.198
51.129881	84.206
51.873582	84.197
52.628101	84.165
53.393594	84.116
54.170222	84.056
54.958146	83.993
55.757531	83.929
56.568542	83.866
57.391351	83.803
58.226127	83.738
59.073046	83.673
59.932283	83.611
60.804018	83.551
61.688433	83.498
62.585712	83.459
63.496042	83.431
64.419613	83.415
65.356618	83.411
66.307252	83.419
67.271713	83.437
68.250203	83.463
69.242925	83.500
70.250086	83.544
71.271897	83.594
72.308571	83.649
73.360323	83.709
74.427374	83.767
75.509945	83.818
76.608262	83.866
77.722555	83.914
78.853056	83.963
80.000000	84.005
81.163627	84.043
82.344179	84.077
83.541903	84.105
84.757048	84.127
85.989867	84.142
87.240619	84.154
88.509563	84.164
89.796964	84.168
91.103091	84.163
92.428216	84.142
93.772615	84.104
95.136569	84.051
96.520362	83.982
97.924283	83.900
99.348625	83.805
100.793684	83.700
102.259762	83.591
103.747164	83.482
105.256202	83.381
106.787188	83.289
108.340444	83.210
109.916292	83.147
111.515061	83.094
113.137085	83.042
114.782702	82.984
116.452255	82.915
118.146092	82.844
119.864566	82.767
121.608036	82.692
123.376866	82.624
125.171424	82.558
126.992084	82.488
128.839227	82.411
130.713236	82.329
132.614504	82.252
134.543426	82.181
136.500406	82.104
138.485850	82.017
140.500173	81.932
142.543795	81.853
144.617142	81.771
146.720647	81.681
148.854748	81.588
151.019890	81.494
153.216525	81.399
155.445111	81.306
157.706112	81.217
160.000000	81.140
162.327254	81.079
164.688358	81.029
167.083805	80.988
169.514095	80.948
171.979734	80.908
174.481237	80.867
177.019125	80.830
179.593928	80.797
182.206182	80.769
184.856431	80.738
187.545230	80.698
190.273138	80.653
193.040725	80.622
195.848567	80.620
198.697250	80.653
201.587368	80.709
204.519524	80.772
207.494329	80.833
210.512403	80.886
213.574377	80.929
216.680888	80.961
219.832584	80.988
223.030122	81.012
226.274170	81.037
229.565404	81.061
232.904509	81.082
236.292183	81.096
239.729132	81.104
243.216073	81.108
246.753732	81.112
250.342848	81.122
253.984168	81.144
257.678453	81.185
261.426473	81.242
265.229008	81.310
269.086853	81.378
273.000811	81.438
276.971700	81.486
281.000346	81.520
285.087590	81.544
289.234284	81.558
293.441294	81.566
297.709496	81.571
302.039780	81.573
306.433050	81.573
310.890221	81.572
315.412224	81.569
320.000000	81.567
324.654507	81.566
329.376716	81.565
334.167610	81.567
339.028190	81.574
343.959469	81.589
348.962474	81.614
354.038251	81.649
359.187855	81.690
364.412363	81.733
369.712863	81.773
375.090460	81.806
380.546277	81.830
386.081450	81.850
391.697134	81.862
397.394500	81.871
403.174736	81.877
409.039048	81.881
414.988657	81.884
421.024807	81.887
427.148753	81.890
433.361775	81.895
439.665167	81.900
446.060244	81.905
452.548340	81.911
459.130807	81.918
465.809019	81.926
472.584367	81.936
479.458265	81.948
486.432146	81.961
493.507464	81.976
500.685695	81.993
507.968337	82.011
515.356906	82.031
522.852945	82.053
530.458016	82.078
538.173706	82.105
546.001623	82.135
553.943399	82.167
562.000691	82.202
570.175180	82.238
578.468569	82.277
586.882588	82.318
595.418991	82.360
604.079560	82.404
612.866100	82.451
621.780442	82.500
630.824447	82.550
640.000000	82.600
649.309014	82.649
658.753431	82.698
668.335221	82.746
678.056380	82.794
687.918938	82.843
697.924949	82.893
708.076501	82.945
718.375711	82.996
728.824726	83.048
739.425726	83.098
750.180921	83.147
761.092554	83.194
772.162900	83.237
783.394268	83.276
794.789000	83.306
806.349472	83.327
818.078095	83.337
829.977315	83.338
842.049613	83.330
854.297507	83.312
866.723550	83.283
879.330334	83.244
892.120489	83.193
905.096680	83.135
918.261614	83.077
931.618037	83.026
945.168733	82.985
958.916529	82.952
972.864291	82.926
987.014928	82.909
1001.371391	82.899
1015.936673	82.889
1030.713812	82.876
1045.705890	82.862
1060.916032	82.851
1076.347412	82.858
1092.003245	82.895
1107.886798	82.969
1124.001383	83.085
1140.350359	83.234
1156.937137	83.419
1173.765175	83.622
1190.837983	83.843
1208.159120	84.068
1225.732199	84.296
1243.560885	84.528
1261.648894	84.765
1280.000000	85.008
1298.618029	85.254
1317.506863	85.503
1336.670442	85.745
1356.112761	85.978
1375.837875	86.201
1395.849898	86.413
1416.153002	86.611
1436.751422	86.800
1457.649452	86.967
1478.851452	87.112
1500.361842	87.226
1522.185107	87.296
1544.325799	87.331
1566.788535	87.344
1589.577999	87.357
1612.698944	87.386
1636.156190	87.434
1659.954630	87.486
1684.099226	87.520
1708.595013	87.519
1733.447100	87.475
1758.660669	87.410
1784.240977	87.374
1810.193360	87.434
1836.523229	87.645
1863.236074	88.018
1890.337467	88.511
1917.833058	89.043
1945.728583	89.534
1974.029857	89.923
2002.742782	90.177
2031.873347	90.329
2061.427625	90.431
2091.411780	90.555
2121.832065	90.751
2152.694823	91.016
2184.006490	91.298
2215.773596	91.530
2248.002765	91.707
2280.700718	91.791
2313.874274	91.798
2347.530351	91.752
2381.675966	91.676
2416.318240	91.587
2451.464399	91.480
2487.121769	91.349
2523.297789	91.179
2560.000000	91.000
2597.236057	90.843
2635.013726	90.727
2673.340883	90.641
2712.225522	90.538
2751.675750	90.390
2791.699796	90.235
2832.306004	90.166
2873.502844	90.232
2915.298905	90.429
2957.702904	90.693
3000.723683	90.893
3044.370214	90.878
3088.651599	90.634
3133.577071	90.225
3179.155999	89.689
3225.397888	89.088
3272.312380	88.459
3319.909260	87.836
3368.198452	87.243
3417.190027	86.697
3466.894200	86.191
3517.321337	85.694
3568.481954	85.175
3620.386720	84.631
3673.046457	84.089
3726.472148	83.593
3780.674934	83.232
3835.666117	83.026
3891.457165	83.137
3948.059713	83.434
4005.485564	83.808
4063.746693	84.061
4122.855250	84.130
4182.823560	84.067
4243.664130	83.948
4305.389646	83.846
4368.012981	83.812
4431.547192	83.871
4496.005531	83.980
4561.401437	84.080
4627.748549	84.121
4695.060701	84.059
4763.351932	83.926
4832.636481	83.788
4902.928797	83.826
4974.243539	84.113
5046.595577	84.648
5120.000000	85.181
5194.472115	85.478
5270.027452	85.401
5346.681766	85.009
5424.451043	84.402
5503.351500	83.679
5583.399591	82.906
5664.612008	82.119
5747.005687	81.363
5830.597810	80.661
5915.405808	80.012
6001.447367	79.367
6088.740429	78.669
6177.303198	77.901
6267.154142	77.099
6358.311998	76.389
6450.795775	75.848
6544.624761	75.423
6639.818520	74.920
6736.396904	74.146
6834.380053	73.054
6933.788400	71.815
7034.642675	70.840
7136.963909	70.506
7240.773439	70.816
7346.092914	71.640
7452.944296	72.780
7561.349867	73.906
7671.332234	74.866
7782.914330	75.653
7896.119426	76.296
8010.971128	76.849
8127.493386	77.395
8245.710500	77.975
8365.647121	78.604
8487.328260	79.314
8610.779292	80.108
8736.025961	80.896
8863.094385	81.496
8992.011061	81.716
9122.802874	81.334
9255.497097	80.237
9390.121402	78.452
9526.703863	76.058
9665.272962	73.236
9805.857594	70.260
9948.487077	67.821
10093.191154	67.421
10240.000000	69.091
10388.944230	71.842
10540.054903	74.637
10693.363532	77.025
10848.902086	78.725
11006.703001	79.571
11166.799182	79.640
11329.224017	79.061
11494.011375	78.309
11661.195620	77.912
11830.811616	78.077
12002.894734	79.083
12177.480858	80.457
12354.606395	82.089
12534.308283	83.633
12716.623996	84.830
12901.591551	85.270
13089.249521	85.290
13279.637040	84.539
13472.793808	83.042
13668.760107	81.121
13867.576801	79.003
14069.285350	76.979
14273.927818	75.213
14481.546879	74.322
14692.185828	74.211
14905.888592	73.946
15122.699734	73.258
15342.664467	72.367
15565.828661	71.735
15792.238852	71.603
16021.942256	71.889
16254.986772	72.488
16491.420999	73.361
16731.294241	74.315
16974.656520	74.980
17221.558584	75.004
17472.051922	74.208
17726.188769	72.648
17984.022122	70.568
18245.605748	68.329
18510.994194	66.380
18780.242805	65.133
19053.407727	64.649
19330.545924	64.451
19611.715189	64.006
19896.974155	63.373
20186.382308	63.153
