20 98.23
20.2909066988 98.23
20.5860447329 98.23
20.8854756485 98.23
21.1892618872 98.23
21.4974667984 98.23
21.8101546533 98.22
22.1273906578 98.22
22.4492409662 98.21
22.7757726951 98.20
23.1070539374 98.19
23.4431537764 98.18
23.7841423001 98.17
24.130090616 98.16
24.4810708661 98.16
24.8371562415 98.16
25.1984209979 98.16
25.5649404712 98.16
25.936791093 98.16
26.3140504067 98.15
26.6967970834 98.14
27.0851109387 98.14
27.4790729492 98.13
27.878765269 98.12
28.2842712475 98.12
28.6956754462 98.11
29.1130636568 98.10
29.5365229188 98.10
29.9661415375 98.10
30.402009103 98.09
30.8442165082 98.09
31.2928559682 98.08
31.7480210394 98.06
32.209806639 98.05
32.6783090648 98.05
33.1536260154 98.04
33.6358566101 98.04
34.1251014105 98.04
34.6214624402 98.03
35.1250432075 98.01
35.6359487256 98.00
36.1542855356 97.99
36.6801617282 97.98
37.2136869661 97.98
37.7549725073 97.97
38.3041312279 97.96
38.8612776461 97.95
39.4265279456 97.95
40 97.94
40.5818133975 97.94
41.1720894657 97.93
41.7709512971 97.92
42.3785237744 97.91
42.9949335968 97.90
43.6203093066 97.89
44.2547813156 97.88
44.8984819324 97.87
45.5515453903 97.86
46.2141078749 97.85
46.8863075528 97.84
47.5682846001 97.83
48.260181232 97.82
48.9621417322 97.81
49.6743124829 97.80
50.3968419958 97.79
51.1298809424 97.78
51.873582186 97.77
52.6281008133 97.76
53.3935941668 97.75
54.1702218775 97.74
54.9581458983 97.73
55.757530538 97.71
56.5685424949 97.70
57.3913508924 97.69
58.2261273137 97.68
59.0730458376 97.67
59.9322830751 97.65
60.804018206 97.64
61.6884330163 97.62
62.5857119363 97.61
63.4960420787 97.60
64.419613278 97.59
65.3566181296 97.58
66.3072520307 97.56
67.2717132203 97.55
68.2502028209 97.53
69.2429248805 97.52
70.2500864149 97.50
71.2718974512 97.49
72.3085710713 97.47
73.3603234564 97.46
74.4273739322 97.44
75.5099450145 97.42
76.6082624559 97.41
77.7225552923 97.39
78.8530558912 97.37
80 97.36
81.163626795 97.34
82.3441789315 97.32
83.5419025942 97.30
84.7570475487 97.28
85.9898671937 97.26
87.2406186132 97.24
88.5095626311 97.23
89.7969638648 97.21
91.1030907805 97.19
92.4282157498 97.17
93.7726151055 97.15
95.1365692002 97.12
96.520362464 97.10
97.9242834644 97.08
99.3486249659 97.06
100.7936839916 97.04
102.2597618848 97.02
103.7471643721 97.00
105.2562016267 96.97
106.7871883336 96.95
108.340443755 96.92
109.9162917966 96.90
111.5150610759 96.87
113.1370849898 96.85
114.7827017849 96.82
116.4522546274 96.80
118.1460916752 96.77
119.8645661501 96.74
121.6080364119 96.71
123.3768660326 96.68
125.1714238726 96.66
126.9920841575 96.63
128.8392265559 96.60
130.7132362593 96.57
132.6145040614 96.54
134.5434264406 96.51
136.5004056418 96.47
138.485849761 96.44
140.5001728299 96.41
142.5437949025 96.37
144.6171421426 96.34
146.7206469127 96.30
148.8547478643 96.27
151.0198900291 96.23
153.2165249118 96.20
155.4451105846 96.17
157.7061117824 96.13
160 96.09
162.32725359 96.06
164.688357863 96.02
167.0838051884 95.97
169.5140950975 95.93
171.9797343873 95.89
174.4812372264 95.85
177.0191252622 95.81
179.5939277295 95.76
182.2061815611 95.72
184.8564314996 95.68
187.5452302111 95.63
190.2731384004 95.59
193.0407249281 95.54
195.8485669287 95.50
198.6972499318 95.45
201.5873679832 95.41
204.5195237697 95.36
207.4943287442 95.31
210.5124032534 95.26
213.5743766672 95.21
216.6808875099 95.16
219.8325835933 95.11
223.0301221518 95.06
226.2741699797 95.00
229.5654035698 94.95
232.9045092548 94.90
236.2921833503 94.85
239.7291323003 94.80
243.2160728239 94.75
246.7537320653 94.69
250.3428477452 94.64
253.9841683149 94.59
257.6784531119 94.53
261.4264725186 94.48
265.2290081229 94.42
269.0868528812 94.37
273.0008112836 94.31
276.971699522 94.25
281.0003456597 94.20
285.0875898049 94.14
289.2342842852 94.09
293.4412938255 94.03
297.7094957287 93.98
302.0397800581 93.92
306.4330498235 93.86
310.8902211692 93.81
315.4122235649 93.75
320 93.69
324.65450718 93.64
329.3767157259 93.58
334.1676103768 93.53
339.028190195 93.47
343.9594687746 93.42
348.9624744529 93.36
354.0382505244 93.31
359.187855459 93.25
364.4123631221 93.20
369.7128629991 93.15
375.0904604222 93.10
380.5462768009 93.05
386.0814498562 93.01
391.6971338575 92.96
397.3944998635 92.92
403.1747359664 92.88
409.0390475393 92.84
414.9886574883 92.80
421.0248065068 92.75
427.1487533344 92.71
433.3617750198 92.67
439.6651671866 92.64
446.0602443037 92.60
452.5483399594 92.56
459.1308071395 92.52
465.8090185095 92.49
472.5843667007 92.46
479.4582646005 92.42
486.4321456477 92.39
493.5074641306 92.36
500.6856954905 92.33
507.9683366298 92.30
515.3569062238 92.27
522.8529450372 92.25
530.4580162458 92.22
538.1737057624 92.20
546.0016225673 92.17
553.9433990439 92.15
562.0006913195 92.13
570.1751796098 92.11
578.4685685703 92.09
586.882587651 92.07
595.4189914574 92.06
604.0795601163 92.05
612.8660996471 92.03
621.7804423383 92.02
630.8244471297 92.01
640 92.01
649.30901436 92.00
658.7534314519 91.99
668.3352207536 91.99
678.05638039 91.99
687.9189375493 91.99
697.9249489058 92.00
708.0765010489 92.00
718.375710918 92.01
728.8247262443 92.02
739.4257259983 92.03
750.1809208443 92.05
761.0925536018 92.07
772.1628997124 92.09
783.394267715 92.12
794.7889997271 92.15
806.3494719327 92.19
818.0780950787 92.23
829.9773149767 92.27
842.0496130136 92.32
854.2975066688 92.38
866.7235500396 92.44
879.3303343732 92.50
892.1204886074 92.57
905.0966799188 92.65
918.2616142791 92.73
931.618037019 92.82
945.1687334013 92.91
958.9165292011 93.01
972.8642912955 93.12
987.0149282611 93.23
1001.371390981 93.34
1015.9366732597 93.47
1030.7138124476 93.59
1045.7058900743 93.73
1060.9160324916 93.86
1076.3474115248 94.00
1092.0032451345 94.14
1107.8867980879 94.28
1124.0013826389 94.43
1140.3503592197 94.57
1156.9371371406 94.71
1173.765175302 94.85
1190.8379829148 94.99
1208.1591202326 95.14
1225.7321992942 95.27
1243.5608846767 95.41
1261.6488942595 95.54
1280 95.68
1298.6180287201 95.80
1317.5068629037 95.94
1336.6704415071 96.06
1356.1127607799 96.19
1375.8378750985 96.32
1395.8498978116 96.44
1416.1530020977 96.57
1436.751421836 96.69
1457.6494524886 96.82
1478.8514519966 96.95
1500.3618416887 97.08
1522.1851072035 97.21
1544.3257994247 97.35
1566.78853543 97.48
1589.5779994541 97.63
1612.6989438655 97.78
1636.1561901574 97.93
1659.9546299533 98.09
1684.0992260271 98.26
1708.5950133377 98.43
1733.4471000793 98.61
1758.6606687464 98.80
1784.2409772148 98.99
1810.1933598376 99.19
1836.5232285581 99.39
1863.2360740381 99.60
1890.3374668026 99.81
1917.8330584022 100.01
1945.7285825909 100.21
1974.0298565222 100.40
2002.742781962 100.59
2031.8733465194 100.76
2061.4276248951 100.91
2091.4117801487 101.05
2121.8320649832 101.17
2152.6948230496 101.28
2184.0064902691 101.38
2215.7735961758 101.46
2248.0027652779 101.53
2280.7007184393 101.59
2313.8742742813 101.64
2347.530350604 101.69
2381.6759658296 101.72
2416.3182404652 101.75
2451.4643985884 101.78
2487.1217693533 101.80
2523.297788519 101.82
2560.0000000001 101.84
2597.2360574402 101.86
2635.0137258074 101.87
2673.3408830143 101.88
2712.2255215599 101.88
2751.6757501971 101.89
2791.6997956232 101.89
2832.3060041955 101.90
2873.5028436721 101.90
2915.2989049772 101.90
2957.7029039931 101.90
3000.7236833774 101.90
3044.3702144071 101.90
3088.6515988494 101.89
3133.57707086 101.89
3179.1559989082 101.89
3225.397887731 101.88
3272.3123803148 101.88
3319.9092599067 101.87
3368.1984520542 101.86
3417.1900266754 101.84
3466.8942001586 101.82
3517.3213374928 101.78
3568.4819544296 101.74
3620.3867196753 101.68
3673.0464571163 101.61
3726.4721480761 101.51
3780.6749336053 101.40
3835.6661168044 101.27
3891.4571651819 101.11
3948.0597130445 100.93
4005.4855639241 100.71
4063.7466930387 100.45
4122.8552497902 100.16
4182.8235602974 99.83
4243.6641299665 99.53
4305.3896460992 99.35
4368.0129805382 99.27
4431.5471923516 99.14
4496.0055305558 98.92
4561.4014368787 98.64
4627.7485485626 98.36
4695.0607012081 98.11
4763.3519316592 97.90
4832.6364809305 97.74
4902.9287971769 97.67
4974.2435387067 97.68
5046.595577038 97.77
5120.0000000002 97.90
5194.4721148803 98.01
5270.0274516149 98.01
5346.6817660286 97.87
5424.4510431198 97.60
5503.3515003942 97.21
5583.3995912463 96.77
5664.6120083911 96.29
5747.0056873442 95.83
5830.5978099545 95.42
5915.4058079863 95.08
6001.4473667548 94.83
6088.7404288142 94.67
6177.3031976989 94.58
6267.1541417201 94.57
6358.3119978165 94.64
6450.795775462 94.76
6544.6247606297 94.96
6639.8185198134 95.24
6736.3969041085 95.60
6834.3800533509 96.05
6933.7884003172 96.60
7034.6426749857 97.25
7136.9639088592 98.01
7240.7734393506 98.89
7346.0929142326 99.87
7452.9442961523 100.91
7561.3498672106 101.94
7671.3322336089 102.89
7782.9143303638 103.66
7896.119426089 104.17
8010.9711278481 104.33
8127.4933860775 104.13
8245.7104995805 103.65
8365.6471205948 102.96
8487.328259933 102.19
8610.7792921984 101.42
8736.0259610765 100.70
8863.0943847033 100.08
8992.0110611117 99.56
9122.8028737575 99.13
9255.4970971253 98.78
9390.1214024162 98.49
9526.7038633184 98.24
9665.272961861 98.02
9805.8575943538 97.80
9948.4870774134 97.56
10093.191154076 97.29
10240.0000000005 96.97
10388.9442297607 96.59
10540.0549032298 96.14
10693.3635320572 95.63
10848.9020862397 95.05
11006.7030007884 94.42
11166.7991824927 93.74
11329.2240167822 93.01
11494.0113746885 92.26
11661.1956199091 91.50
11830.8116159726 90.78
12002.8947335097 90.16
12177.4808576284 89.63
12354.6063953979 89.24
12534.3082834402 88.92
12716.6239956331 88.65
12901.5915509241 88.42
13089.2495212594 88.19
13279.637039627 87.98
13472.7938082171 87.85
13668.7601067018 87.92
13867.5768006344 88.29
14069.2853499715 89.00
14273.9278177184 89.93
14481.5468787012 91.00
14692.1858284653 92.08
14905.8885923047 93.06
15122.6997344212 93.85
15342.6644672179 94.45
15565.8286607277 94.87
15792.2388521781 95.20
16021.9422556964 95.48
16254.9867721551 95.69
16491.4209991611 95.67
16731.2942411897 95.19
16974.656519866 94.10
17221.5585843969 92.49
17472.0519221531 90.63
17726.1887694067 88.67
17984.0221222235 86.56
18245.605747515 84.40
18510.9941942506 82.37
18780.2428048326 80.38
19053.4077266369 78.17
19330.545923722 75.55
19611.7151887077 72.44
19896.9741548268 68.84
20186.382308152 67.48
