20 99.09
20.2909066988 99.15
20.5860447329 99.20
20.8854756485 99.26
21.1892618872 99.31
21.4974667984 99.36
21.8101546533 99.41
22.1273906578 99.46
22.4492409662 99.51
22.7757726951 99.55
23.1070539374 99.60
23.4431537764 99.65
23.7841423001 99.69
24.130090616 99.74
24.4810708661 99.78
24.8371562415 99.82
25.1984209979 99.86
25.5649404712 99.90
25.936791093 99.94
26.3140504067 99.98
26.6967970834 100.02
27.0851109387 100.06
27.4790729492 100.09
27.878765269 100.12
28.2842712475 100.16
28.6956754462 100.18
29.1130636568 100.21
29.5365229188 100.24
29.9661415375 100.27
30.402009103 100.30
30.8442165082 100.32
31.2928559682 100.35
31.7480210394 100.37
32.209806639 100.40
32.6783090648 100.42
33.1536260154 100.44
33.6358566101 100.47
34.1251014105 100.49
34.6214624402 100.50
35.1250432075 100.52
35.6359487256 100.54
36.1542855356 100.56
36.6801617282 100.57
37.2136869661 100.59
37.7549725073 100.60
38.3041312279 100.62
38.8612776461 100.63
39.4265279456 100.64
40 100.65
40.5818133975 100.66
41.1720894657 100.66
41.7709512971 100.67
42.3785237744 100.68
42.9949335968 100.68
43.6203093066 100.69
44.2547813156 100.69
44.8984819324 100.69
45.5515453903 100.70
46.2141078749 100.70
46.8863075528 100.70
47.5682846001 100.70
48.260181232 100.69
48.9621417322 100.69
49.6743124829 100.69
50.3968419958 100.68
51.1298809424 100.68
51.873582186 100.67
52.6281008133 100.66
53.3935941668 100.66
54.1702218775 100.65
54.9581458983 100.64
55.757530538 100.63
56.5685424949 100.62
57.3913508924 100.60
58.2261273137 100.59
59.0730458376 100.58
59.9322830751 100.56
60.804018206 100.55
61.6884330163 100.53
62.5857119363 100.51
63.4960420787 100.50
64.419613278 100.48
65.3566181296 100.46
66.3072520307 100.44
67.2717132203 100.42
68.2502028209 100.39
69.2429248805 100.37
70.2500864149 100.35
71.2718974512 100.32
72.3085710713 100.30
73.3603234564 100.27
74.4273739322 100.24
75.5099450145 100.22
76.6082624559 100.19
77.7225552923 100.16
78.8530558912 100.13
80 100.10
81.163626795 100.07
82.3441789315 100.04
83.5419025942 100.01
84.7570475487 99.97
85.9898671937 99.94
87.2406186132 99.90
88.5095626311 99.87
89.7969638648 99.83
91.1030907805 99.80
92.4282157498 99.76
93.7726151055 99.72
95.1365692002 99.69
96.520362464 99.65
97.9242834644 99.61
99.3486249659 99.57
100.7936839916 99.53
102.2597618848 99.48
103.7471643721 99.44
105.2562016267 99.40
106.7871883336 99.36
108.340443755 99.32
109.9162917966 99.27
111.5150610759 99.23
113.1370849898 99.18
114.7827017849 99.14
116.4522546274 99.09
118.1460916752 99.05
119.8645661501 99.00
121.6080364119 98.95
123.3768660326 98.90
125.1714238726 98.86
126.9920841575 98.81
128.8392265559 98.76
130.7132362593 98.72
132.6145040614 98.67
134.5434264406 98.62
136.5004056418 98.57
138.485849761 98.52
140.5001728299 98.47
142.5437949025 98.42
144.6171421426 98.37
146.7206469127 98.32
148.8547478643 98.27
151.0198900291 98.22
153.2165249118 98.17
155.4451105846 98.12
157.7061117824 98.07
160 98.02
162.32725359 97.97
164.688357863 97.92
167.0838051884 97.87
169.5140950975 97.82
171.9797343873 97.77
174.4812372264 97.72
177.0191252622 97.67
179.5939277295 97.61
182.2061815611 97.56
184.8564314996 97.51
187.5452302111 97.46
190.2731384004 97.41
193.0407249281 97.36
195.8485669287 97.31
198.6972499318 97.27
201.5873679832 97.22
204.5195237697 97.17
207.4943287442 97.12
210.5124032534 97.07
213.5743766672 97.02
216.6808875099 96.98
219.8325835933 96.93
223.0301221518 96.88
226.2741699797 96.83
229.5654035698 96.79
232.9045092548 96.74
236.2921833503 96.70
239.7291323003 96.65
243.2160728239 96.61
246.7537320653 96.56
250.3428477452 96.52
253.9841683149 96.48
257.6784531119 96.43
261.4264725186 96.39
265.2290081229 96.35
269.0868528812 96.31
273.0008112836 96.27
276.971699522 96.23
281.0003456597 96.19
285.0875898049 96.15
289.2342842852 96.11
293.4412938255 96.08
297.7094957287 96.04
302.0397800581 96.00
306.4330498235 95.97
310.8902211692 95.93
315.4122235649 95.90
320 95.87
324.65450718 95.83
329.3767157259 95.80
334.1676103768 95.77
339.028190195 95.74
343.9594687746 95.71
348.9624744529 95.68
354.0382505244 95.65
359.187855459 95.62
364.4123631221 95.59
369.7128629991 95.57
375.0904604222 95.54
380.5462768009 95.51
386.0814498562 95.49
391.6971338575 95.47
397.3944998635 95.44
403.1747359664 95.42
409.0390475393 95.40
414.9886574883 95.38
421.0248065068 95.36
427.1487533344 95.34
433.3617750198 95.32
439.6651671866 95.30
446.0602443037 95.28
452.5483399594 95.27
459.1308071395 95.25
465.8090185095 95.24
472.5843667007 95.22
479.4582646005 95.21
486.4321456477 95.20
493.5074641306 95.19
500.6856954905 95.18
507.9683366298 95.17
515.3569062238 95.16
522.8529450372 95.16
530.4580162458 95.15
538.1737057624 95.15
546.0016225673 95.14
553.9433990439 95.14
562.0006913195 95.14
570.1751796098 95.14
578.4685685703 95.14
586.882587651 95.14
595.4189914574 95.14
604.0795601163 95.15
612.8660996471 95.15
621.7804423383 95.16
630.8244471297 95.17
640 95.18
649.30901436 95.19
658.7534314519 95.21
668.3352207536 95.22
678.05638039 95.24
687.9189375493 95.25
697.9249489058 95.28
708.0765010489 95.30
718.375710918 95.32
728.8247262443 95.35
739.4257259983 95.38
750.1809208443 95.41
761.0925536018 95.44
772.1628997124 95.48
783.394267715 95.52
794.7889997271 95.56
806.3494719327 95.61
818.0780950787 95.66
829.9773149767 95.71
842.0496130136 95.77
854.2975066688 95.83
866.7235500396 95.90
879.3303343732 95.97
892.1204886074 96.04
905.0966799188 96.12
918.2616142791 96.20
931.618037019 96.29
945.1687334013 96.39
958.9165292011 96.48
972.8642912955 96.58
987.0149282611 96.69
1001.371390981 96.80
1015.9366732597 96.91
1030.7138124476 97.03
1045.7058900743 97.15
1060.9160324916 97.27
1076.3474115248 97.39
1092.0032451345 97.52
1107.8867980879 97.65
1124.0013826389 97.78
1140.3503592197 97.89
1156.9371371406 97.97
1173.765175302 98.01
1190.8379829148 98.04
1208.1591202326 98.09
1225.7321992942 98.21
1243.5608846767 98.37
1261.6488942595 98.52
1280 98.66
1298.6180287201 98.79
1317.5068629037 98.92
1336.6704415071 99.04
1356.1127607799 99.16
1375.8378750985 99.28
1395.8498978116 99.40
1416.1530020977 99.51
1436.751421836 99.63
1457.6494524886 99.75
1478.8514519966 99.87
1500.3618416887 99.98
1522.1851072035 100.10
1544.3257994247 100.22
1566.78853543 100.34
1589.5779994541 100.46
1612.6989438655 100.58
1636.1561901574 100.70
1659.9546299533 100.82
1684.0992260271 100.94
1708.5950133377 101.06
1733.4471000793 101.19
1758.6606687464 101.31
1784.2409772148 101.43
1810.1933598376 101.56
1836.5232285581 101.68
1863.2360740381 101.80
1890.3374668026 101.92
1917.8330584022 102.04
1945.7285825909 102.16
1974.0298565222 102.28
2002.742781962 102.39
2031.8733465194 102.50
2061.4276248951 102.60
2091.4117801487 102.71
2121.8320649832 102.81
2152.6948230496 102.90
2184.0064902691 102.99
2215.7735961758 103.07
2248.0027652779 103.15
2280.7007184393 103.22
2313.8742742813 103.29
2347.530350604 103.34
2381.6759658296 103.39
2416.3182404652 103.44
2451.4643985884 103.47
2487.1217693533 103.50
2523.297788519 103.52
2560.0000000001 103.54
2597.2360574402 103.54
2635.0137258074 103.54
2673.3408830143 103.53
2712.2255215599 103.52
2751.6757501971 103.50
2791.6997956232 103.47
2832.3060041955 103.44
2873.5028436721 103.41
2915.2989049772 103.37
2957.7029039931 103.33
3000.7236833774 103.29
3044.3702144071 103.25
3088.6515988494 103.21
3133.57707086 103.17
3179.1559989082 103.14
3225.397887731 103.10
3272.3123803148 103.08
3319.9092599067 103.05
3368.1984520542 103.04
3417.1900266754 103.03
3466.8942001586 103.04
3517.3213374928 103.05
3568.4819544296 103.08
3620.3867196753 103.11
3673.0464571163 103.16
3726.4721480761 103.23
3780.6749336053 103.31
3835.6661168044 103.40
3891.4571651819 103.51
3948.0597130445 103.63
4005.4855639241 103.76
4063.7466930387 103.89
4122.8552497902 104.03
4182.8235602974 104.16
4243.6641299665 104.27
4305.3896460992 104.37
4368.0129805382 104.43
4431.5471923516 104.44
4496.0055305558 104.40
4561.4014368787 104.29
4627.7485485626 104.12
4695.0607012081 103.87
4763.3519316592 103.55
4832.6364809305 103.16
4902.9287971769 102.72
4974.2435387067 102.23
5046.595577038 101.71
5120.0000000002 101.17
5194.4721148803 100.62
5270.0274516149 100.07
5346.6817660286 99.53
5424.4510431198 99.00
5503.3515003942 98.49
5583.3995912463 98.02
5664.6120083911 97.58
5747.0056873442 97.16
5830.5978099545 96.79
5915.4058079863 96.45
6001.4473667548 96.15
6088.7404288142 95.91
6177.3031976989 95.71
6267.1541417201 95.58
6358.3119978165 95.51
6450.795775462 95.50
6544.6247606297 95.55
6639.8185198134 95.68
6736.3969041085 95.88
6834.3800533509 96.16
6933.7884003172 96.54
7034.6426749857 97.04
7136.9639088592 97.69
7240.7734393506 98.51
7346.0929142326 99.54
7452.9442961523 100.78
7561.3498672106 102.18
7671.3322336089 103.61
7782.9143303638 104.87
7896.119426089 105.76
8010.9711278481 105.97
8127.4933860775 105.44
8245.7104995805 104.25
8365.6471205948 102.64
8487.328259933 100.89
8610.7792921984 99.17
8736.0259610765 97.64
8863.0943847033 96.33
8992.0110611117 95.26
9122.8028737575 94.41
9255.4970971253 93.77
9390.1214024162 93.33
9526.7038633184 93.09
9665.272961861 93.04
9805.8575943538 93.18
9948.4870774134 93.47
10093.191154076 93.90
10240.0000000005 94.48
10388.9442297607 95.35
10540.0549032298 96.59
10693.3635320572 97.86
10848.9020862397 98.71
11006.7030007884 98.83
11166.7991824927 98.31
11329.2240167822 97.28
11494.0113746885 95.91
11661.1956199091 94.07
11830.8116159726 92.10
12002.8947335097 90.10
12177.4808576284 88.27
12354.6063953979 86.79
12534.3082834402 85.56
12716.6239956331 84.66
12901.5915509241 84.10
13089.2495212594 83.70
13279.637039627 83.57
13472.7938082171 83.78
13668.7601067018 84.36
13867.5768006344 85.35
14069.2853499715 86.76
14273.9278177184 88.44
14481.5468787012 90.11
14692.1858284653 91.31
14905.8885923047 91.71
15122.6997344212 91.21
15342.6644672179 89.95
15565.8286607277 88.26
15792.2388521781 86.54
16021.9422556964 85.15
16254.9867721551 84.20
16491.4209991611 83.60
16731.2942411897 83.04
16974.656519866 82.25
17221.5585843969 81.07
17472.0519221531 79.38
17726.1887694067 77.15
17984.0221222235 74.40
18245.605747515 71.26
18510.9941942506 67.97
18780.2428048326 64.74
19053.4077266369 61.69
19330.545923722 58.81
19611.7151887077 55.95
19896.9741548268 52.86
20186.382308152 51.68
