20.000000	79.387
20.290907	79.564
20.586045	79.709
20.885476	79.840
21.189262	79.984
21.497467	80.169
21.810155	80.384
22.127391	80.617
22.449241	80.842
22.775773	81.033
23.107054	81.197
23.443154	81.355
23.784142	81.532
24.130091	81.725
24.481071	81.915
24.837156	82.072
25.198421	82.149
25.564940	82.162
25.936791	82.140
26.314050	82.140
26.696797	82.227
27.085111	82.378
27.479073	82.538
27.878765	82.630
28.284271	82.633
28.695675	82.611
29.113064	82.622
29.536523	82.725
29.966142	82.926
30.402009	83.130
30.844217	83.253
31.292856	83.297
31.748021	83.285
32.209807	83.267
32.678309	83.265
33.153626	83.276
33.635857	83.281
34.125101	83.280
34.621462	83.284
35.125043	83.298
35.635949	83.308
36.154286	83.301
36.680162	83.280
37.213687	83.265
37.754973	83.265
38.304131	83.270
38.861278	83.267
39.426528	83.258
40.000000	83.260
40.581813	83.270
41.172089	83.260
41.770951	83.222
42.378524	83.186
42.994934	83.170
43.620309	83.171
44.254781	83.164
44.898482	83.149
45.551545	83.132
46.214108	83.119
46.886308	83.100
47.568285	83.077
48.260181	83.055
48.962142	83.028
49.674312	82.991
50.396842	82.949
51.129881	82.917
51.873582	82.900
52.628101	82.884
53.393594	82.853
54.170222	82.810
54.958146	82.771
55.757531	82.746
56.568542	82.727
57.391351	82.709
58.226127	82.688
59.073046	82.663
59.932283	82.632
60.804018	82.599
61.688433	82.571
62.585712	82.546
63.496042	82.522
64.419613	82.498
65.356618	82.476
66.307252	82.459
67.271713	82.444
68.250203	82.425
69.242925	82.403
70.250086	82.382
71.271897	82.361
72.308571	82.333
73.360323	82.299
74.427374	82.263
75.509945	82.231
76.608262	82.208
77.722555	82.191
78.853056	82.173
80.000000	82.148
81.163627	82.119
82.344179	82.095
83.541903	82.078
84.757048	82.064
85.989867	82.049
87.240619	82.033
88.509563	82.015
89.796964	81.995
91.103091	81.972
92.428216	81.948
93.772615	81.925
95.136569	81.904
96.520362	81.887
97.924283	81.874
99.348625	81.859
100.793684	81.837
102.259762	81.811
103.747164	81.785
105.256202	81.763
106.787188	81.747
108.340444	81.732
109.916292	81.715
111.515061	81.696
113.137085	81.687
114.782702	81.700
116.452255	81.753
118.146092	81.810
119.864566	81.811
121.608036	81.755
123.376866	81.649
125.171424	81.555
126.992084	81.495
128.839227	81.457
130.713236	81.429
132.614504	81.409
134.543426	81.399
136.500406	81.391
138.485850	81.379
140.500173	81.364
142.543795	81.348
144.617142	81.327
146.720647	81.301
148.854748	81.274
151.019890	81.251
153.216525	81.235
155.445111	81.227
157.706112	81.221
160.000000	81.214
162.327254	81.210
164.688358	81.209
167.083805	81.207
169.514095	81.207
171.979734	81.214
174.481237	81.229
177.019125	81.247
179.593928	81.267
182.206182	81.288
184.856431	81.308
187.545230	81.325
190.273138	81.334
193.040725	81.338
195.848567	81.339
198.697250	81.339
201.587368	81.340
204.519524	81.342
207.494329	81.341
210.512403	81.334
213.574377	81.322
216.680888	81.312
219.832584	81.308
223.030122	81.311
226.274170	81.316
229.565404	81.323
232.904509	81.333
236.292183	81.345
239.729132	81.357
243.216073	81.378
246.753732	81.411
250.342848	81.447
253.984168	81.479
257.678453	81.498
261.426473	81.501
265.229008	81.490
269.086853	81.475
273.000811	81.477
276.971700	81.488
281.000346	81.500
285.087590	81.512
289.234284	81.523
293.441294	81.531
297.709496	81.537
302.039780	81.543
306.433050	81.550
310.890221	81.560
315.412224	81.573
320.000000	81.591
324.654507	81.617
329.376716	81.646
334.167610	81.678
339.028190	81.712
343.959469	81.747
348.962474	81.785
354.038251	81.823
359.187855	81.853
364.412363	81.874
369.712863	81.894
375.090460	81.920
380.546277	81.951
386.081450	81.982
391.697134	82.009
397.394500	82.035
403.174736	82.062
409.039048	82.091
414.988657	82.128
421.024807	82.173
427.148753	82.219
433.361775	82.260
439.665167	82.297
446.060244	82.337
452.548340	82.383
459.130807	82.433
465.809019	82.483
472.584367	82.526
479.458265	82.561
486.432146	82.589
493.507464	82.614
500.685695	82.636
507.968337	82.655
515.356906	82.668
522.852945	82.678
530.458016	82.692
538.173706	82.714
546.001623	82.743
553.943399	82.779
562.000691	82.823
570.175180	82.875
578.468569	82.933
586.882588	82.987
595.418991	83.019
604.079560	83.018
612.866100	82.985
621.780442	82.956
630.824447	82.952
640.000000	82.963
649.309014	82.966
658.753431	82.951
668.335221	82.926
678.056380	82.902
687.918938	82.886
697.924949	82.884
708.076501	82.899
718.375711	82.929
728.824726	82.964
739.425726	82.986
750.180921	82.981
761.092554	82.945
772.162900	82.882
783.394268	82.807
794.789000	82.741
806.349472	82.702
818.078095	82.688
829.977315	82.683
842.049613	82.672
854.297507	82.647
866.723550	82.613
879.330334	82.577
892.120489	82.541
905.096680	82.502
918.261614	82.454
931.618037	82.396
945.168733	82.333
958.916529	82.280
972.864291	82.250
987.014928	82.234
1001.371391	82.214
1015.936673	82.174
1030.713812	82.110
1045.705890	82.035
1060.916032	81.963
1076.347412	81.901
1092.003245	81.842
1107.886798	81.775
1124.001383	81.700
1140.350359	81.631
1156.937137	81.588
1173.765175	81.555
1190.837983	81.512
1208.159120	81.466
1225.732199	81.439
1243.560885	81.443
1261.648894	81.492
1280.000000	81.553
1298.618029	81.586
1317.506863	81.618
1336.670442	81.637
1356.112761	81.675
1375.837875	81.726
1395.849898	81.781
1416.153002	81.862
1436.751422	81.956
1457.649452	82.058
1478.851452	82.163
1500.361842	82.283
1522.185107	82.415
1544.325799	82.555
1566.788535	82.714
1589.577999	82.897
1612.698944	83.105
1636.156190	83.326
1659.954630	83.545
1684.099226	83.756
1708.595013	83.957
1733.447100	84.149
1758.660669	84.337
1784.240977	84.517
1810.193360	84.684
1836.523229	84.844
1863.236074	85.005
1890.337467	85.180
1917.833058	85.373
1945.728583	85.576
1974.029857	85.788
2002.742782	86.016
2031.873347	86.271
2061.427625	86.547
2091.411780	86.836
2121.832065	87.144
2152.694823	87.500
2184.006490	87.898
2215.773596	88.349
2248.002765	88.815
2280.700718	89.283
2313.874274	89.744
2347.530351	90.200
2381.675966	90.640
2416.318240	91.070
2451.464399	91.488
2487.121769	91.890
2523.297789	92.254
2560.000000	92.585
2597.236057	92.893
2635.013726	93.189
2673.340883	93.460
2712.225522	93.703
2751.675750	93.928
2791.699796	94.147
2832.306004	94.336
2873.502844	94.480
2915.298905	94.569
2957.702904	94.596
3000.723683	94.559
3044.370214	94.480
3088.651599	94.387
3133.577071	94.277
3179.155999	94.137
3225.397888	93.969
3272.312380	93.783
3319.909260	93.599
3368.198452	93.430
3417.190027	93.256
3466.894200	93.036
3517.321337	92.740
3568.481954	92.353
3620.386720	91.887
3673.046457	91.374
3726.472148	90.840
3780.674934	90.312
3835.666117	89.794
3891.457165	89.293
3948.059713	88.792
4005.485564	88.297
4063.746693	87.798
4122.855250	87.276
4182.823560	86.709
4243.664130	86.097
4305.389646	85.462
4368.012981	84.824
4431.547192	84.200
4496.005531	83.591
4561.401437	83.028
4627.748549	82.595
4695.060701	82.497
4763.351932	82.767
4832.636481	83.377
4902.928797	84.238
4974.243539	85.198
5046.595577	86.187
5120.000000	87.166
5194.472115	88.113
5270.027452	88.992
5346.681766	89.769
5424.451043	90.432
5503.351500	90.988
5583.399591	91.450
5664.612008	91.784
5747.005687	91.965
5830.597810	91.946
5915.405808	91.692
6001.447367	91.176
6088.740429	90.385
6177.303198	89.413
6267.154142	88.372
6358.311998	87.374
6450.795775	86.481
6544.624761	85.713
6639.818520	85.055
6736.396904	84.486
6834.380053	83.995
6933.788400	83.577
7034.642675	83.223
7136.963909	82.912
7240.773439	82.637
7346.092914	82.418
7452.944296	82.287
7561.349867	82.280
7671.332234	82.413
7782.914330	82.698
7896.119426	83.147
8010.971128	83.713
8127.493386	84.242
8245.710500	84.546
8365.647121	84.435
8487.328260	83.878
8610.779292	82.867
8736.025961	81.474
8863.094385	79.916
8992.011061	78.466
9122.802874	77.593
9255.497097	77.565
9390.121402	77.998
9526.703863	78.305
9665.272962	78.259
9805.857594	77.906
9948.487077	77.359
10093.191154	76.741
10240.000000	76.156
10388.944230	75.684
10540.054903	75.389
10693.363532	75.285
10848.902086	75.497
11006.703001	76.211
11166.799182	77.305
11329.224017	78.363
11494.011375	79.164
11661.195620	79.685
11830.811616	80.306
12002.894734	81.219
12177.480858	82.322
12354.606395	83.402
12534.308283	84.185
12716.623996	84.441
12901.591551	84.085
13089.249521	83.441
13279.637040	82.382
13472.793808	80.898
13668.760107	79.159
13867.576801	77.395
14069.285350	75.898
14273.927818	74.702
14481.546879	73.975
14692.185828	73.533
14905.888592	72.850
15122.699734	71.727
15342.664467	70.349
15565.828661	69.282
15792.238852	69.152
16021.942256	70.042
16254.986772	71.467
16491.420999	72.907
16731.294241	74.060
16974.656520	74.705
17221.558584	74.632
17472.051922	73.873
17726.188769	72.671
17984.022122	71.267
18245.605748	69.933
18510.994194	69.058
18780.242805	68.817
19053.407727	68.823
19330.545924	68.501
19611.715189	67.670
19896.974155	66.712
20186.382308	66.400
