20 83.03
20.2909066988 83.05
20.5860447329 83.06
20.8854756485 83.06
21.1892618872 83.07
21.4974667984 83.06
21.8101546533 83.06
22.1273906578 83.04
22.4492409662 83.03
22.7757726951 83.01
23.1070539374 82.99
23.4431537764 82.97
23.7841423001 82.96
24.130090616 82.95
24.4810708661 82.94
24.8371562415 82.93
25.1984209979 82.92
25.5649404712 82.92
25.936791093 82.91
26.3140504067 82.90
26.6967970834 82.90
27.0851109387 82.89
27.4790729492 82.90
27.878765269 82.91
28.2842712475 82.92
28.6956754462 82.93
29.1130636568 82.93
29.5365229188 82.93
29.9661415375 82.92
30.402009103 82.92
30.8442165082 82.92
31.2928559682 82.92
31.7480210394 82.93
32.209806639 82.92
32.6783090648 82.91
33.1536260154 82.89
33.6358566101 82.87
34.1251014105 82.86
34.6214624402 82.86
35.1250432075 82.86
35.6359487256 82.86
36.1542855356 82.85
36.6801617282 82.83
37.2136869661 82.81
37.7549725073 82.79
38.3041312279 82.77
38.8612776461 82.75
39.4265279456 82.72
40 82.70
40.5818133975 82.69
41.1720894657 82.66
41.7709512971 82.62
42.3785237744 82.58
42.9949335968 82.54
43.6203093066 82.50
44.2547813156 82.46
44.8984819324 82.42
45.5515453903 82.37
46.2141078749 82.32
46.8863075528 82.27
47.5682846001 82.21
48.260181232 82.14
48.9621417322 82.08
49.6743124829 82.01
50.3968419958 81.94
51.1298809424 81.87
51.873582186 81.80
52.6281008133 81.73
53.3935941668 81.66
54.1702218775 81.60
54.9581458983 81.54
55.757530538 81.50
56.5685424949 81.46
57.3913508924 81.43
58.2261273137 81.42
59.0730458376 81.43
59.9322830751 81.45
60.804018206 81.48
61.6884330163 81.51
62.5857119363 81.55
63.4960420787 81.61
64.419613278 81.67
65.3566181296 81.75
66.3072520307 81.83
67.2717132203 81.91
68.2502028209 82.00
69.2429248805 82.09
70.2500864149 82.17
71.2718974512 82.23
72.3085710713 82.29
73.3603234564 82.33
74.4273739322 82.37
75.5099450145 82.39
76.6082624559 82.41
77.7225552923 82.43
78.8530558912 82.43
80 82.43
81.163626795 82.42
82.3441789315 82.39
83.5419025942 82.37
84.7570475487 82.35
85.9898671937 82.35
87.2406186132 82.37
88.5095626311 82.40
89.7969638648 82.44
91.1030907805 82.48
92.4282157498 82.53
93.7726151055 82.57
95.1365692002 82.61
96.520362464 82.66
97.9242834644 82.71
99.3486249659 82.75
100.7936839916 82.79
102.2597618848 82.83
103.7471643721 82.85
105.2562016267 82.87
106.7871883336 82.88
108.340443755 82.88
109.9162917966 82.87
111.5150610759 82.87
113.1370849898 82.86
114.7827017849 82.85
116.4522546274 82.84
118.1460916752 82.84
119.8645661501 82.84
121.6080364119 82.85
123.3768660326 82.88
125.1714238726 82.91
126.9920841575 82.94
128.8392265559 82.98
130.7132362593 83.03
132.6145040614 83.06
134.5434264406 83.09
136.5004056418 83.11
138.485849761 83.12
140.5001728299 83.12
142.5437949025 83.12
144.6171421426 83.11
146.7206469127 83.10
148.8547478643 83.10
151.0198900291 83.08
153.2165249118 83.07
155.4451105846 83.06
157.7061117824 83.04
160 83.02
162.32725359 83.00
164.688357863 82.98
167.0838051884 82.96
169.5140950975 82.94
171.9797343873 82.92
174.4812372264 82.90
177.0191252622 82.87
179.5939277295 82.85
182.2061815611 82.82
184.8564314996 82.79
187.5452302111 82.74
190.2731384004 82.68
193.0407249281 82.61
195.8485669287 82.54
198.6972499318 82.47
201.5873679832 82.41
204.5195237697 82.36
207.4943287442 82.31
210.5124032534 82.27
213.5743766672 82.23
216.6808875099 82.19
219.8325835933 82.14
223.0301221518 82.10
226.2741699797 82.06
229.5654035698 82.02
232.9045092548 81.98
236.2921833503 81.96
239.7291323003 81.95
243.2160728239 81.94
246.7537320653 81.93
250.3428477452 81.92
253.9841683149 81.91
257.6784531119 81.89
261.4264725186 81.87
265.2290081229 81.86
269.0868528812 81.85
273.0008112836 81.84
276.971699522 81.83
281.0003456597 81.82
285.0875898049 81.80
289.2342842852 81.77
293.4412938255 81.74
297.7094957287 81.71
302.0397800581 81.67
306.4330498235 81.63
310.8902211692 81.59
315.4122235649 81.54
320 81.49
324.65450718 81.43
329.3767157259 81.37
334.1676103768 81.30
339.028190195 81.23
343.9594687746 81.16
348.9624744529 81.09
354.0382505244 81.03
359.187855459 80.98
364.4123631221 80.93
369.7128629991 80.90
375.0904604222 80.88
380.5462768009 80.86
386.0814498562 80.84
391.6971338575 80.82
397.3944998635 80.79
403.1747359664 80.76
409.0390475393 80.71
414.9886574883 80.66
421.0248065068 80.60
427.1487533344 80.55
433.3617750198 80.51
439.6651671866 80.47
446.0602443037 80.44
452.5483399594 80.42
459.1308071395 80.39
465.8090185095 80.35
472.5843667007 80.33
479.4582646005 80.31
486.4321456477 80.29
493.5074641306 80.27
500.6856954905 80.25
507.9683366298 80.23
515.3569062238 80.21
522.8529450372 80.20
530.4580162458 80.19
538.1737057624 80.17
546.0016225673 80.16
553.9433990439 80.14
562.0006913195 80.13
570.1751796098 80.13
578.4685685703 80.12
586.882587651 80.11
595.4189914574 80.10
604.0795601163 80.09
612.8660996471 80.08
621.7804423383 80.07
630.8244471297 80.07
640 80.06
649.30901436 80.05
658.7534314519 80.03
668.3352207536 80.01
678.05638039 80.01
687.9189375493 80.01
697.9249489058 79.99
708.0765010489 79.96
718.375710918 79.94
728.8247262443 79.95
739.4257259983 79.96
750.1809208443 79.97
761.0925536018 79.97
772.1628997124 79.98
783.394267715 80.00
794.7889997271 80.03
806.3494719327 80.05
818.0780950787 80.05
829.9773149767 80.01
842.0496130136 79.94
854.2975066688 79.90
866.7235500396 79.91
879.3303343732 79.95
892.1204886074 80.00
905.0966799188 80.05
918.2616142791 80.09
931.618037019 80.11
945.1687334013 80.13
958.9165292011 80.13
972.8642912955 80.14
987.0149282611 80.13
1001.371390981 80.12
1015.9366732597 80.10
1030.7138124476 80.07
1045.7058900743 80.04
1060.9160324916 80.01
1076.3474115248 79.96
1092.0032451345 79.90
1107.8867980879 79.84
1124.0013826389 79.80
1140.3503592197 79.77
1156.9371371406 79.75
1173.765175302 79.73
1190.8379829148 79.71
1208.1591202326 79.70
1225.7321992942 79.70
1243.5608846767 79.71
1261.6488942595 79.72
1280 79.74
1298.6180287201 79.78
1317.5068629037 79.82
1336.6704415071 79.87
1356.1127607799 79.93
1375.8378750985 80.00
1395.8498978116 80.08
1416.1530020977 80.17
1436.751421836 80.27
1457.6494524886 80.37
1478.8514519966 80.47
1500.3618416887 80.57
1522.1851072035 80.68
1544.3257994247 80.79
1566.78853543 80.90
1589.5779994541 81.00
1612.6989438655 81.11
1636.1561901574 81.22
1659.9546299533 81.32
1684.0992260271 81.41
1708.5950133377 81.49
1733.4471000793 81.57
1758.6606687464 81.64
1784.2409772148 81.72
1810.1933598376 81.80
1836.5232285581 81.89
1863.2360740381 81.99
1890.3374668026 82.12
1917.8330584022 82.27
1945.7285825909 82.44
1974.0298565222 82.63
2002.742781962 82.84
2031.8733465194 83.07
2061.4276248951 83.30
2091.4117801487 83.52
2121.8320649832 83.75
2152.6948230496 84.01
2184.0064902691 84.30
2215.7735961758 84.62
2248.0027652779 84.95
2280.7007184393 85.29
2313.8742742813 85.68
2347.530350604 86.12
2381.6759658296 86.61
2416.3182404652 87.12
2451.4643985884 87.67
2487.1217693533 88.22
2523.297788519 88.76
2560.0000000001 89.29
2597.2360574402 89.80
2635.0137258074 90.27
2673.3408830143 90.71
2712.2255215599 91.11
2751.6757501971 91.47
2791.6997956232 91.77
2832.3060041955 92.03
2873.5028436721 92.24
2915.2989049772 92.40
2957.7029039931 92.51
3000.7236833774 92.56
3044.3702144071 92.53
3088.6515988494 92.41
3133.57707086 92.23
3179.1559989082 91.97
3225.397887731 91.64
3272.3123803148 91.25
3319.9092599067 90.81
3368.1984520542 90.34
3417.1900266754 89.85
3466.8942001586 89.37
3517.3213374928 88.90
3568.4819544296 88.50
3620.3867196753 88.19
3673.0464571163 88.01
3726.4721480761 87.97
3780.6749336053 88.04
3835.6661168044 88.15
3891.4571651819 88.25
3948.0597130445 88.33
4005.4855639241 88.33
4063.7466930387 88.27
4122.8552497902 88.19
4182.8235602974 88.09
4243.6641299665 87.99
4305.3896460992 87.90
4368.0129805382 87.82
4431.5471923516 87.78
4496.0055305558 87.76
4561.4014368787 87.78
4627.7485485626 87.84
4695.0607012081 87.93
4763.3519316592 88.06
4832.6364809305 88.22
4902.9287971769 88.38
4974.2435387067 88.55
5046.595577038 88.71
5120.0000000002 88.83
5194.4721148803 88.89
5270.0274516149 88.86
5346.6817660286 88.71
5424.4510431198 88.45
5503.3515003942 88.08
5583.3995912463 87.64
5664.6120083911 87.14
5747.0056873442 86.62
5830.5978099545 86.07
5915.4058079863 85.52
6001.4473667548 84.97
6088.7404288142 84.45
6177.3031976989 83.97
6267.1541417201 83.55
6358.3119978165 83.21
6450.795775462 82.93
6544.6247606297 82.69
6639.8185198134 82.47
6736.3969041085 82.24
6834.3800533509 81.97
6933.7884003172 81.63
7034.6426749857 81.19
7136.9639088592 80.61
7240.7734393506 79.83
7346.0929142326 78.86
7452.9442961523 77.72
7561.3498672106 76.65
7671.3322336089 76.04
7782.9143303638 76.18
7896.119426089 77.19
8010.9711278481 78.80
8127.4933860775 80.57
8245.7104995805 82.28
8365.6471205948 83.83
8487.328259933 85.22
8610.7792921984 86.44
8736.0259610765 87.43
8863.0943847033 88.12
8992.0110611117 88.44
9122.8028737575 88.30
9255.4970971253 87.61
9390.1214024162 86.38
9526.7038633184 84.61
9665.272961861 82.47
9805.8575943538 80.15
9948.4870774134 77.84
10093.191154076 75.74
10240.0000000005 74.35
10388.9442297607 74.31
10540.0549032298 75.62
10693.3635320572 77.46
10848.9020862397 79.33
11006.7030007884 81.01
11166.7991824927 82.42
11329.2240167822 83.46
11494.0113746885 84.23
11661.1956199091 84.70
11830.8116159726 85.16
12002.8947335097 85.72
12177.4808576284 86.49
12354.6063953979 87.65
12534.3082834402 88.95
12716.6239956331 90.09
12901.5915509241 90.38
13089.2495212594 90.16
13279.637039627 89.15
13472.7938082171 87.52
13668.7601067018 85.82
13867.5768006344 84.48
14069.2853499715 83.91
14273.9278177184 84.03
14481.5468787012 84.64
14692.1858284653 84.94
14905.8885923047 84.44
15122.6997344212 83.04
15342.6644672179 80.92
15565.8286607277 78.56
15792.2388521781 76.70
16021.9422556964 76.07
16254.9867721551 76.39
16491.4209991611 76.65
16731.2942411897 76.50
16974.656519866 76.04
17221.5585843969 75.08
17472.0519221531 73.30
17726.1887694067 70.57
17984.0221222235 67.01
18245.605747515 63.08
18510.9941942506 59.74
18780.2428048326 57.51
19053.4077266369 55.85
19330.545923722 54.34
19611.7151887077 52.81
19896.9741548268 51.47
20186.382308152 51.07
