20 87.58
20.2909066988 87.65
20.5860447329 87.73
20.8854756485 87.80
21.1892618872 87.86
21.4974667984 87.92
21.8101546533 87.97
22.1273906578 88.02
22.4492409662 88.07
22.7757726951 88.13
23.1070539374 88.19
23.4431537764 88.25
23.7841423001 88.31
24.130090616 88.37
24.4810708661 88.42
24.8371562415 88.46
25.1984209979 88.51
25.5649404712 88.56
25.936791093 88.61
26.3140504067 88.65
26.6967970834 88.69
27.0851109387 88.72
27.4790729492 88.76
27.878765269 88.81
28.2842712475 88.86
28.6956754462 88.92
29.1130636568 88.98
29.5365229188 89.04
29.9661415375 89.09
30.402009103 89.13
30.8442165082 89.18
31.2928559682 89.22
31.7480210394 89.25
32.209806639 89.29
32.6783090648 89.32
33.1536260154 89.35
33.6358566101 89.39
34.1251014105 89.42
34.6214624402 89.46
35.1250432075 89.50
35.6359487256 89.54
36.1542855356 89.57
36.6801617282 89.60
37.2136869661 89.63
37.7549725073 89.66
38.3041312279 89.69
38.8612776461 89.72
39.4265279456 89.76
40 89.79
40.5818133975 89.82
41.1720894657 89.85
41.7709512971 89.88
42.3785237744 89.90
42.9949335968 89.92
43.6203093066 89.93
44.2547813156 89.94
44.8984819324 89.95
45.5515453903 89.95
46.2141078749 89.95
46.8863075528 89.95
47.5682846001 89.94
48.260181232 89.93
48.9621417322 89.91
49.6743124829 89.90
50.3968419958 89.89
51.1298809424 89.87
51.873582186 89.85
52.6281008133 89.83
53.3935941668 89.81
54.1702218775 89.79
54.9581458983 89.78
55.757530538 89.77
56.5685424949 89.75
57.3913508924 89.74
58.2261273137 89.74
59.0730458376 89.75
59.9322830751 89.76
60.804018206 89.75
61.6884330163 89.74
62.5857119363 89.72
63.4960420787 89.71
64.419613278 89.71
65.3566181296 89.72
66.3072520307 89.73
67.2717132203 89.73
68.2502028209 89.75
69.2429248805 89.76
70.2500864149 89.77
71.2718974512 89.78
72.3085710713 89.79
73.3603234564 89.80
74.4273739322 89.81
75.5099450145 89.82
76.6082624559 89.83
77.7225552923 89.84
78.8530558912 89.86
80 89.88
81.163626795 89.89
82.3441789315 89.91
83.5419025942 89.93
84.7570475487 89.94
85.9898671937 89.96
87.2406186132 89.97
88.5095626311 89.98
89.7969638648 89.99
91.1030907805 89.99
92.4282157498 90.00
93.7726151055 90.00
95.1365692002 90.01
96.520362464 90.01
97.9242834644 90.01
99.3486249659 90.01
100.7936839916 90.00
102.2597618848 89.98
103.7471643721 89.97
105.2562016267 89.95
106.7871883336 89.94
108.340443755 89.93
109.9162917966 89.90
111.5150610759 89.87
113.1370849898 89.83
114.7827017849 89.79
116.4522546274 89.76
118.1460916752 89.73
119.8645661501 89.72
121.6080364119 89.70
123.3768660326 89.68
125.1714238726 89.66
126.9920841575 89.63
128.8392265559 89.59
130.7132362593 89.54
132.6145040614 89.50
134.5434264406 89.44
136.5004056418 89.39
138.485849761 89.33
140.5001728299 89.29
142.5437949025 89.24
144.6171421426 89.20
146.7206469127 89.16
148.8547478643 89.11
151.0198900291 89.07
153.2165249118 89.02
155.4451105846 88.97
157.7061117824 88.91
160 88.86
162.32725359 88.82
164.688357863 88.77
167.0838051884 88.71
169.5140950975 88.66
171.9797343873 88.61
174.4812372264 88.55
177.0191252622 88.48
179.5939277295 88.42
182.2061815611 88.34
184.8564314996 88.27
187.5452302111 88.19
190.2731384004 88.11
193.0407249281 88.03
195.8485669287 87.96
198.6972499318 87.88
201.5873679832 87.82
204.5195237697 87.75
207.4943287442 87.67
210.5124032534 87.59
213.5743766672 87.51
216.6808875099 87.42
219.8325835933 87.32
223.0301221518 87.22
226.2741699797 87.11
229.5654035698 87.02
232.9045092548 86.93
236.2921833503 86.85
239.7291323003 86.79
243.2160728239 86.72
246.7537320653 86.65
250.3428477452 86.56
253.9841683149 86.48
257.6784531119 86.38
261.4264725186 86.29
265.2290081229 86.19
269.0868528812 86.09
273.0008112836 85.99
276.971699522 85.90
281.0003456597 85.80
285.0875898049 85.71
289.2342842852 85.62
293.4412938255 85.53
297.7094957287 85.45
302.0397800581 85.37
306.4330498235 85.28
310.8902211692 85.18
315.4122235649 85.09
320 84.98
324.65450718 84.88
329.3767157259 84.77
334.1676103768 84.66
339.028190195 84.55
343.9594687746 84.44
348.9624744529 84.32
354.0382505244 84.20
359.187855459 84.08
364.4123631221 83.95
369.7128629991 83.82
375.0904604222 83.69
380.5462768009 83.53
386.0814498562 83.37
391.6971338575 83.21
397.3944998635 83.05
403.1747359664 82.91
409.0390475393 82.77
414.9886574883 82.65
421.0248065068 82.54
427.1487533344 82.42
433.3617750198 82.30
439.6651671866 82.17
446.0602443037 82.04
452.5483399594 81.91
459.1308071395 81.78
465.8090185095 81.64
472.5843667007 81.50
479.4582646005 81.37
486.4321456477 81.25
493.5074641306 81.12
500.6856954905 80.99
507.9683366298 80.86
515.3569062238 80.73
522.8529450372 80.59
530.4580162458 80.46
538.1737057624 80.35
546.0016225673 80.24
553.9433990439 80.16
562.0006913195 80.09
570.1751796098 80.02
578.4685685703 79.95
586.882587651 79.89
595.4189914574 79.83
604.0795601163 79.78
612.8660996471 79.73
621.7804423383 79.68
630.8244471297 79.64
640 79.60
649.30901436 79.58
658.7534314519 79.55
668.3352207536 79.51
678.05638039 79.47
687.9189375493 79.42
697.9249489058 79.35
708.0765010489 79.26
718.375710918 79.13
728.8247262443 78.95
739.4257259983 78.70
750.1809208443 78.37
761.0925536018 77.97
772.1628997124 77.59
783.394267715 77.30
794.7889997271 77.13
806.3494719327 77.06
818.0780950787 77.02
829.9773149767 76.93
842.0496130136 76.78
854.2975066688 76.56
866.7235500396 76.37
879.3303343732 76.20
892.1204886074 76.01
905.0966799188 75.76
918.2616142791 75.43
931.618037019 75.06
945.1687334013 74.69
958.9165292011 74.34
972.8642912955 74.00
987.0149282611 73.68
1001.371390981 73.42
1015.9366732597 73.27
1030.7138124476 73.28
1045.7058900743 73.47
1060.9160324916 73.80
1076.3474115248 74.29
1092.0032451345 74.93
1107.8867980879 75.65
1124.0013826389 76.40
1140.3503592197 77.13
1156.9371371406 77.80
1173.765175302 78.44
1190.8379829148 79.00
1208.1591202326 79.52
1225.7321992942 79.94
1243.5608846767 80.30
1261.6488942595 80.59
1280 80.83
1298.6180287201 81.02
1317.5068629037 81.20
1336.6704415071 81.31
1356.1127607799 81.35
1375.8378750985 81.34
1395.8498978116 81.28
1416.1530020977 81.18
1436.751421836 81.06
1457.6494524886 80.92
1478.8514519966 80.77
1500.3618416887 80.58
1522.1851072035 80.36
1544.3257994247 80.07
1566.78853543 79.73
1589.5779994541 79.31
1612.6989438655 78.83
1636.1561901574 78.28
1659.9546299533 77.67
1684.0992260271 77.05
1708.5950133377 76.47
1733.4471000793 75.98
1758.6606687464 75.68
1784.2409772148 75.58
1810.1933598376 75.69
1836.5232285581 75.95
1863.2360740381 76.31
1890.3374668026 76.71
1917.8330584022 77.14
1945.7285825909 77.57
1974.0298565222 78.00
2002.742781962 78.44
2031.8733465194 78.88
2061.4276248951 79.33
2091.4117801487 79.80
2121.8320649832 80.28
2152.6948230496 80.78
2184.0064902691 81.30
2215.7735961758 81.91
2248.0027652779 82.60
2280.7007184393 83.40
2313.8742742813 84.30
2347.530350604 85.25
2381.6759658296 86.12
2416.3182404652 86.85
2451.4643985884 87.27
2487.1217693533 87.46
2523.297788519 87.41
2560.0000000001 87.30
2597.2360574402 87.21
2635.0137258074 87.18
2673.3408830143 87.26
2712.2255215599 87.40
2751.6757501971 87.61
2791.6997956232 87.86
2832.3060041955 88.15
2873.5028436721 88.44
2915.2989049772 88.74
2957.7029039931 89.02
3000.7236833774 89.28
3044.3702144071 89.51
3088.6515988494 89.69
3133.57707086 89.84
3179.1559989082 89.94
3225.397887731 90.00
3272.3123803148 90.03
3319.9092599067 90.04
3368.1984520542 90.01
3417.1900266754 89.95
3466.8942001586 89.86
3517.3213374928 89.71
3568.4819544296 89.48
3620.3867196753 89.15
3673.0464571163 88.74
3726.4721480761 88.29
3780.6749336053 87.85
3835.6661168044 87.40
3891.4571651819 86.95
3948.0597130445 86.47
4005.4855639241 85.99
4063.7466930387 85.56
4122.8552497902 85.26
4182.8235602974 85.13
4243.6641299665 85.15
4305.3896460992 85.29
4368.0129805382 85.53
4431.5471923516 85.80
4496.0055305558 86.07
4561.4014368787 86.30
4627.7485485626 86.50
4695.0607012081 86.67
4763.3519316592 86.85
4832.6364809305 87.04
4902.9287971769 87.26
4974.2435387067 87.52
5046.595577038 87.78
5120.0000000002 88.01
5194.4721148803 88.19
5270.0274516149 88.31
5346.6817660286 88.42
5424.4510431198 88.56
5503.3515003942 88.78
5583.3995912463 88.96
5664.6120083911 88.93
5747.0056873442 88.65
5830.5978099545 88.13
5915.4058079863 87.43
6001.4473667548 86.61
6088.7404288142 85.74
6177.3031976989 84.87
6267.1541417201 84.01
6358.3119978165 83.15
6450.795775462 82.30
6544.6247606297 81.46
6639.8185198134 80.63
6736.3969041085 79.82
6834.3800533509 79.03
6933.7884003172 78.37
7034.6426749857 78.02
7136.9639088592 78.11
7240.7734393506 78.54
7346.0929142326 79.05
7452.9442961523 79.61
7561.3498672106 80.24
7671.3322336089 80.92
7782.9143303638 81.58
7896.119426089 82.15
8010.9711278481 82.49
8127.4933860775 82.50
8245.7104995805 82.06
8365.6471205948 81.08
8487.328259933 79.71
8610.7792921984 78.25
8736.0259610765 77.20
8863.0943847033 76.84
8992.0110611117 77.04
9122.8028737575 77.28
9255.4970971253 77.15
9390.1214024162 76.54
9526.7038633184 75.50
9665.272961861 74.13
9805.8575943538 72.62
9948.4870774134 71.20
10093.191154076 70.46
10240.0000000005 71.03
10388.9442297607 72.82
10540.0549032298 74.99
10693.3635320572 76.88
10848.9020862397 78.18
11006.7030007884 78.78
11166.7991824927 78.71
11329.2240167822 77.97
11494.0113746885 76.87
11661.1956199091 75.52
11830.8116159726 74.62
12002.8947335097 75.20
12177.4808576284 77.27
12354.6063953979 80.28
12534.3082834402 82.84
12716.6239956331 84.34
12901.5915509241 84.33
13089.2495212594 83.57
13279.637039627 81.78
13472.7938082171 79.01
13668.7601067018 75.68
13867.5768006344 72.63
14069.2853499715 71.79
14273.9278177184 73.52
14481.5468787012 76.01
14692.1858284653 77.60
14905.8885923047 78.04
15122.6997344212 77.40
15342.6644672179 75.87
15565.8286607277 73.72
15792.2388521781 71.26
16021.9422556964 69.02
16254.9867721551 68.04
16491.4209991611 68.82
16731.2942411897 69.95
16974.656519866 70.44
17221.5585843969 70.06
17472.0519221531 68.89
17726.1887694067 67.10
17984.0221222235 65.03
18245.605747515 63.65
18510.9941942506 63.71
18780.2428048326 64.52
19053.4077266369 65.25
19330.545923722 65.57
19611.7151887077 65.35
19896.9741548268 64.84
20186.382308152 64.64
