20.000000	107.270
20.290907	107.267
20.586045	107.261
20.885476	107.253
21.189262	107.243
21.497467	107.232
21.810155	107.220
22.127391	107.208
22.449241	107.197
22.775773	107.186
23.107054	107.174
23.443154	107.162
23.784142	107.148
24.130091	107.133
24.481071	107.118
24.837156	107.102
25.198421	107.086
25.564940	107.069
25.936791	107.051
26.314050	107.033
26.696797	107.014
27.085111	106.996
27.479073	106.976
27.878765	106.956
28.284271	106.935
28.695675	106.915
29.113064	106.895
29.536523	106.874
29.966142	106.853
30.402009	106.831
30.844217	106.808
31.292856	106.785
31.748021	106.760
32.209807	106.735
32.678309	106.710
33.153626	106.683
33.635857	106.655
34.125101	106.626
34.621462	106.597
35.125043	106.568
35.635949	106.540
36.154286	106.509
36.680162	106.478
37.213687	106.448
37.754973	106.418
38.304131	106.388
38.861278	106.359
39.426528	106.327
40.000000	106.294
40.581813	106.260
41.172089	106.225
41.770951	106.189
42.378524	106.152
42.994934	106.115
43.620309	106.078
44.254781	106.040
44.898482	106.002
45.551545	105.963
46.214108	105.923
46.886308	105.883
47.568285	105.841
48.260181	105.799
48.962142	105.757
49.674312	105.714
50.396842	105.671
51.129881	105.626
51.873582	105.581
52.628101	105.535
53.393594	105.488
54.170222	105.441
54.958146	105.394
55.757531	105.347
56.568542	105.299
57.391351	105.251
58.226127	105.201
59.073046	105.150
59.932283	105.099
60.804018	105.047
61.688433	104.994
62.585712	104.942
63.496042	104.888
64.419613	104.834
65.356618	104.780
66.307252	104.725
67.271713	104.670
68.250203	104.614
69.242925	104.557
70.250086	104.499
71.271897	104.440
72.308571	104.381
73.360323	104.322
74.427374	104.262
75.509945	104.202
76.608262	104.141
77.722555	104.080
78.853056	104.018
80.000000	103.956
81.163627	103.894
82.344179	103.831
83.541903	103.768
84.757048	103.704
85.989867	103.640
87.240619	103.575
88.509563	103.510
89.796964	103.444
91.103091	103.378
92.428216	103.312
93.772615	103.246
95.136569	103.179
96.520362	103.112
97.924283	103.045
99.348625	102.976
100.793684	102.907
102.259762	102.839
103.747164	102.771
105.256202	102.701
106.787188	102.632
108.340444	102.562
109.916292	102.492
111.515061	102.422
113.137085	102.353
114.782702	102.283
116.452255	102.212
118.146092	102.140
119.864566	102.069
121.608036	101.999
123.376866	101.929
125.171424	101.859
126.992084	101.789
128.839227	101.719
130.713236	101.648
132.614504	101.577
134.543426	101.507
136.500406	101.436
138.485850	101.365
140.500173	101.295
142.543795	101.225
144.617142	101.154
146.720647	101.084
148.854748	101.015
151.019890	100.945
153.216525	100.876
155.445111	100.806
157.706112	100.737
160.000000	100.668
162.327254	100.600
164.688358	100.532
167.083805	100.464
169.514095	100.396
171.979734	100.329
174.481237	100.262
177.019125	100.196
179.593928	100.130
182.206182	100.064
184.856431	99.999
187.545230	99.934
190.273138	99.870
193.040725	99.807
195.848567	99.744
198.697250	99.681
201.587368	99.619
204.519524	99.557
207.494329	99.496
210.512403	99.436
213.574377	99.376
216.680888	99.317
219.832584	99.259
223.030122	99.201
226.274170	99.145
229.565404	99.088
232.904509	99.033
236.292183	98.979
239.729132	98.926
243.216073	98.873
246.753732	98.822
250.342848	98.771
253.984168	98.720
257.678453	98.671
261.426473	98.623
265.229008	98.575
269.086853	98.528
273.000811	98.483
276.971700	98.438
281.000346	98.393
285.087590	98.350
289.234284	98.307
293.441294	98.265
297.709496	98.225
302.039780	98.185
306.433050	98.146
310.890221	98.109
315.412224	98.073
320.000000	98.038
324.654507	98.003
329.376716	97.970
334.167610	97.937
339.028190	97.906
343.959469	97.876
348.962474	97.846
354.038251	97.818
359.187855	97.790
364.412363	97.764
369.712863	97.739
375.090460	97.716
380.546277	97.694
386.081450	97.672
391.697134	97.652
397.394500	97.632
403.174736	97.614
409.039048	97.597
414.988657	97.581
421.024807	97.566
427.148753	97.553
433.361775	97.541
439.665167	97.533
446.060244	97.527
452.548340	97.525
459.130807	97.526
465.809019	97.530
472.584367	97.536
479.458265	97.543
486.432146	97.551
493.507464	97.560
500.685695	97.570
507.968337	97.580
515.356906	97.592
522.852945	97.603
530.458016	97.616
538.173706	97.630
546.001623	97.646
553.943399	97.662
562.000691	97.679
570.175180	97.697
578.468569	97.717
586.882588	97.738
595.418991	97.761
604.079560	97.785
612.866100	97.811
621.780442	97.838
630.824447	97.867
640.000000	97.898
649.309014	97.929
658.753431	97.963
668.335221	97.997
678.056380	98.034
687.918938	98.072
697.924949	98.113
708.076501	98.155
718.375711	98.200
728.824726	98.247
739.425726	98.296
750.180921	98.348
761.092554	98.403
772.162900	98.460
783.394268	98.520
794.789000	98.582
806.349472	98.648
818.078095	98.717
829.977315	98.790
842.049613	98.865
854.297507	98.945
866.723550	99.029
879.330334	99.116
892.120489	99.209
905.096680	99.306
918.261614	99.407
931.618037	99.512
945.168733	99.623
958.916529	99.737
972.864291	99.856
987.014928	99.978
1001.371391	100.105
1015.936673	100.235
1030.713812	100.367
1045.705890	100.503
1060.916032	100.641
1076.347412	100.780
1092.003245	100.921
1107.886798	101.064
1124.001383	101.207
1140.350359	101.351
1156.937137	101.493
1173.765175	101.635
1190.837983	101.770
1208.159120	101.905
1225.732199	102.032
1243.560885	102.155
1261.648894	102.271
1280.000000	102.382
1298.618029	102.483
1317.506863	102.585
1336.670442	102.678
1356.112761	102.767
1375.837875	102.851
1395.849898	102.931
1416.153002	103.007
1436.751422	103.081
1457.649452	103.151
1478.851452	103.219
1500.361842	103.286
1522.185107	103.350
1544.325799	103.412
1566.788535	103.472
1589.577999	103.533
1612.698944	103.592
1636.156190	103.651
1659.954630	103.709
1684.099226	103.768
1708.595013	103.826
1733.447100	103.885
1758.660669	103.943
1784.240977	104.001
1810.193360	104.059
1836.523229	104.117
1863.236074	104.174
1890.337467	104.231
1917.833058	104.288
1945.728583	104.343
1974.029857	104.397
2002.742782	104.449
2031.873347	104.500
2061.427625	104.547
2091.411780	104.592
2121.832065	104.634
2152.694823	104.671
2184.006490	104.705
2215.773596	104.732
2248.002765	104.755
2280.700718	104.771
2313.874274	104.779
2347.530351	104.779
2381.675966	104.771
2416.318240	104.755
2451.464399	104.728
2487.121769	104.691
2523.297789	104.642
2560.000000	104.581
2597.236057	104.508
2635.013726	104.423
2673.340883	104.322
2712.225522	104.209
2751.675750	104.079
2791.699796	103.935
2832.306004	103.775
2873.502844	103.602
2915.298905	103.419
2957.702904	103.229
3000.723683	103.037
3044.370214	102.856
3088.651599	102.695
3133.577071	102.563
3179.155999	102.470
3225.397888	102.416
3272.312380	102.405
3319.909260	102.433
3368.198452	102.493
3417.190027	102.571
3466.894200	102.652
3517.321337	102.721
3568.481954	102.765
3620.386720	102.777
3673.046457	102.756
3726.472148	102.700
3780.674934	102.609
3835.666117	102.495
3891.457165	102.352
3948.059713	102.191
4005.485564	102.007
4063.746693	101.802
4122.855250	101.569
4182.823560	101.301
4243.664130	100.987
4305.389646	100.624
4368.012981	100.209
4431.547192	99.755
4496.005531	99.291
4561.401437	98.854
4627.748549	98.476
4695.060701	98.201
4763.351932	98.028
4832.636481	97.959
4902.928797	97.988
4974.243539	98.080
5046.595577	98.231
5120.000000	98.421
5194.472115	98.645
5270.027452	98.896
5346.681766	99.167
5424.451043	99.451
5503.351500	99.745
5583.399591	100.044
5664.612008	100.342
5747.005687	100.636
5830.597810	100.923
5915.405808	101.199
6001.447367	101.464
6088.740429	101.715
6177.303198	101.955
6267.154142	102.187
6358.311998	102.418
6450.795775	102.653
6544.624761	102.901
6639.818520	103.170
6736.396904	103.472
6834.380053	103.817
6933.788400	104.216
7034.642675	104.680
7136.963909	105.212
7240.773439	105.790
7346.092914	106.374
7452.944296	106.920
7561.349867	107.415
7671.332234	107.871
7782.914330	108.280
7896.119426	108.592
8010.971128	108.692
8127.493386	108.502
8245.710500	108.000
8365.647121	107.206
8487.328260	106.220
8610.779292	105.116
8736.025961	103.974
8863.094385	102.858
8992.011061	101.799
9122.802874	100.821
9255.497097	99.933
9390.121402	99.134
9526.703863	98.425
9665.272962	97.803
9805.857594	97.265
9948.487077	96.811
10093.191154	96.445
10240.000000	96.147
10388.944230	95.904
10540.054903	95.704
10693.363532	95.532
10848.902086	95.386
11006.703001	95.242
11166.799182	95.048
11329.224017	94.712
11494.011375	94.221
11661.195620	93.465
11830.811616	92.547
12002.894734	91.426
12177.480858	90.225
12354.606395	89.004
12534.308283	87.856
12716.623996	86.892
12901.591551	86.153
13089.249521	85.497
13279.637040	84.791
13472.793808	84.013
13668.760107	83.297
13867.576801	82.940
14069.285350	83.219
14273.927818	83.997
14481.546879	85.169
14692.185828	86.315
14905.888592	86.990
15122.699734	87.010
15342.664467	86.393
15565.828661	85.351
15792.238852	84.214
16021.942256	83.322
16254.986772	82.841
16491.420999	82.515
16731.294241	81.964
16974.656520	81.079
17221.558584	79.839
17472.051922	78.183
17726.188769	76.004
17984.022122	73.242
18245.605748	70.085
18510.994194	67.530
18780.242805	66.922
19053.407727	67.667
19330.545924	68.485
19611.715189	68.626
19896.974155	67.744
20186.382308	67.252
