20.000000	105.197
20.290907	105.196
20.586045	105.195
20.885476	105.195
21.189262	105.195
21.497467	105.196
21.810155	105.197
22.127391	105.195
22.449241	105.192
22.775773	105.185
23.107054	105.176
23.443154	105.165
23.784142	105.155
24.130091	105.146
24.481071	105.137
24.837156	105.129
25.198421	105.120
25.564940	105.111
25.936791	105.101
26.314050	105.091
26.696797	105.078
27.085111	105.063
27.479073	105.044
27.878765	105.024
28.284271	105.004
28.695675	104.986
29.113064	104.971
29.536523	104.958
29.966142	104.944
30.402009	104.926
30.844217	104.902
31.292856	104.875
31.748021	104.848
32.209807	104.824
32.678309	104.804
33.153626	104.785
33.635857	104.766
34.125101	104.746
34.621462	104.727
35.125043	104.708
35.635949	104.688
36.154286	104.664
36.680162	104.640
37.213687	104.617
37.754973	104.595
38.304131	104.572
38.861278	104.544
39.426528	104.512
40.000000	104.477
40.581813	104.443
41.172089	104.408
41.770951	104.377
42.378524	104.350
42.994934	104.319
43.620309	104.284
44.254781	104.246
44.898482	104.208
45.551545	104.168
46.214108	104.127
46.886308	104.088
47.568285	104.052
48.260181	104.017
48.962142	103.975
49.674312	103.928
50.396842	103.878
51.129881	103.827
51.873582	103.778
52.628101	103.732
53.393594	103.690
54.170222	103.649
54.958146	103.606
55.757531	103.559
56.568542	103.509
57.391351	103.454
58.226127	103.396
59.073046	103.338
59.932283	103.285
60.804018	103.232
61.688433	103.177
62.585712	103.120
63.496042	103.060
64.419613	102.998
65.356618	102.933
66.307252	102.865
67.271713	102.798
68.250203	102.732
69.242925	102.667
70.250086	102.601
71.271897	102.532
72.308571	102.460
73.360323	102.387
74.427374	102.315
75.509945	102.245
76.608262	102.175
77.722555	102.102
78.853056	102.025
80.000000	101.948
81.163627	101.872
82.344179	101.795
83.541903	101.715
84.757048	101.633
85.989867	101.549
87.240619	101.460
88.509563	101.369
89.796964	101.282
91.103091	101.201
92.428216	101.122
93.772615	101.040
95.136569	100.953
96.520362	100.859
97.924283	100.759
99.348625	100.658
100.793684	100.567
102.259762	100.481
103.747164	100.394
105.256202	100.306
106.787188	100.218
108.340444	100.131
109.916292	100.045
111.515061	99.957
113.137085	99.863
114.782702	99.762
116.452255	99.659
118.146092	99.558
119.864566	99.463
121.608036	99.369
123.376866	99.278
125.171424	99.189
126.992084	99.097
128.839227	99.002
130.713236	98.903
132.614504	98.805
134.543426	98.709
136.500406	98.619
138.485850	98.534
140.500173	98.451
142.543795	98.367
144.617142	98.280
146.720647	98.192
148.854748	98.106
151.019890	98.025
153.216525	97.948
155.445111	97.871
157.706112	97.794
160.000000	97.719
162.327254	97.648
164.688358	97.583
167.083805	97.523
169.514095	97.462
171.979734	97.394
174.481237	97.324
177.019125	97.259
179.593928	97.203
182.206182	97.154
184.856431	97.105
187.545230	97.054
190.273138	97.003
193.040725	96.955
195.848567	96.912
198.697250	96.873
201.587368	96.838
204.519524	96.805
207.494329	96.773
210.512403	96.741
213.574377	96.711
216.680888	96.683
219.832584	96.656
223.030122	96.632
226.274170	96.608
229.565404	96.584
232.904509	96.564
236.292183	96.552
239.729132	96.542
243.216073	96.533
246.753732	96.524
250.342848	96.514
253.984168	96.505
257.678453	96.497
261.426473	96.489
265.229008	96.482
269.086853	96.478
273.000811	96.476
276.971700	96.472
281.000346	96.467
285.087590	96.464
289.234284	96.462
293.441294	96.460
297.709496	96.458
302.039780	96.456
306.433050	96.455
310.890221	96.457
315.412224	96.459
320.000000	96.459
324.654507	96.457
329.376716	96.457
334.167610	96.457
339.028190	96.457
343.959469	96.456
348.962474	96.455
354.038251	96.455
359.187855	96.455
364.412363	96.454
369.712863	96.452
375.090460	96.449
380.546277	96.446
386.081450	96.442
391.697134	96.436
397.394500	96.430
403.174736	96.424
409.039048	96.419
414.988657	96.413
421.024807	96.405
427.148753	96.397
433.361775	96.389
439.665167	96.380
446.060244	96.371
452.548340	96.359
459.130807	96.346
465.809019	96.333
472.584367	96.318
479.458265	96.302
486.432146	96.285
493.507464	96.268
500.685695	96.251
507.968337	96.233
515.356906	96.215
522.852945	96.195
530.458016	96.177
538.173706	96.159
546.001623	96.139
553.943399	96.120
562.000691	96.103
570.175180	96.085
578.468569	96.067
586.882588	96.049
595.418991	96.030
604.079560	96.012
612.866100	95.994
621.780442	95.977
630.824447	95.960
640.000000	95.942
649.309014	95.927
658.753431	95.914
668.335221	95.907
678.056380	95.908
687.918938	95.920
697.924949	95.943
708.076501	95.979
718.375711	96.028
728.824726	96.091
739.425726	96.163
750.180921	96.237
761.092554	96.308
772.162900	96.369
783.394268	96.418
794.789000	96.455
806.349472	96.479
818.078095	96.494
829.977315	96.503
842.049613	96.509
854.297507	96.515
866.723550	96.523
879.330334	96.534
892.120489	96.550
905.096680	96.571
918.261614	96.599
931.618037	96.633
945.168733	96.672
958.916529	96.717
972.864291	96.768
987.014928	96.825
1001.371391	96.887
1015.936673	96.953
1030.713812	97.024
1045.705890	97.098
1060.916032	97.176
1076.347412	97.255
1092.003245	97.337
1107.886798	97.420
1124.001383	97.504
1140.350359	97.588
1156.937137	97.670
1173.765175	97.751
1190.837983	97.828
1208.159120	97.905
1225.732199	97.979
1243.560885	98.050
1261.648894	98.117
1280.000000	98.181
1298.618029	98.240
1317.506863	98.300
1336.670442	98.354
1356.112761	98.406
1375.837875	98.456
1395.849898	98.504
1416.153002	98.550
1436.751422	98.594
1457.649452	98.638
1478.851452	98.681
1500.361842	98.725
1522.185107	98.769
1544.325799	98.813
1566.788535	98.858
1589.577999	98.905
1612.698944	98.953
1636.156190	99.003
1659.954630	99.055
1684.099226	99.111
1708.595013	99.170
1733.447100	99.233
1758.660669	99.299
1784.240977	99.369
1810.193360	99.444
1836.523229	99.523
1863.236074	99.607
1890.337467	99.697
1917.833058	99.792
1945.728583	99.892
1974.029857	99.999
2002.742782	100.111
2031.873347	100.230
2061.427625	100.355
2091.411780	100.486
2121.832065	100.624
2152.694823	100.769
2184.006490	100.919
2215.773596	101.077
2248.002765	101.239
2280.700718	101.407
2313.874274	101.582
2347.530351	101.762
2381.675966	101.946
2416.318240	102.134
2451.464399	102.325
2487.121769	102.519
2523.297789	102.712
2560.000000	102.905
2597.236057	103.094
2635.013726	103.278
2673.340883	103.453
2712.225522	103.621
2751.675750	103.774
2791.699796	103.912
2832.306004	104.029
2873.502844	104.127
2915.298905	104.202
2957.702904	104.253
3000.723683	104.277
3044.370214	104.271
3088.651599	104.236
3133.577071	104.176
3179.155999	104.089
3225.397888	103.979
3272.312380	103.849
3319.909260	103.700
3368.198452	103.536
3417.190027	103.361
3466.894200	103.176
3517.321337	102.987
3568.481954	102.796
3620.386720	102.606
3673.046457	102.420
3726.472148	102.239
3780.674934	102.068
3835.666117	101.904
3891.457165	101.753
3948.059713	101.610
4005.485564	101.481
4063.746693	101.363
4122.855250	101.256
4182.823560	101.160
4243.664130	101.072
4305.389646	100.992
4368.012981	100.917
4431.547192	100.846
4496.005531	100.777
4561.401437	100.710
4627.748549	100.643
4695.060701	100.576
4763.351932	100.510
4832.636481	100.444
4902.928797	100.376
4974.243539	100.308
5046.595577	100.237
5120.000000	100.163
5194.472115	100.083
5270.027452	99.997
5346.681766	99.903
5424.451043	99.800
5503.351500	99.686
5583.399591	99.561
5664.612008	99.426
5747.005687	99.284
5830.597810	99.135
5915.405808	98.982
6001.447367	98.829
6088.740429	98.682
6177.303198	98.546
6267.154142	98.426
6358.311998	98.327
6450.795775	98.251
6544.624761	98.202
6639.818520	98.182
6736.396904	98.190
6834.380053	98.225
6933.788400	98.287
7034.642675	98.373
7136.963909	98.482
7240.773439	98.612
7346.092914	98.760
7452.944296	98.921
7561.349867	99.073
7671.332234	99.187
7782.914330	99.243
7896.119426	99.220
8010.971128	99.112
8127.493386	98.932
8245.710500	98.691
8365.647121	98.393
8487.328260	98.051
8610.779292	97.670
8736.025961	97.259
8863.094385	96.834
8992.011061	96.408
9122.802874	95.999
9255.497097	95.623
9390.121402	95.296
9526.703863	95.031
9665.272962	94.836
9805.857594	94.716
9948.487077	94.669
10093.191154	94.701
10240.000000	94.801
10388.944230	94.974
10540.054903	95.226
10693.363532	95.543
10848.902086	95.904
11006.703001	96.277
11166.799182	96.630
11329.224017	96.930
11494.011375	97.180
11661.195620	97.343
11830.811616	97.445
12002.894734	97.444
12177.480858	97.339
12354.606395	97.027
12534.308283	96.555
12716.623996	95.893
12901.591551	95.123
13089.249521	94.319
13279.637040	93.570
13472.793808	92.925
13668.760107	92.409
13867.576801	92.009
14069.285350	91.677
14273.927818	91.359
14481.546879	90.985
14692.185828	90.493
14905.888592	89.883
15122.699734	89.166
15342.664467	88.372
15565.828661	87.538
15792.238852	86.689
16021.942256	85.828
16254.986772	84.931
16491.420999	83.985
16731.294241	83.083
16974.656520	82.451
17221.558584	82.326
17472.051922	82.751
17726.188769	83.527
17984.022122	84.330
18245.605748	84.818
18510.994194	84.702
18780.242805	83.840
19053.407727	82.182
19330.545924	79.706
19611.715189	76.426
19896.974155	72.407
20186.382308	70.856
