20 82.45
20.2909066988 82.58
20.5860447329 82.71
20.8854756485 82.82
21.1892618872 82.93
21.4974667984 83.04
21.8101546533 83.15
22.1273906578 83.26
22.4492409662 83.38
22.7757726951 83.50
23.1070539374 83.62
23.4431537764 83.74
23.7841423001 83.86
24.130090616 83.98
24.4810708661 84.11
24.8371562415 84.23
25.1984209979 84.34
25.5649404712 84.46
25.936791093 84.57
26.3140504067 84.67
26.6967970834 84.77
27.0851109387 84.88
27.4790729492 84.99
27.878765269 85.09
28.2842712475 85.20
28.6956754462 85.32
29.1130636568 85.44
29.5365229188 85.57
29.9661415375 85.70
30.402009103 85.82
30.8442165082 85.93
31.2928559682 86.02
31.7480210394 86.10
32.209806639 86.18
32.6783090648 86.27
33.1536260154 86.36
33.6358566101 86.46
34.1251014105 86.56
34.6214624402 86.66
35.1250432075 86.77
35.6359487256 86.88
36.1542855356 86.98
36.6801617282 87.06
37.2136869661 87.14
37.7549725073 87.22
38.3041312279 87.32
38.8612776461 87.42
39.4265279456 87.53
40 87.63
40.5818133975 87.72
41.1720894657 87.82
41.7709512971 87.91
42.3785237744 88.01
42.9949335968 88.09
43.6203093066 88.17
44.2547813156 88.24
44.8984819324 88.29
45.5515453903 88.32
46.2141078749 88.34
46.8863075528 88.37
47.5682846001 88.40
48.260181232 88.43
48.9621417322 88.44
49.6743124829 88.44
50.3968419958 88.43
51.1298809424 88.40
51.873582186 88.37
52.6281008133 88.34
53.3935941668 88.31
54.1702218775 88.28
54.9581458983 88.27
55.757530538 88.27
56.5685424949 88.28
57.3913508924 88.31
58.2261273137 88.34
59.0730458376 88.39
59.9322830751 88.45
60.804018206 88.50
61.6884330163 88.56
62.5857119363 88.62
63.4960420787 88.69
64.419613278 88.77
65.3566181296 88.87
66.3072520307 88.97
67.2717132203 89.06
68.2502028209 89.13
69.2429248805 89.16
70.2500864149 89.15
71.2718974512 89.14
72.3085710713 89.12
73.3603234564 89.13
74.4273739322 89.14
75.5099450145 89.16
76.6082624559 89.18
77.7225552923 89.20
78.8530558912 89.22
80 89.23
81.163626795 89.24
82.3441789315 89.23
83.5419025942 89.23
84.7570475487 89.22
85.9898671937 89.20
87.2406186132 89.19
88.5095626311 89.17
89.7969638648 89.15
91.1030907805 89.13
92.4282157498 89.11
93.7726151055 89.10
95.1365692002 89.08
96.520362464 89.05
97.9242834644 89.02
99.3486249659 88.98
100.7936839916 88.93
102.2597618848 88.88
103.7471643721 88.82
105.2562016267 88.76
106.7871883336 88.70
108.340443755 88.63
109.9162917966 88.56
111.5150610759 88.50
113.1370849898 88.43
114.7827017849 88.36
116.4522546274 88.28
118.1460916752 88.21
119.8645661501 88.13
121.6080364119 88.08
123.3768660326 88.04
125.1714238726 88.02
126.9920841575 87.99
128.8392265559 87.97
130.7132362593 87.94
132.6145040614 87.91
134.5434264406 87.87
136.5004056418 87.82
138.485849761 87.77
140.5001728299 87.72
142.5437949025 87.67
144.6171421426 87.62
146.7206469127 87.56
148.8547478643 87.51
151.0198900291 87.45
153.2165249118 87.39
155.4451105846 87.34
157.7061117824 87.31
160 87.29
162.32725359 87.31
164.688357863 87.35
167.0838051884 87.40
169.5140950975 87.45
171.9797343873 87.47
174.4812372264 87.44
177.0191252622 87.37
179.5939277295 87.26
182.2061815611 87.14
184.8564314996 87.02
187.5452302111 86.91
190.2731384004 86.81
193.0407249281 86.73
195.8485669287 86.65
198.6972499318 86.58
201.5873679832 86.51
204.5195237697 86.45
207.4943287442 86.39
210.5124032534 86.34
213.5743766672 86.29
216.6808875099 86.23
219.8325835933 86.17
223.0301221518 86.09
226.2741699797 86.00
229.5654035698 85.90
232.9045092548 85.80
236.2921833503 85.71
239.7291323003 85.62
243.2160728239 85.53
246.7537320653 85.46
250.3428477452 85.38
253.9841683149 85.31
257.6784531119 85.23
261.4264725186 85.16
265.2290081229 85.08
269.0868528812 85.01
273.0008112836 84.94
276.971699522 84.87
281.0003456597 84.81
285.0875898049 84.74
289.2342842852 84.68
293.4412938255 84.62
297.7094957287 84.55
302.0397800581 84.48
306.4330498235 84.41
310.8902211692 84.33
315.4122235649 84.25
320 84.17
324.65450718 84.09
329.3767157259 84.00
334.1676103768 83.91
339.028190195 83.82
343.9594687746 83.73
348.9624744529 83.63
354.0382505244 83.53
359.187855459 83.44
364.4123631221 83.34
369.7128629991 83.23
375.0904604222 83.12
380.5462768009 83.02
386.0814498562 82.91
391.6971338575 82.80
397.3944998635 82.68
403.1747359664 82.57
409.0390475393 82.47
414.9886574883 82.38
421.0248065068 82.31
427.1487533344 82.24
433.3617750198 82.17
439.6651671866 82.10
446.0602443037 82.02
452.5483399594 81.95
459.1308071395 81.89
465.8090185095 81.82
472.5843667007 81.77
479.4582646005 81.73
486.4321456477 81.70
493.5074641306 81.68
500.6856954905 81.66
507.9683366298 81.66
515.3569062238 81.66
522.8529450372 81.68
530.4580162458 81.69
538.1737057624 81.68
546.0016225673 81.63
553.9433990439 81.58
562.0006913195 81.57
570.1751796098 81.55
578.4685685703 81.42
586.882587651 81.15
595.4189914574 80.84
604.0795601163 80.62
612.8660996471 80.59
621.7804423383 80.74
630.8244471297 80.96
640 81.17
649.30901436 81.33
658.7534314519 81.44
668.3352207536 81.51
678.05638039 81.56
687.9189375493 81.60
697.9249489058 81.63
708.0765010489 81.65
718.375710918 81.68
728.8247262443 81.72
739.4257259983 81.75
750.1809208443 81.77
761.0925536018 81.79
772.1628997124 81.81
783.394267715 81.86
794.7889997271 81.91
806.3494719327 81.98
818.0780950787 82.04
829.9773149767 82.08
842.0496130136 82.10
854.2975066688 82.09
866.7235500396 82.05
879.3303343732 81.99
892.1204886074 81.92
905.0966799188 81.83
918.2616142791 81.74
931.618037019 81.64
945.1687334013 81.54
958.9165292011 81.45
972.8642912955 81.35
987.0149282611 81.25
1001.371390981 81.12
1015.9366732597 80.97
1030.7138124476 80.83
1045.7058900743 80.70
1060.9160324916 80.60
1076.3474115248 80.49
1092.0032451345 80.36
1107.8867980879 80.21
1124.0013826389 80.09
1140.3503592197 79.99
1156.9371371406 79.93
1173.765175302 79.87
1190.8379829148 79.86
1208.1591202326 79.86
1225.7321992942 79.92
1243.5608846767 80.03
1261.6488942595 80.17
1280 80.29
1298.6180287201 80.43
1317.5068629037 80.57
1336.6704415071 80.78
1356.1127607799 81.00
1375.8378750985 81.20
1395.8498978116 81.40
1416.1530020977 81.63
1436.751421836 81.86
1457.6494524886 82.09
1478.8514519966 82.32
1500.3618416887 82.57
1522.1851072035 82.84
1544.3257994247 83.11
1566.78853543 83.40
1589.5779994541 83.71
1612.6989438655 84.03
1636.1561901574 84.38
1659.9546299533 84.75
1684.0992260271 85.13
1708.5950133377 85.53
1733.4471000793 85.93
1758.6606687464 86.35
1784.2409772148 86.80
1810.1933598376 87.26
1836.5232285581 87.73
1863.2360740381 88.22
1890.3374668026 88.70
1917.8330584022 89.17
1945.7285825909 89.60
1974.0298565222 90.00
2002.742781962 90.39
2031.8733465194 90.80
2061.4276248951 91.23
2091.4117801487 91.68
2121.8320649832 92.13
2152.6948230496 92.54
2184.0064902691 92.90
2215.7735961758 93.17
2248.0027652779 93.39
2280.7007184393 93.54
2313.8742742813 93.64
2347.530350604 93.70
2381.6759658296 93.75
2416.3182404652 93.79
2451.4643985884 93.84
2487.1217693533 93.89
2523.297788519 93.92
2560.0000000001 93.93
2597.2360574402 93.92
2635.0137258074 93.90
2673.3408830143 93.87
2712.2255215599 93.86
2751.6757501971 93.93
2791.6997956232 94.11
2832.3060041955 94.36
2873.5028436721 94.58
2915.2989049772 94.72
2957.7029039931 94.75
3000.7236833774 94.67
3044.3702144071 94.51
3088.6515988494 94.30
3133.57707086 94.06
3179.1559989082 93.79
3225.397887731 93.49
3272.3123803148 93.17
3319.9092599067 92.84
3368.1984520542 92.50
3417.1900266754 92.15
3466.8942001586 91.79
3517.3213374928 91.45
3568.4819544296 91.12
3620.3867196753 90.81
3673.0464571163 90.53
3726.4721480761 90.27
3780.6749336053 90.03
3835.6661168044 89.78
3891.4571651819 89.54
3948.0597130445 89.28
4005.4855639241 89.00
4063.7466930387 88.71
4122.8552497902 88.41
4182.8235602974 88.14
4243.6641299665 87.93
4305.3896460992 87.84
4368.0129805382 87.94
4431.5471923516 88.31
4496.0055305558 88.93
4561.4014368787 89.77
4627.7485485626 90.72
4695.0607012081 91.68
4763.3519316592 92.58
4832.6364809305 93.40
4902.9287971769 94.11
4974.2435387067 94.76
5046.595577038 95.37
5120.0000000002 96.02
5194.4721148803 96.74
5270.0274516149 97.49
5346.6817660286 98.17
5424.4510431198 98.67
5503.3515003942 98.86
5583.3995912463 98.65
5664.6120083911 98.01
5747.0056873442 97.09
5830.5978099545 95.96
5915.4058079863 94.72
6001.4473667548 93.49
6088.7404288142 92.37
6177.3031976989 91.34
6267.1541417201 90.40
6358.3119978165 89.49
6450.795775462 88.58
6544.6247606297 87.65
6639.8185198134 86.72
6736.3969041085 85.79
6834.3800533509 84.90
6933.7884003172 84.08
7034.6426749857 83.38
7136.9639088592 82.91
7240.7734393506 82.74
7346.0929142326 82.90
7452.9442961523 83.33
7561.3498672106 83.93
7671.3322336089 84.55
7782.9143303638 85.11
7896.119426089 85.51
8010.9711278481 85.69
8127.4933860775 85.62
8245.7104995805 85.28
8365.6471205948 84.67
8487.328259933 83.88
8610.7792921984 82.92
8736.0259610765 81.79
8863.0943847033 80.45
8992.0110611117 78.89
9122.8028737575 77.22
9255.4970971253 75.61
9390.1214024162 74.05
9526.7038633184 72.32
9665.272961861 70.26
9805.8575943538 67.96
9948.4870774134 66.03
10093.191154076 65.81
10240.0000000005 67.42
10388.9442297607 70.02
10540.0549032298 72.82
10693.3635320572 75.47
10848.9020862397 77.72
11006.7030007884 79.31
11166.7991824927 80.14
11329.2240167822 80.09
11494.0113746885 79.64
11661.1956199091 79.52
11830.8116159726 80.08
12002.8947335097 81.54
12177.4808576284 83.26
12354.6063953979 85.05
12534.3082834402 86.64
12716.6239956331 87.74
12901.5915509241 87.94
13089.2495212594 87.66
13279.637039627 86.59
13472.7938082171 84.88
13668.7601067018 83.03
13867.5768006344 81.47
14069.2853499715 80.48
14273.9278177184 79.93
14481.5468787012 79.42
14692.1858284653 78.44
14905.8885923047 76.89
15122.6997344212 74.89
15342.6644672179 72.82
15565.8286607277 71.16
15792.2388521781 70.26
16021.9422556964 70.15
16254.9867721551 71.19
16491.4209991611 73.30
16731.2942411897 75.44
16974.656519866 76.97
17221.5585843969 77.59
17472.0519221531 77.21
17726.1887694067 75.85
17984.0221222235 73.73
18245.605747515 71.28
18510.9941942506 69.16
18780.2428048326 68.01
19053.4077266369 67.81
19330.545923722 67.81
19611.7151887077 67.53
19896.9741548268 67.12
20186.382308152 66.98
