20 93.60
20.2909066988 93.61
20.5860447329 93.62
20.8854756485 93.63
21.1892618872 93.64
21.4974667984 93.65
21.8101546533 93.66
22.1273906578 93.67
22.4492409662 93.68
22.7757726951 93.69
23.1070539374 93.69
23.4431537764 93.69
23.7841423001 93.69
24.130090616 93.69
24.4810708661 93.69
24.8371562415 93.69
25.1984209979 93.69
25.5649404712 93.69
25.936791093 93.68
26.3140504067 93.68
26.6967970834 93.67
27.0851109387 93.66
27.4790729492 93.66
27.878765269 93.65
28.2842712475 93.64
28.6956754462 93.63
29.1130636568 93.62
29.5365229188 93.61
29.9661415375 93.60
30.402009103 93.60
30.8442165082 93.59
31.2928559682 93.57
31.7480210394 93.56
32.209806639 93.54
32.6783090648 93.52
33.1536260154 93.50
33.6358566101 93.49
34.1251014105 93.47
34.6214624402 93.45
35.1250432075 93.43
35.6359487256 93.40
36.1542855356 93.38
36.6801617282 93.35
37.2136869661 93.33
37.7549725073 93.31
38.3041312279 93.29
38.8612776461 93.27
39.4265279456 93.25
40 93.23
40.5818133975 93.20
41.1720894657 93.18
41.7709512971 93.16
42.3785237744 93.13
42.9949335968 93.10
43.6203093066 93.07
44.2547813156 93.04
44.8984819324 93.01
45.5515453903 92.98
46.2141078749 92.94
46.8863075528 92.90
47.5682846001 92.86
48.260181232 92.82
48.9621417322 92.76
49.6743124829 92.71
50.3968419958 92.67
51.1298809424 92.66
51.873582186 92.65
52.6281008133 92.62
53.3935941668 92.59
54.1702218775 92.56
54.9581458983 92.53
55.757530538 92.50
56.5685424949 92.46
57.3913508924 92.42
58.2261273137 92.38
59.0730458376 92.34
59.9322830751 92.30
60.804018206 92.26
61.6884330163 92.22
62.5857119363 92.18
63.4960420787 92.15
64.419613278 92.11
65.3566181296 92.08
66.3072520307 92.04
67.2717132203 92.00
68.2502028209 91.95
69.2429248805 91.91
70.2500864149 91.86
71.2718974512 91.82
72.3085710713 91.78
73.3603234564 91.74
74.4273739322 91.70
75.5099450145 91.66
76.6082624559 91.61
77.7225552923 91.57
78.8530558912 91.53
80 91.48
81.163626795 91.44
82.3441789315 91.40
83.5419025942 91.36
84.7570475487 91.31
85.9898671937 91.27
87.2406186132 91.23
88.5095626311 91.18
89.7969638648 91.14
91.1030907805 91.10
92.4282157498 91.06
93.7726151055 91.01
95.1365692002 90.97
96.520362464 90.93
97.9242834644 90.89
99.3486249659 90.85
100.7936839916 90.81
102.2597618848 90.77
103.7471643721 90.72
105.2562016267 90.68
106.7871883336 90.64
108.340443755 90.60
109.9162917966 90.56
111.5150610759 90.52
113.1370849898 90.47
114.7827017849 90.43
116.4522546274 90.40
118.1460916752 90.36
119.8645661501 90.32
121.6080364119 90.29
123.3768660326 90.25
125.1714238726 90.18
126.9920841575 90.11
128.8392265559 90.07
130.7132362593 90.05
132.6145040614 90.04
134.5434264406 90.03
136.5004056418 90.00
138.485849761 89.97
140.5001728299 89.92
142.5437949025 89.85
144.6171421426 89.79
146.7206469127 89.74
148.8547478643 89.71
151.0198900291 89.69
153.2165249118 89.66
155.4451105846 89.62
157.7061117824 89.58
160 89.55
162.32725359 89.51
164.688357863 89.48
167.0838051884 89.44
169.5140950975 89.40
171.9797343873 89.37
174.4812372264 89.34
177.0191252622 89.30
179.5939277295 89.27
182.2061815611 89.23
184.8564314996 89.20
187.5452302111 89.16
190.2731384004 89.13
193.0407249281 89.10
195.8485669287 89.07
198.6972499318 89.03
201.5873679832 89.00
204.5195237697 88.97
207.4943287442 88.94
210.5124032534 88.90
213.5743766672 88.87
216.6808875099 88.84
219.8325835933 88.81
223.0301221518 88.79
226.2741699797 88.76
229.5654035698 88.73
232.9045092548 88.70
236.2921833503 88.66
239.7291323003 88.63
243.2160728239 88.59
246.7537320653 88.57
250.3428477452 88.56
253.9841683149 88.54
257.6784531119 88.52
261.4264725186 88.49
265.2290081229 88.46
269.0868528812 88.43
273.0008112836 88.40
276.971699522 88.36
281.0003456597 88.33
285.0875898049 88.31
289.2342842852 88.28
293.4412938255 88.26
297.7094957287 88.23
302.0397800581 88.21
306.4330498235 88.19
310.8902211692 88.16
315.4122235649 88.14
320 88.12
324.65450718 88.09
329.3767157259 88.07
334.1676103768 88.04
339.028190195 88.02
343.9594687746 88.00
348.9624744529 87.98
354.0382505244 87.95
359.187855459 87.93
364.4123631221 87.92
369.7128629991 87.90
375.0904604222 87.88
380.5462768009 87.86
386.0814498562 87.84
391.6971338575 87.83
397.3944998635 87.81
403.1747359664 87.79
409.0390475393 87.77
414.9886574883 87.75
421.0248065068 87.74
427.1487533344 87.72
433.3617750198 87.71
439.6651671866 87.71
446.0602443037 87.70
452.5483399594 87.69
459.1308071395 87.68
465.8090185095 87.66
472.5843667007 87.64
479.4582646005 87.62
486.4321456477 87.61
493.5074641306 87.60
500.6856954905 87.60
507.9683366298 87.59
515.3569062238 87.58
522.8529450372 87.57
530.4580162458 87.57
538.1737057624 87.57
546.0016225673 87.56
553.9433990439 87.56
562.0006913195 87.56
570.1751796098 87.56
578.4685685703 87.56
586.882587651 87.56
595.4189914574 87.56
604.0795601163 87.57
612.8660996471 87.58
621.7804423383 87.59
630.8244471297 87.60
640 87.61
649.30901436 87.63
658.7534314519 87.65
668.3352207536 87.66
678.05638039 87.68
687.9189375493 87.70
697.9249489058 87.71
708.0765010489 87.69
718.375710918 87.62
728.8247262443 87.51
739.4257259983 87.43
750.1809208443 87.42
761.0925536018 87.47
772.1628997124 87.54
783.394267715 87.61
794.7889997271 87.67
806.3494719327 87.73
818.0780950787 87.80
829.9773149767 87.86
842.0496130136 87.92
854.2975066688 87.99
866.7235500396 88.07
879.3303343732 88.14
892.1204886074 88.23
905.0966799188 88.31
918.2616142791 88.40
931.618037019 88.50
945.1687334013 88.60
958.9165292011 88.71
972.8642912955 88.83
987.0149282611 88.94
1001.371390981 89.07
1015.9366732597 89.19
1030.7138124476 89.33
1045.7058900743 89.46
1060.9160324916 89.60
1076.3474115248 89.74
1092.0032451345 89.88
1107.8867980879 90.03
1124.0013826389 90.17
1140.3503592197 90.32
1156.9371371406 90.46
1173.765175302 90.60
1190.8379829148 90.74
1208.1591202326 90.88
1225.7321992942 91.02
1243.5608846767 91.16
1261.6488942595 91.29
1280 91.43
1298.6180287201 91.56
1317.5068629037 91.69
1336.6704415071 91.81
1356.1127607799 91.94
1375.8378750985 92.06
1395.8498978116 92.19
1416.1530020977 92.31
1436.751421836 92.44
1457.6494524886 92.56
1478.8514519966 92.69
1500.3618416887 92.81
1522.1851072035 92.94
1544.3257994247 93.07
1566.78853543 93.20
1589.5779994541 93.33
1612.6989438655 93.47
1636.1561901574 93.60
1659.9546299533 93.74
1684.0992260271 93.88
1708.5950133377 94.03
1733.4471000793 94.18
1758.6606687464 94.33
1784.2409772148 94.48
1810.1933598376 94.64
1836.5232285581 94.79
1863.2360740381 94.95
1890.3374668026 95.12
1917.8330584022 95.28
1945.7285825909 95.45
1974.0298565222 95.61
2002.742781962 95.78
2031.8733465194 95.95
2061.4276248951 96.12
2091.4117801487 96.29
2121.8320649832 96.45
2152.6948230496 96.61
2184.0064902691 96.77
2215.7735961758 96.92
2248.0027652779 97.06
2280.7007184393 97.20
2313.8742742813 97.33
2347.530350604 97.45
2381.6759658296 97.56
2416.3182404652 97.65
2451.4643985884 97.74
2487.1217693533 97.80
2523.297788519 97.86
2560.0000000001 97.89
2597.2360574402 97.91
2635.0137258074 97.92
2673.3408830143 97.91
2712.2255215599 97.88
2751.6757501971 97.84
2791.6997956232 97.78
2832.3060041955 97.71
2873.5028436721 97.63
2915.2989049772 97.53
2957.7029039931 97.43
3000.7236833774 97.32
3044.3702144071 97.20
3088.6515988494 97.07
3133.57707086 96.94
3179.1559989082 96.81
3225.397887731 96.67
3272.3123803148 96.53
3319.9092599067 96.39
3368.1984520542 96.26
3417.1900266754 96.12
3466.8942001586 95.99
3517.3213374928 95.86
3568.4819544296 95.73
3620.3867196753 95.61
3673.0464571163 95.49
3726.4721480761 95.38
3780.6749336053 95.27
3835.6661168044 95.17
3891.4571651819 95.07
3948.0597130445 94.98
4005.4855639241 94.89
4063.7466930387 94.80
4122.8552497902 94.72
4182.8235602974 94.65
4243.6641299665 94.58
4305.3896460992 94.51
4368.0129805382 94.45
4431.5471923516 94.39
4496.0055305558 94.33
4561.4014368787 94.29
4627.7485485626 94.25
4695.0607012081 94.21
4763.3519316592 94.18
4832.6364809305 94.15
4902.9287971769 94.12
4974.2435387067 94.10
5046.595577038 94.07
5120.0000000002 94.05
5194.4721148803 94.02
5270.0274516149 93.99
5346.6817660286 93.95
5424.4510431198 93.90
5503.3515003942 93.85
5583.3995912463 93.79
5664.6120083911 93.71
5747.0056873442 93.63
5830.5978099545 93.55
5915.4058079863 93.46
6001.4473667548 93.36
6088.7404288142 93.27
6177.3031976989 93.18
6267.1541417201 93.10
6358.3119978165 93.02
6450.795775462 92.96
6544.6247606297 92.93
6639.8185198134 92.92
6736.3969041085 92.95
6834.3800533509 93.02
6933.7884003172 93.12
7034.6426749857 93.24
7136.9639088592 93.40
7240.7734393506 93.59
7346.0929142326 93.82
7452.9442961523 94.06
7561.3498672106 94.30
7671.3322336089 94.51
7782.9143303638 94.67
7896.119426089 94.73
8010.9711278481 94.66
8127.4933860775 94.45
8245.7104995805 94.07
8365.6471205948 93.53
8487.328259933 92.87
8610.7792921984 92.10
8736.0259610765 91.28
8863.0943847033 90.44
8992.0110611117 89.60
9122.8028737575 88.80
9255.4970971253 88.05
9390.1214024162 87.38
9526.7038633184 86.78
9665.272961861 86.20
9805.8575943538 85.55
9948.4870774134 84.78
10093.191154076 84.12
10240.0000000005 83.74
10388.9442297607 83.58
10540.0549032298 83.55
10693.3635320572 83.59
10848.9020862397 83.72
11006.7030007884 83.96
11166.7991824927 84.31
11329.2240167822 84.82
11494.0113746885 85.47
11661.1956199091 86.34
11830.8116159726 87.33
12002.8947335097 88.43
12177.4808576284 89.50
12354.6063953979 90.35
12534.3082834402 90.88
12716.6239956331 90.89
12901.5915509241 90.22
13089.2495212594 89.22
13279.637039627 87.79
13472.7938082171 86.04
13668.7601067018 84.31
13867.5768006344 83.00
14069.2853499715 82.27
14273.9278177184 81.83
14481.5468787012 81.46
14692.1858284653 81.05
14905.8885923047 80.61
15122.6997344212 80.14
15342.6644672179 79.67
15565.8286607277 79.23
15792.2388521781 78.89
16021.9422556964 78.67
16254.9867721551 78.56
16491.4209991611 78.48
16731.2942411897 78.21
16974.656519866 77.62
17221.5585843969 76.65
17472.0519221531 75.36
17726.1887694067 73.84
17984.0221222235 72.12
18245.605747515 70.18
18510.9941942506 67.99
18780.2428048326 65.47
19053.4077266369 62.59
19330.545923722 59.34
19611.7151887077 55.80
19896.9741548268 52.61
20186.382308152 51.61
