20.000000	82.838
20.290907	82.891
20.586045	82.944
20.885476	83.005
21.189262	83.076
21.497467	83.155
21.810155	83.239
22.127391	83.326
22.449241	83.411
22.775773	83.484
23.107054	83.540
23.443154	83.578
23.784142	83.614
24.130091	83.664
24.481071	83.755
24.837156	83.884
25.198421	84.040
25.564940	84.190
25.936791	84.315
26.314050	84.404
26.696797	84.467
27.085111	84.530
27.479073	84.610
27.878765	84.706
28.284271	84.806
28.695675	84.893
29.113064	84.959
29.536523	85.002
29.966142	85.020
30.402009	85.019
30.844217	85.010
31.292856	85.021
31.748021	85.077
32.209807	85.176
32.678309	85.297
33.153626	85.404
33.635857	85.480
34.125101	85.535
34.621462	85.590
35.125043	85.659
35.635949	85.737
36.154286	85.818
36.680162	85.899
37.213687	85.976
37.754973	86.037
38.304131	86.081
38.861278	86.112
39.426528	86.149
40.000000	86.203
40.581813	86.258
41.172089	86.293
41.770951	86.305
42.378524	86.301
42.994934	86.288
43.620309	86.272
44.254781	86.276
44.898482	86.314
45.551545	86.388
46.214108	86.474
46.886308	86.541
47.568285	86.587
48.260181	86.615
48.962142	86.639
49.674312	86.664
50.396842	86.689
51.129881	86.708
51.873582	86.716
52.628101	86.717
53.393594	86.714
54.170222	86.709
54.958146	86.700
55.757531	86.691
56.568542	86.685
57.391351	86.684
58.226127	86.688
59.073046	86.692
59.932283	86.682
60.804018	86.658
61.688433	86.622
62.585712	86.577
63.496042	86.527
64.419613	86.479
65.356618	86.435
66.307252	86.394
67.271713	86.353
68.250203	86.312
69.242925	86.269
70.250086	86.220
71.271897	86.164
72.308571	86.108
73.360323	86.059
74.427374	86.015
75.509945	85.973
76.608262	85.932
77.722555	85.894
78.853056	85.862
80.000000	85.836
81.163627	85.815
82.344179	85.794
83.541903	85.771
84.757048	85.754
85.989867	85.752
87.240619	85.766
88.509563	85.790
89.796964	85.802
91.103091	85.790
92.428216	85.742
93.772615	85.662
95.136569	85.561
96.520362	85.448
97.924283	85.328
99.348625	85.205
100.793684	85.084
102.259762	84.967
103.747164	84.858
105.256202	84.763
106.787188	84.684
108.340444	84.622
109.916292	84.572
111.515061	84.525
113.137085	84.479
114.782702	84.433
116.452255	84.396
118.146092	84.366
119.864566	84.342
121.608036	84.318
123.376866	84.306
125.171424	84.311
126.992084	84.338
128.839227	84.365
130.713236	84.388
132.614504	84.407
134.543426	84.416
136.500406	84.407
138.485850	84.373
140.500173	84.308
142.543795	84.216
144.617142	84.095
146.720647	83.947
148.854748	83.788
151.019890	83.630
153.216525	83.488
155.445111	83.372
157.706112	83.284
160.000000	83.220
162.327254	83.177
164.688358	83.145
167.083805	83.113
169.514095	83.073
171.979734	83.024
174.481237	82.964
177.019125	82.891
179.593928	82.800
182.206182	82.693
184.856431	82.566
187.545230	82.422
190.273138	82.268
193.040725	82.121
195.848567	81.994
198.697250	81.891
201.587368	81.789
204.519524	81.668
207.494329	81.537
210.512403	81.417
213.574377	81.313
216.680888	81.229
219.832584	81.152
223.030122	81.084
226.274170	81.020
229.565404	80.959
232.904509	80.903
236.292183	80.849
239.729132	80.796
243.216073	80.741
246.753732	80.677
250.342848	80.605
253.984168	80.525
257.678453	80.436
261.426473	80.342
265.229008	80.257
269.086853	80.192
273.000811	80.152
276.971700	80.133
281.000346	80.143
285.087590	80.177
289.234284	80.242
293.441294	80.324
297.709496	80.413
302.039780	80.504
306.433050	80.592
310.890221	80.671
315.412224	80.734
320.000000	80.779
324.654507	80.803
329.376716	80.815
334.167610	80.822
339.028190	80.829
343.959469	80.842
348.962474	80.863
354.038251	80.887
359.187855	80.910
364.412363	80.928
369.712863	80.937
375.090460	80.937
380.546277	80.929
386.081450	80.917
391.697134	80.906
397.394500	80.900
403.174736	80.906
409.039048	80.924
414.988657	80.954
421.024807	80.992
427.148753	81.037
433.361775	81.084
439.665167	81.129
446.060244	81.170
452.548340	81.203
459.130807	81.229
465.809019	81.251
472.584367	81.271
479.458265	81.291
486.432146	81.312
493.507464	81.331
500.685695	81.350
507.968337	81.368
515.356906	81.385
522.852945	81.401
530.458016	81.416
538.173706	81.432
546.001623	81.449
553.943399	81.466
562.000691	81.483
570.175180	81.500
578.468569	81.517
586.882588	81.533
595.418991	81.548
604.079560	81.564
612.866100	81.581
621.780442	81.601
630.824447	81.622
640.000000	81.646
649.309014	81.670
658.753431	81.697
668.335221	81.725
678.056380	81.753
687.918938	81.781
697.924949	81.807
708.076501	81.832
718.375711	81.855
728.824726	81.877
739.425726	81.897
750.180921	81.916
761.092554	81.932
772.162900	81.953
783.394268	81.983
794.789000	82.020
806.349472	82.058
818.078095	82.089
829.977315	82.110
842.049613	82.121
854.297507	82.121
866.723550	82.114
879.330334	82.098
892.120489	82.063
905.096680	82.006
918.261614	81.908
931.618037	81.760
945.168733	81.559
958.916529	81.326
972.864291	81.122
987.014928	81.021
1001.371391	81.071
1015.936673	81.231
1030.713812	81.436
1045.705890	81.634
1060.916032	81.806
1076.347412	81.943
1092.003245	82.048
1107.886798	82.131
1124.001383	82.197
1140.350359	82.252
1156.937137	82.299
1173.765175	82.343
1190.837983	82.381
1208.159120	82.418
1225.732199	82.455
1243.560885	82.496
1261.648894	82.544
1280.000000	82.598
1298.618029	82.651
1317.506863	82.706
1336.670442	82.770
1356.112761	82.856
1375.837875	82.973
1395.849898	83.108
1416.153002	83.240
1436.751422	83.371
1457.649452	83.500
1478.851452	83.634
1500.361842	83.772
1522.185107	83.908
1544.325799	84.044
1566.788535	84.182
1589.577999	84.323
1612.698944	84.468
1636.156190	84.617
1659.954630	84.772
1684.099226	84.931
1708.595013	85.097
1733.447100	85.270
1758.660669	85.448
1784.240977	85.631
1810.193360	85.818
1836.523229	86.009
1863.236074	86.206
1890.337467	86.407
1917.833058	86.611
1945.728583	86.819
1974.029857	87.032
2002.742782	87.257
2031.873347	87.493
2061.427625	87.738
2091.411780	87.990
2121.832065	88.249
2152.694823	88.514
2184.006490	88.782
2215.773596	89.049
2248.002765	89.316
2280.700718	89.579
2313.874274	89.835
2347.530351	90.079
2381.675966	90.305
2416.318240	90.515
2451.464399	90.698
2487.121769	90.864
2523.297789	91.014
2560.000000	91.157
2597.236057	91.284
2635.013726	91.384
2673.340883	91.441
2712.225522	91.462
2751.675750	91.429
2791.699796	91.338
2832.306004	91.179
2873.502844	90.964
2915.298905	90.690
2957.702904	90.354
3000.723683	89.947
3044.370214	89.461
3088.651599	88.903
3133.577071	88.280
3179.155999	87.583
3225.397888	86.845
3272.312380	86.110
3319.909260	85.385
3368.198452	84.618
3417.190027	83.745
3466.894200	82.749
3517.321337	81.643
3568.481954	80.419
3620.386720	79.035
3673.046457	77.438
3726.472148	75.588
3780.674934	73.504
3835.666117	71.487
3891.457165	70.961
3948.059713	72.212
4005.485564	75.477
4063.746693	78.753
4122.855250	81.575
4182.823560	83.924
4243.664130	85.845
4305.389646	87.394
4368.012981	88.559
4431.547192	89.366
4496.005531	89.928
4561.401437	90.254
4627.748549	90.432
4695.060701	90.521
4763.351932	90.591
4832.636481	90.645
4902.928797	90.657
4974.243539	90.651
5046.595577	90.660
5120.000000	90.677
5194.472115	90.675
5270.027452	90.642
5346.681766	90.581
5424.451043	90.497
5503.351500	90.417
5583.399591	90.381
5664.612008	90.386
5747.005687	90.389
5830.597810	90.381
5915.405808	90.367
6001.447367	90.368
6088.740429	90.387
6177.303198	90.403
6267.154142	90.393
6358.311998	90.335
6450.795775	90.221
6544.624761	90.041
6639.818520	89.789
6736.396904	89.456
6834.380053	89.039
6933.788400	88.552
7034.642675	88.025
7136.963909	87.494
7240.773439	86.988
7346.092914	86.523
7452.944296	86.091
7561.349867	85.685
7671.332234	85.391
7782.914330	85.356
7896.119426	85.738
8010.971128	86.522
8127.493386	87.434
8245.710500	88.166
8365.647121	88.392
8487.328260	88.005
8610.779292	86.906
8736.025961	85.008
8863.094385	82.306
8992.011061	78.884
9122.802874	75.227
9255.497097	72.555
9390.121402	71.645
9526.703863	71.505
9665.272962	71.209
9805.857594	70.605
9948.487077	70.077
10093.191154	70.546
10240.000000	72.197
10388.944230	74.544
10540.054903	76.942
10693.363532	79.066
10848.902086	80.763
11006.703001	81.968
11166.799182	82.686
11329.224017	82.837
11494.011375	82.625
11661.195620	82.206
11830.811616	82.014
12002.894734	82.321
12177.480858	83.005
12354.606395	83.926
12534.308283	84.578
12716.623996	84.554
12901.591551	83.472
13089.249521	81.841
13279.637040	79.433
13472.793808	76.419
13668.760107	73.461
13867.576801	71.184
14069.285350	69.891
14273.927818	69.245
14481.546879	68.750
14692.185828	67.977
14905.888592	66.803
15122.699734	65.212
15342.664467	63.427
15565.828661	62.017
15792.238852	61.671
16021.942256	62.450
16254.986772	63.948
16491.420999	65.791
16731.294241	67.515
16974.656520	68.660
17221.558584	68.925
17472.051922	68.325
17726.188769	67.164
17984.022122	65.828
18245.605748	64.598
18510.994194	64.008
18780.242805	64.851
19053.407727	66.582
19330.545924	67.900
19611.715189	68.193
19896.974155	67.772
20186.382308	67.571
