20.000000	99.819
20.290907	99.854
20.586045	99.890
20.885476	99.927
21.189262	99.967
21.497467	100.009
21.810155	100.052
22.127391	100.095
22.449241	100.136
22.775773	100.172
23.107054	100.205
23.443154	100.234
23.784142	100.262
24.130091	100.290
24.481071	100.319
24.837156	100.349
25.198421	100.379
25.564940	100.409
25.936791	100.437
26.314050	100.466
26.696797	100.495
27.085111	100.524
27.479073	100.553
27.878765	100.577
28.284271	100.598
28.695675	100.616
29.113064	100.633
29.536523	100.652
29.966142	100.674
30.402009	100.697
30.844217	100.719
31.292856	100.742
31.748021	100.765
32.209807	100.788
32.678309	100.811
33.153626	100.831
33.635857	100.849
34.125101	100.864
34.621462	100.880
35.125043	100.896
35.635949	100.910
36.154286	100.924
36.680162	100.939
37.213687	100.957
37.754973	100.976
38.304131	100.995
38.861278	101.009
39.426528	101.021
40.000000	101.034
40.581813	101.048
41.172089	101.061
41.770951	101.072
42.378524	101.083
42.994934	101.092
43.620309	101.103
44.254781	101.115
44.898482	101.127
45.551545	101.140
46.214108	101.150
46.886308	101.159
47.568285	101.168
48.260181	101.177
48.962142	101.186
49.674312	101.195
50.396842	101.203
51.129881	101.209
51.873582	101.215
52.628101	101.221
53.393594	101.227
54.170222	101.234
54.958146	101.242
55.757531	101.249
56.568542	101.255
57.391351	101.261
58.226127	101.267
59.073046	101.274
59.932283	101.280
60.804018	101.284
61.688433	101.286
62.585712	101.289
63.496042	101.292
64.419613	101.296
65.356618	101.298
66.307252	101.300
67.271713	101.302
68.250203	101.302
69.242925	101.304
70.250086	101.306
71.271897	101.309
72.308571	101.310
73.360323	101.311
74.427374	101.312
75.509945	101.312
76.608262	101.312
77.722555	101.311
78.853056	101.308
80.000000	101.306
81.163627	101.305
82.344179	101.304
83.541903	101.303
84.757048	101.301
85.989867	101.298
87.240619	101.295
88.509563	101.290
89.796964	101.286
91.103091	101.282
92.428216	101.277
93.772615	101.272
95.136569	101.267
96.520362	101.262
97.924283	101.256
99.348625	101.250
100.793684	101.243
102.259762	101.236
103.747164	101.228
105.256202	101.220
106.787188	101.212
108.340444	101.204
109.916292	101.195
111.515061	101.186
113.137085	101.177
114.782702	101.170
116.452255	101.165
118.146092	101.159
119.864566	101.150
121.608036	101.137
123.376866	101.121
125.171424	101.105
126.992084	101.089
128.839227	101.075
130.713236	101.062
132.614504	101.049
134.543426	101.035
136.500406	101.021
138.485850	101.006
140.500173	100.990
142.543795	100.974
144.617142	100.957
146.720647	100.939
148.854748	100.921
151.019890	100.904
153.216525	100.886
155.445111	100.867
157.706112	100.848
160.000000	100.828
162.327254	100.808
164.688358	100.787
167.083805	100.764
169.514095	100.742
171.979734	100.719
174.481237	100.697
177.019125	100.673
179.593928	100.649
182.206182	100.624
184.856431	100.598
187.545230	100.573
190.273138	100.547
193.040725	100.519
195.848567	100.490
198.697250	100.460
201.587368	100.429
204.519524	100.399
207.494329	100.370
210.512403	100.341
213.574377	100.310
216.680888	100.279
219.832584	100.246
223.030122	100.213
226.274170	100.179
229.565404	100.145
232.904509	100.109
236.292183	100.073
239.729132	100.037
243.216073	100.000
246.753732	99.964
250.342848	99.925
253.984168	99.886
257.678453	99.847
261.426473	99.807
265.229008	99.766
269.086853	99.726
273.000811	99.684
276.971700	99.643
281.000346	99.600
285.087590	99.557
289.234284	99.512
293.441294	99.467
297.709496	99.422
302.039780	99.377
306.433050	99.332
310.890221	99.286
315.412224	99.239
320.000000	99.191
324.654507	99.142
329.376716	99.094
334.167610	99.044
339.028190	98.994
343.959469	98.944
348.962474	98.893
354.038251	98.842
359.187855	98.790
364.412363	98.737
369.712863	98.685
375.090460	98.631
380.546277	98.578
386.081450	98.524
391.697134	98.469
397.394500	98.414
403.174736	98.360
409.039048	98.305
414.988657	98.249
421.024807	98.193
427.148753	98.136
433.361775	98.080
439.665167	98.023
446.060244	97.965
452.548340	97.908
459.130807	97.851
465.809019	97.793
472.584367	97.735
479.458265	97.677
486.432146	97.618
493.507464	97.560
500.685695	97.501
507.968337	97.442
515.356906	97.383
522.852945	97.324
530.458016	97.265
538.173706	97.207
546.001623	97.149
553.943399	97.091
562.000691	97.033
570.175180	96.975
578.468569	96.918
586.882588	96.860
595.418991	96.802
604.079560	96.744
612.866100	96.687
621.780442	96.629
630.824447	96.572
640.000000	96.515
649.309014	96.459
658.753431	96.404
668.335221	96.350
678.056380	96.297
687.918938	96.247
697.924949	96.197
708.076501	96.150
718.375711	96.105
728.824726	96.064
739.425726	96.024
750.180921	95.990
761.092554	95.961
772.162900	95.940
783.394268	95.927
794.789000	95.922
806.349472	95.930
818.078095	95.952
829.977315	95.989
842.049613	96.043
854.297507	96.119
866.723550	96.217
879.330334	96.338
892.120489	96.486
905.096680	96.655
918.261614	96.850
931.618037	97.065
945.168733	97.299
958.916529	97.547
972.864291	97.805
987.014928	98.068
1001.371391	98.330
1015.936673	98.588
1030.713812	98.839
1045.705890	99.079
1060.916032	99.309
1076.347412	99.526
1092.003245	99.732
1107.886798	99.929
1124.001383	100.115
1140.350359	100.295
1156.937137	100.468
1173.765175	100.637
1190.837983	100.799
1208.159120	100.961
1225.732199	101.118
1243.560885	101.274
1261.648894	101.428
1280.000000	101.582
1298.618029	101.733
1317.506863	101.886
1336.670442	102.037
1356.112761	102.189
1375.837875	102.341
1395.849898	102.495
1416.153002	102.650
1436.751422	102.806
1457.649452	102.964
1478.851452	103.125
1500.361842	103.288
1522.185107	103.454
1544.325799	103.623
1566.788535	103.795
1589.577999	103.969
1612.698944	104.147
1636.156190	104.328
1659.954630	104.511
1684.099226	104.697
1708.595013	104.885
1733.447100	105.074
1758.660669	105.264
1784.240977	105.455
1810.193360	105.644
1836.523229	105.833
1863.236074	106.019
1890.337467	106.200
1917.833058	106.375
1945.728583	106.542
1974.029857	106.700
2002.742782	106.845
2031.873347	106.976
2061.427625	107.092
2091.411780	107.189
2121.832065	107.267
2152.694823	107.320
2184.006490	107.357
2215.773596	107.366
2248.002765	107.357
2280.700718	107.322
2313.874274	107.265
2347.530351	107.188
2381.675966	107.090
2416.318240	106.977
2451.464399	106.846
2487.121769	106.703
2523.297789	106.548
2560.000000	106.386
2597.236057	106.217
2635.013726	106.044
2673.340883	105.870
2712.225522	105.696
2751.675750	105.524
2791.699796	105.356
2832.306004	105.194
2873.502844	105.038
2915.298905	104.890
2957.702904	104.751
3000.723683	104.623
3044.370214	104.507
3088.651599	104.404
3133.577071	104.314
3179.155999	104.239
3225.397888	104.179
3272.312380	104.135
3319.909260	104.109
3368.198452	104.101
3417.190027	104.112
3466.894200	104.143
3517.321337	104.195
3568.481954	104.268
3620.386720	104.365
3673.046457	104.484
3726.472148	104.627
3780.674934	104.796
3835.666117	104.983
3891.457165	105.197
3948.059713	105.425
4005.485564	105.671
4063.746693	105.926
4122.855250	106.180
4182.823560	106.421
4243.664130	106.636
4305.389646	106.809
4368.012981	106.922
4431.547192	106.952
4496.005531	106.900
4561.401437	106.745
4627.748549	106.500
4695.060701	106.161
4763.351932	105.749
4832.636481	105.278
4902.928797	104.764
4974.243539	104.231
5046.595577	103.695
5120.000000	103.169
5194.472115	102.666
5270.027452	102.198
5346.681766	101.772
5424.451043	101.390
5503.351500	101.058
5583.399591	100.779
5664.612008	100.551
5747.005687	100.359
5830.597810	100.192
5915.405808	100.037
6001.447367	99.878
6088.740429	99.690
6177.303198	99.459
6267.154142	99.180
6358.311998	98.864
6450.795775	98.536
6544.624761	98.230
6639.818520	97.990
6736.396904	97.862
6834.380053	97.889
6933.788400	98.101
7034.642675	98.521
7136.963909	99.164
7240.773439	100.041
7346.092914	101.148
7452.944296	102.452
7561.349867	103.873
7671.332234	105.266
7782.914330	106.481
7896.119426	107.348
8010.971128	107.687
8127.493386	107.487
8245.710500	106.848
8365.647121	105.961
8487.328260	105.037
8610.779292	104.215
8736.025961	103.592
8863.094385	103.186
8992.011061	102.985
9122.802874	102.954
9255.497097	103.043
9390.121402	103.182
9526.703863	103.293
9665.272962	103.307
9805.857594	103.178
9948.487077	102.884
10093.191154	102.424
10240.000000	101.851
10388.944230	101.215
10540.054903	100.581
10693.363532	100.010
10848.902086	99.561
11006.703001	99.288
11166.799182	99.214
11329.224017	99.401
11494.011375	99.791
11661.195620	100.419
11830.811616	101.069
12002.894734	101.623
12177.480858	101.918
12354.606395	101.646
12534.308283	100.946
12716.623996	99.764
12901.591551	98.335
13089.249521	96.835
13279.637040	95.433
13472.793808	94.213
13668.760107	93.221
13867.576801	92.460
14069.285350	91.930
14273.927818	91.561
14481.546879	91.387
14692.185828	91.408
14905.888592	91.573
15122.699734	91.859
15342.664467	92.227
15565.828661	92.619
15792.238852	92.964
16021.942256	93.206
16254.986772	93.342
16491.420999	93.391
16731.294241	93.307
16974.656520	93.040
17221.558584	92.660
17472.051922	92.276
17726.188769	91.815
17984.022122	91.090
18245.605748	90.000
18510.994194	88.535
18780.242805	86.712
19053.407727	84.499
19330.545924	81.833
19611.715189	78.664
19896.974155	74.988
20186.382308	73.592
