20.000000	106.944
20.290907	106.928
20.586045	106.911
20.885476	106.896
21.189262	106.881
21.497467	106.865
21.810155	106.849
22.127391	106.828
22.449241	106.806
22.775773	106.782
23.107054	106.757
23.443154	106.733
23.784142	106.711
24.130091	106.689
24.481071	106.666
24.837156	106.640
25.198421	106.611
25.564940	106.582
25.936791	106.553
26.314050	106.524
26.696797	106.497
27.085111	106.469
27.479073	106.440
27.878765	106.408
28.284271	106.374
28.695675	106.340
29.113064	106.306
29.536523	106.273
29.966142	106.238
30.402009	106.203
30.844217	106.167
31.292856	106.129
31.748021	106.090
32.209807	106.050
32.678309	106.009
33.153626	105.969
33.635857	105.928
34.125101	105.888
34.621462	105.847
35.125043	105.804
35.635949	105.761
36.154286	105.715
36.680162	105.669
37.213687	105.622
37.754973	105.575
38.304131	105.528
38.861278	105.480
39.426528	105.431
40.000000	105.381
40.581813	105.332
41.172089	105.281
41.770951	105.229
42.378524	105.176
42.994934	105.123
43.620309	105.069
44.254781	105.014
44.898482	104.960
45.551545	104.904
46.214108	104.847
46.886308	104.790
47.568285	104.732
48.260181	104.673
48.962142	104.615
49.674312	104.556
50.396842	104.497
51.129881	104.436
51.873582	104.375
52.628101	104.313
53.393594	104.251
54.170222	104.188
54.958146	104.125
55.757531	104.060
56.568542	103.995
57.391351	103.930
58.226127	103.864
59.073046	103.798
59.932283	103.732
60.804018	103.664
61.688433	103.595
62.585712	103.527
63.496042	103.458
64.419613	103.388
65.356618	103.318
66.307252	103.248
67.271713	103.176
68.250203	103.105
69.242925	103.034
70.250086	102.962
71.271897	102.890
72.308571	102.817
73.360323	102.744
74.427374	102.671
75.509945	102.598
76.608262	102.524
77.722555	102.449
78.853056	102.375
80.000000	102.300
81.163627	102.225
82.344179	102.150
83.541903	102.074
84.757048	101.999
85.989867	101.922
87.240619	101.846
88.509563	101.769
89.796964	101.693
91.103091	101.617
92.428216	101.540
93.772615	101.464
95.136569	101.387
96.520362	101.310
97.924283	101.233
99.348625	101.156
100.793684	101.079
102.259762	101.001
103.747164	100.924
105.256202	100.846
106.787188	100.769
108.340444	100.692
109.916292	100.615
111.515061	100.537
113.137085	100.461
114.782702	100.383
116.452255	100.305
118.146092	100.227
119.864566	100.149
121.608036	100.072
123.376866	99.998
125.171424	99.923
126.992084	99.848
128.839227	99.774
130.713236	99.699
132.614504	99.625
134.543426	99.550
136.500406	99.476
138.485850	99.402
140.500173	99.328
142.543795	99.254
144.617142	99.182
146.720647	99.109
148.854748	99.037
151.019890	98.966
153.216525	98.894
155.445111	98.824
157.706112	98.754
160.000000	98.684
162.327254	98.615
164.688358	98.546
167.083805	98.478
169.514095	98.411
171.979734	98.344
174.481237	98.278
177.019125	98.212
179.593928	98.148
182.206182	98.084
184.856431	98.020
187.545230	97.957
190.273138	97.895
193.040725	97.835
195.848567	97.774
198.697250	97.715
201.587368	97.657
204.519524	97.599
207.494329	97.542
210.512403	97.487
213.574377	97.432
216.680888	97.379
219.832584	97.326
223.030122	97.274
226.274170	97.224
229.565404	97.173
232.904509	97.124
236.292183	97.075
239.729132	97.028
243.216073	96.982
246.753732	96.938
250.342848	96.894
253.984168	96.851
257.678453	96.810
261.426473	96.770
265.229008	96.730
269.086853	96.693
273.000811	96.656
276.971700	96.620
281.000346	96.586
285.087590	96.552
289.234284	96.520
293.441294	96.490
297.709496	96.460
302.039780	96.432
306.433050	96.405
310.890221	96.380
315.412224	96.356
320.000000	96.334
324.654507	96.314
329.376716	96.294
334.167610	96.276
339.028190	96.260
343.959469	96.245
348.962474	96.231
354.038251	96.220
359.187855	96.209
364.412363	96.200
369.712863	96.192
375.090460	96.186
380.546277	96.183
386.081450	96.180
391.697134	96.179
397.394500	96.179
403.174736	96.181
409.039048	96.185
414.988657	96.191
421.024807	96.198
427.148753	96.207
433.361775	96.217
439.665167	96.230
446.060244	96.243
452.548340	96.258
459.130807	96.275
465.809019	96.294
472.584367	96.315
479.458265	96.336
486.432146	96.360
493.507464	96.384
500.685695	96.410
507.968337	96.437
515.356906	96.465
522.852945	96.494
530.458016	96.524
538.173706	96.554
546.001623	96.585
553.943399	96.616
562.000691	96.648
570.175180	96.680
578.468569	96.712
586.882588	96.743
595.418991	96.775
604.079560	96.805
612.866100	96.836
621.780442	96.865
630.824447	96.892
640.000000	96.919
649.309014	96.944
658.753431	96.966
668.335221	96.986
678.056380	97.003
687.918938	97.017
697.924949	97.029
708.076501	97.037
718.375711	97.041
728.824726	97.042
739.425726	97.039
750.180921	97.032
761.092554	97.022
772.162900	97.009
783.394268	96.992
794.789000	96.973
806.349472	96.953
818.078095	96.931
829.977315	96.909
842.049613	96.886
854.297507	96.864
866.723550	96.842
879.330334	96.823
892.120489	96.805
905.096680	96.789
918.261614	96.777
931.618037	96.769
945.168733	96.766
958.916529	96.767
972.864291	96.774
987.014928	96.788
1001.371391	96.808
1015.936673	96.835
1030.713812	96.868
1045.705890	96.910
1060.916032	96.958
1076.347412	97.014
1092.003245	97.076
1107.886798	97.146
1124.001383	97.222
1140.350359	97.304
1156.937137	97.393
1173.765175	97.487
1190.837983	97.588
1208.159120	97.694
1225.732199	97.806
1243.560885	97.923
1261.648894	98.046
1280.000000	98.174
1298.618029	98.310
1317.506863	98.448
1336.670442	98.594
1356.112761	98.747
1375.837875	98.905
1395.849898	99.068
1416.153002	99.238
1436.751422	99.412
1457.649452	99.591
1478.851452	99.773
1500.361842	99.960
1522.185107	100.147
1544.325799	100.335
1566.788535	100.522
1589.577999	100.706
1612.698944	100.886
1636.156190	101.060
1659.954630	101.225
1684.099226	101.379
1708.595013	101.522
1733.447100	101.649
1758.660669	101.760
1784.240977	101.853
1810.193360	101.928
1836.523229	101.983
1863.236074	102.018
1890.337467	102.034
1917.833058	102.032
1945.728583	102.011
1974.029857	101.975
2002.742782	101.923
2031.873347	101.858
2061.427625	101.782
2091.411780	101.698
2121.832065	101.606
2152.694823	101.509
2184.006490	101.410
2215.773596	101.308
2248.002765	101.207
2280.700718	101.108
2313.874274	101.012
2347.530351	100.919
2381.675966	100.833
2416.318240	100.752
2451.464399	100.678
2487.121769	100.611
2523.297789	100.554
2560.000000	100.505
2597.236057	100.466
2635.013726	100.436
2673.340883	100.420
2712.225522	100.414
2751.675750	100.424
2791.699796	100.451
2832.306004	100.500
2873.502844	100.573
2915.298905	100.676
2957.702904	100.816
3000.723683	100.998
3044.370214	101.231
3088.651599	101.505
3133.577071	101.796
3179.155999	102.071
3225.397888	102.293
3272.312380	102.421
3319.909260	102.428
3368.198452	102.302
3417.190027	102.053
3466.894200	101.709
3517.321337	101.307
3568.481954	100.889
3620.386720	100.493
3673.046457	100.148
3726.472148	99.866
3780.674934	99.654
3835.666117	99.483
3891.457165	99.354
3948.059713	99.238
4005.485564	99.122
4063.746693	98.995
4122.855250	98.852
4182.823560	98.693
4243.664130	98.523
4305.389646	98.356
4368.012981	98.208
4431.547192	98.105
4496.005531	98.062
4561.401437	98.111
4627.748549	98.248
4695.060701	98.486
4763.351932	98.792
4832.636481	99.144
4902.928797	99.501
4974.243539	99.832
5046.595577	100.097
5120.000000	100.292
5194.472115	100.397
5270.027452	100.409
5346.681766	100.338
5424.451043	100.190
5503.351500	99.969
5583.399591	99.687
5664.612008	99.359
5747.005687	99.011
5830.597810	98.652
5915.405808	98.296
6001.447367	97.954
6088.740429	97.640
6177.303198	97.360
6267.154142	97.117
6358.311998	96.919
6450.795775	96.765
6544.624761	96.659
6639.818520	96.605
6736.396904	96.604
6834.380053	96.655
6933.788400	96.763
7034.642675	96.938
7136.963909	97.208
7240.773439	97.600
7346.092914	98.106
7452.944296	98.682
7561.349867	99.275
7671.332234	99.842
7782.914330	100.344
7896.119426	100.723
8010.971128	100.900
8127.493386	100.831
8245.710500	100.509
8365.647121	99.953
8487.328260	99.242
8610.779292	98.438
8736.025961	97.617
8863.094385	96.847
8992.011061	96.173
9122.802874	95.638
9255.497097	95.272
9390.121402	95.086
9526.703863	95.081
9665.272962	95.232
9805.857594	95.501
9948.487077	95.841
10093.191154	96.199
10240.000000	96.534
10388.944230	96.828
10540.054903	97.084
10693.363532	97.326
10848.902086	97.577
11006.703001	97.847
11166.799182	98.127
11329.224017	98.384
11494.011375	98.589
11661.195620	98.656
11830.811616	98.614
12002.894734	98.418
12177.480858	98.137
12354.606395	97.772
12534.308283	97.401
12716.623996	97.058
12901.591551	96.763
13089.249521	96.486
13279.637040	96.190
13472.793808	95.831
13668.760107	95.359
13867.576801	94.743
14069.285350	93.959
14273.927818	93.045
14481.546879	91.959
14692.185828	90.675
14905.888592	89.216
15122.699734	87.600
15342.664467	85.890
15565.828661	84.179
15792.238852	82.550
16021.942256	81.037
16254.986772	79.661
16491.420999	78.346
16731.294241	77.014
16974.656520	75.772
17221.558584	74.777
17472.051922	74.172
17726.188769	74.078
17984.022122	74.515
18245.605748	75.330
18510.994194	76.242
18780.242805	76.906
19053.407727	76.991
19330.545924	76.213
19611.715189	74.435
19896.974155	71.700
20186.382308	70.578
