20 83.27
20.2909066988 83.25
20.5860447329 83.23
20.8854756485 83.20
21.1892618872 83.17
21.4974667984 83.14
21.8101546533 83.12
22.1273906578 83.10
22.4492409662 83.09
22.7757726951 83.09
23.1070539374 83.08
23.4431537764 83.09
23.7841423001 83.09
24.130090616 83.10
24.4810708661 83.10
24.8371562415 83.10
25.1984209979 83.08
25.5649404712 83.06
25.936791093 83.03
26.3140504067 83.02
26.6967970834 83.00
27.0851109387 83.00
27.4790729492 82.98
27.878765269 82.96
28.2842712475 82.95
28.6956754462 82.94
29.1130636568 82.95
29.5365229188 82.98
29.9661415375 83.01
30.402009103 83.03
30.8442165082 83.05
31.2928559682 83.07
31.7480210394 83.08
32.209806639 83.10
32.6783090648 83.12
33.1536260154 83.15
33.6358566101 83.17
34.1251014105 83.20
34.6214624402 83.23
35.1250432075 83.26
35.6359487256 83.27
36.1542855356 83.28
36.6801617282 83.29
37.2136869661 83.29
37.7549725073 83.29
38.3041312279 83.28
38.8612776461 83.27
39.4265279456 83.29
40 83.31
40.5818133975 83.35
41.1720894657 83.40
41.7709512971 83.45
42.3785237744 83.52
42.9949335968 83.60
43.6203093066 83.68
44.2547813156 83.76
44.8984819324 83.84
45.5515453903 83.91
46.2141078749 83.99
46.8863075528 84.05
47.5682846001 84.11
48.260181232 84.16
48.9621417322 84.21
49.6743124829 84.25
50.3968419958 84.29
51.1298809424 84.32
51.873582186 84.35
52.6281008133 84.38
53.3935941668 84.40
54.1702218775 84.42
54.9581458983 84.44
55.757530538 84.46
56.5685424949 84.47
57.3913508924 84.48
58.2261273137 84.49
59.0730458376 84.50
59.9322830751 84.50
60.804018206 84.50
61.6884330163 84.50
62.5857119363 84.50
63.4960420787 84.49
64.419613278 84.49
65.3566181296 84.49
66.3072520307 84.50
67.2717132203 84.50
68.2502028209 84.51
69.2429248805 84.52
70.2500864149 84.53
71.2718974512 84.53
72.3085710713 84.54
73.3603234564 84.55
74.4273739322 84.56
75.5099450145 84.57
76.6082624559 84.59
77.7225552923 84.60
78.8530558912 84.62
80 84.64
81.163626795 84.66
82.3441789315 84.68
83.5419025942 84.70
84.7570475487 84.72
85.9898671937 84.74
87.2406186132 84.76
88.5095626311 84.78
89.7969638648 84.80
91.1030907805 84.82
92.4282157498 84.84
93.7726151055 84.87
95.1365692002 84.89
96.520362464 84.91
97.9242834644 84.94
99.3486249659 84.96
100.7936839916 84.98
102.2597618848 85.00
103.7471643721 85.02
105.2562016267 85.04
106.7871883336 85.06
108.340443755 85.08
109.9162917966 85.10
111.5150610759 85.11
113.1370849898 85.13
114.7827017849 85.14
116.4522546274 85.14
118.1460916752 85.15
119.8645661501 85.14
121.6080364119 85.13
123.3768660326 85.11
125.1714238726 85.09
126.9920841575 85.05
128.8392265559 85.01
130.7132362593 84.95
132.6145040614 84.88
134.5434264406 84.79
136.5004056418 84.69
138.485849761 84.57
140.5001728299 84.44
142.5437949025 84.30
144.6171421426 84.14
146.7206469127 83.98
148.8547478643 83.82
151.0198900291 83.66
153.2165249118 83.50
155.4451105846 83.36
157.7061117824 83.22
160 83.11
162.32725359 83.01
164.688357863 82.92
167.0838051884 82.86
169.5140950975 82.80
171.9797343873 82.77
174.4812372264 82.74
177.0191252622 82.73
179.5939277295 82.73
182.2061815611 82.74
184.8564314996 82.75
187.5452302111 82.78
190.2731384004 82.81
193.0407249281 82.85
195.8485669287 82.90
198.6972499318 82.95
201.5873679832 83.00
204.5195237697 83.05
207.4943287442 83.09
210.5124032534 83.13
213.5743766672 83.16
216.6808875099 83.17
219.8325835933 83.17
223.0301221518 83.14
226.2741699797 83.09
229.5654035698 83.01
232.9045092548 82.90
236.2921833503 82.78
239.7291323003 82.65
243.2160728239 82.53
246.7537320653 82.43
250.3428477452 82.37
253.9841683149 82.33
257.6784531119 82.32
261.4264725186 82.33
265.2290081229 82.36
269.0868528812 82.40
273.0008112836 82.42
276.971699522 82.44
281.0003456597 82.43
285.0875898049 82.39
289.2342842852 82.34
293.4412938255 82.28
297.7094957287 82.24
302.0397800581 82.22
306.4330498235 82.23
310.8902211692 82.26
315.4122235649 82.31
320 82.38
324.65450718 82.46
329.3767157259 82.55
334.1676103768 82.62
339.028190195 82.65
343.9594687746 82.64
348.9624744529 82.58
354.0382505244 82.48
359.187855459 82.35
364.4123631221 82.20
369.7128629991 82.05
375.0904604222 81.88
380.5462768009 81.71
386.0814498562 81.56
391.6971338575 81.46
397.3944998635 81.38
403.1747359664 81.36
409.0390475393 81.38
414.9886574883 81.43
421.0248065068 81.51
427.1487533344 81.58
433.3617750198 81.65
439.6651671866 81.71
446.0602443037 81.77
452.5483399594 81.81
459.1308071395 81.80
465.8090185095 81.73
472.5843667007 81.59
479.4582646005 81.42
486.4321456477 81.26
493.5074641306 81.17
500.6856954905 81.14
507.9683366298 81.17
515.3569062238 81.23
522.8529450372 81.30
530.4580162458 81.39
538.1737057624 81.50
546.0016225673 81.61
553.9433990439 81.73
562.0006913195 81.83
570.1751796098 81.92
578.4685685703 81.95
586.882587651 81.96
595.4189914574 81.97
604.0795601163 81.99
612.8660996471 82.05
621.7804423383 82.13
630.8244471297 82.23
640 82.31
649.30901436 82.35
658.7534314519 82.34
668.3352207536 82.30
678.05638039 82.29
687.9189375493 82.36
697.9249489058 82.51
708.0765010489 82.72
718.375710918 82.94
728.8247262443 83.15
739.4257259983 83.33
750.1809208443 83.48
761.0925536018 83.60
772.1628997124 83.64
783.394267715 83.61
794.7889997271 83.51
806.3494719327 83.38
818.0780950787 83.32
829.9773149767 83.37
842.0496130136 83.53
854.2975066688 83.74
866.7235500396 83.93
879.3303343732 84.10
892.1204886074 84.20
905.0966799188 84.27
918.2616142791 84.29
931.618037019 84.29
945.1687334013 84.28
958.9165292011 84.28
972.8642912955 84.27
987.0149282611 84.24
1001.371390981 84.15
1015.9366732597 84.03
1030.7138124476 83.89
1045.7058900743 83.79
1060.9160324916 83.74
1076.3474115248 83.70
1092.0032451345 83.65
1107.8867980879 83.59
1124.0013826389 83.55
1140.3503592197 83.51
1156.9371371406 83.47
1173.765175302 83.43
1190.8379829148 83.36
1208.1591202326 83.27
1225.7321992942 83.23
1243.5608846767 83.23
1261.6488942595 83.25
1280 83.24
1298.6180287201 83.17
1317.5068629037 83.10
1336.6704415071 83.08
1356.1127607799 83.13
1375.8378750985 83.24
1395.8498978116 83.37
1416.1530020977 83.52
1436.751421836 83.66
1457.6494524886 83.80
1478.8514519966 83.94
1500.3618416887 84.07
1522.1851072035 84.22
1544.3257994247 84.37
1566.78853543 84.52
1589.5779994541 84.64
1612.6989438655 84.74
1636.1561901574 84.84
1659.9546299533 84.97
1684.0992260271 85.12
1708.5950133377 85.26
1733.4471000793 85.38
1758.6606687464 85.48
1784.2409772148 85.58
1810.1933598376 85.69
1836.5232285581 85.78
1863.2360740381 85.84
1890.3374668026 85.85
1917.8330584022 85.82
1945.7285825909 85.78
1974.0298565222 85.76
2002.742781962 85.79
2031.8733465194 85.85
2061.4276248951 85.93
2091.4117801487 86.04
2121.8320649832 86.17
2152.6948230496 86.32
2184.0064902691 86.52
2215.7735961758 86.79
2248.0027652779 87.10
2280.7007184393 87.42
2313.8742742813 87.74
2347.530350604 88.06
2381.6759658296 88.39
2416.3182404652 88.73
2451.4643985884 89.08
2487.1217693533 89.42
2523.297788519 89.72
2560.0000000001 89.98
2597.2360574402 90.19
2635.0137258074 90.40
2673.3408830143 90.59
2712.2255215599 90.77
2751.6757501971 90.90
2791.6997956232 91.00
2832.3060041955 91.07
2873.5028436721 91.10
2915.2989049772 91.10
2957.7029039931 91.08
3000.7236833774 91.03
3044.3702144071 90.97
3088.6515988494 90.88
3133.57707086 90.76
3179.1559989082 90.57
3225.397887731 90.34
3272.3123803148 90.05
3319.9092599067 89.71
3368.1984520542 89.35
3417.1900266754 88.96
3466.8942001586 88.55
3517.3213374928 88.10
3568.4819544296 87.63
3620.3867196753 87.12
3673.0464571163 86.58
3726.4721480761 86.00
3780.6749336053 85.40
3835.6661168044 84.79
3891.4571651819 84.16
3948.0597130445 83.53
4005.4855639241 82.94
4063.7466930387 82.42
4122.8552497902 82.02
4182.8235602974 81.81
4243.6641299665 81.84
4305.3896460992 82.10
4368.0129805382 82.58
4431.5471923516 83.18
4496.0055305558 83.82
4561.4014368787 84.41
4627.7485485626 84.92
4695.0607012081 85.31
4763.3519316592 85.60
4832.6364809305 85.78
4902.9287971769 85.88
4974.2435387067 85.95
5046.595577038 86.01
5120.0000000002 86.05
5194.4721148803 86.08
5270.0274516149 86.09
5346.6817660286 86.08
5424.4510431198 86.05
5503.3515003942 85.96
5583.3995912463 85.81
5664.6120083911 85.61
5747.0056873442 85.37
5830.5978099545 85.12
5915.4058079863 84.87
6001.4473667548 84.65
6088.7404288142 84.44
6177.3031976989 84.22
6267.1541417201 83.95
6358.3119978165 83.62
6450.795775462 83.22
6544.6247606297 82.74
6639.8185198134 82.19
6736.3969041085 81.58
6834.3800533509 80.96
6933.7884003172 80.37
7034.6426749857 79.88
7136.9639088592 79.62
7240.7734393506 79.68
7346.0929142326 80.03
7452.9442961523 80.61
7561.3498672106 81.30
7671.3322336089 82.03
7782.9143303638 82.73
7896.119426089 83.34
8010.9711278481 83.79
8127.4933860775 84.09
8245.7104995805 84.23
8365.6471205948 84.24
8487.328259933 84.15
8610.7792921984 83.96
8736.0259610765 83.60
8863.0943847033 83.00
8992.0110611117 82.10
9122.8028737575 80.82
9255.4970971253 79.13
9390.1214024162 77.14
9526.7038633184 75.30
9665.272961861 74.59
9805.8575943538 75.38
9948.4870774134 76.93
10093.191154076 78.28
10240.0000000005 79.18
10388.9442297607 79.61
10540.0549032298 79.64
10693.3635320572 79.47
10848.9020862397 79.26
11006.7030007884 79.24
11166.7991824927 79.46
11329.2240167822 79.86
11494.0113746885 80.23
11661.1956199091 80.48
11830.8116159726 80.83
12002.8947335097 81.52
12177.4808576284 82.68
12354.6063953979 84.41
12534.3082834402 86.20
12716.6239956331 87.79
12901.5915509241 88.87
13089.2495212594 89.68
13279.637039627 89.95
13472.7938082171 89.68
13668.7601067018 89.05
13867.5768006344 88.24
14069.2853499715 87.36
14273.9278177184 86.44
14481.5468787012 85.29
14692.1858284653 83.65
14905.8885923047 81.41
15122.6997344212 78.53
15342.6644672179 75.18
15565.8286607277 71.94
15792.2388521781 69.89
16021.9422556964 69.84
16254.9867721551 70.99
16491.4209991611 72.56
16731.2942411897 74.06
16974.656519866 74.98
17221.5585843969 75.09
17472.0519221531 74.41
17726.1887694067 73.09
17984.0221222235 71.27
18245.605747515 69.17
18510.9941942506 67.16
18780.2428048326 65.72
19053.4077266369 64.98
19330.545923722 64.62
19611.7151887077 64.25
19896.9741548268 63.81
20186.382308152 63.66
