20 107.04
20.2909066988 107.02
20.5860447329 106.99
20.8854756485 106.97
21.1892618872 106.94
21.4974667984 106.91
21.8101546533 106.89
22.1273906578 106.86
22.4492409662 106.83
22.7757726951 106.80
23.1070539374 106.77
23.4431537764 106.74
23.7841423001 106.70
24.130090616 106.67
24.4810708661 106.64
24.8371562415 106.60
25.1984209979 106.57
25.5649404712 106.53
25.936791093 106.49
26.3140504067 106.45
26.6967970834 106.41
27.0851109387 106.37
27.4790729492 106.33
27.878765269 106.29
28.2842712475 106.25
28.6956754462 106.21
29.1130636568 106.17
29.5365229188 106.12
29.9661415375 106.08
30.402009103 106.04
30.8442165082 105.99
31.2928559682 105.94
31.7480210394 105.90
32.209806639 105.85
32.6783090648 105.80
33.1536260154 105.75
33.6358566101 105.70
34.1251014105 105.65
34.6214624402 105.60
35.1250432075 105.54
35.6359487256 105.49
36.1542855356 105.44
36.6801617282 105.38
37.2136869661 105.33
37.7549725073 105.27
38.3041312279 105.22
38.8612776461 105.16
39.4265279456 105.10
40 105.05
40.5818133975 104.99
41.1720894657 104.93
41.7709512971 104.87
42.3785237744 104.81
42.9949335968 104.75
43.6203093066 104.69
44.2547813156 104.63
44.8984819324 104.56
45.5515453903 104.50
46.2141078749 104.44
46.8863075528 104.37
47.5682846001 104.31
48.260181232 104.24
48.9621417322 104.18
49.6743124829 104.11
50.3968419958 104.05
51.1298809424 103.98
51.873582186 103.91
52.6281008133 103.84
53.3935941668 103.78
54.1702218775 103.71
54.9581458983 103.64
55.757530538 103.57
56.5685424949 103.49
57.3913508924 103.42
58.2261273137 103.34
59.0730458376 103.27
59.9322830751 103.20
60.804018206 103.14
61.6884330163 103.07
62.5857119363 103.00
63.4960420787 102.93
64.419613278 102.86
65.3566181296 102.79
66.3072520307 102.72
67.2717132203 102.64
68.2502028209 102.57
69.2429248805 102.49
70.2500864149 102.42
71.2718974512 102.35
72.3085710713 102.27
73.3603234564 102.20
74.4273739322 102.13
75.5099450145 102.05
76.6082624559 101.98
77.7225552923 101.90
78.8530558912 101.83
80 101.75
81.163626795 101.68
82.3441789315 101.60
83.5419025942 101.53
84.7570475487 101.45
85.9898671937 101.38
87.2406186132 101.30
88.5095626311 101.23
89.7969638648 101.15
91.1030907805 101.08
92.4282157498 101.01
93.7726151055 100.93
95.1365692002 100.86
96.520362464 100.78
97.9242834644 100.71
99.3486249659 100.64
100.7936839916 100.56
102.2597618848 100.49
103.7471643721 100.42
105.2562016267 100.34
106.7871883336 100.27
108.340443755 100.20
109.9162917966 100.13
111.5150610759 100.05
113.1370849898 99.98
114.7827017849 99.91
116.4522546274 99.85
118.1460916752 99.78
119.8645661501 99.71
121.6080364119 99.64
123.3768660326 99.57
125.1714238726 99.49
126.9920841575 99.42
128.8392265559 99.35
130.7132362593 99.28
132.6145040614 99.21
134.5434264406 99.15
136.5004056418 99.08
138.485849761 99.01
140.5001728299 98.95
142.5437949025 98.88
144.6171421426 98.82
146.7206469127 98.75
148.8547478643 98.69
151.0198900291 98.62
153.2165249118 98.56
155.4451105846 98.50
157.7061117824 98.44
160 98.37
162.32725359 98.31
164.688357863 98.25
167.0838051884 98.19
169.5140950975 98.13
171.9797343873 98.07
174.4812372264 98.02
177.0191252622 97.96
179.5939277295 97.90
182.2061815611 97.85
184.8564314996 97.79
187.5452302111 97.74
190.2731384004 97.68
193.0407249281 97.63
195.8485669287 97.58
198.6972499318 97.52
201.5873679832 97.47
204.5195237697 97.42
207.4943287442 97.37
210.5124032534 97.32
213.5743766672 97.27
216.6808875099 97.22
219.8325835933 97.18
223.0301221518 97.13
226.2741699797 97.08
229.5654035698 97.04
232.9045092548 97.00
236.2921833503 96.95
239.7291323003 96.91
243.2160728239 96.86
246.7537320653 96.82
250.3428477452 96.78
253.9841683149 96.74
257.6784531119 96.70
261.4264725186 96.66
265.2290081229 96.62
269.0868528812 96.58
273.0008112836 96.55
276.971699522 96.51
281.0003456597 96.47
285.0875898049 96.44
289.2342842852 96.40
293.4412938255 96.37
297.7094957287 96.33
302.0397800581 96.30
306.4330498235 96.27
310.8902211692 96.24
315.4122235649 96.21
320 96.18
324.65450718 96.15
329.3767157259 96.12
334.1676103768 96.09
339.028190195 96.06
343.9594687746 96.04
348.9624744529 96.01
354.0382505244 95.99
359.187855459 95.96
364.4123631221 95.94
369.7128629991 95.91
375.0904604222 95.89
380.5462768009 95.87
386.0814498562 95.85
391.6971338575 95.83
397.3944998635 95.81
403.1747359664 95.79
409.0390475393 95.77
414.9886574883 95.76
421.0248065068 95.74
427.1487533344 95.72
433.3617750198 95.71
439.6651671866 95.69
446.0602443037 95.68
452.5483399594 95.67
459.1308071395 95.66
465.8090185095 95.65
472.5843667007 95.64
479.4582646005 95.63
486.4321456477 95.62
493.5074641306 95.62
500.6856954905 95.61
507.9683366298 95.61
515.3569062238 95.61
522.8529450372 95.61
530.4580162458 95.61
538.1737057624 95.61
546.0016225673 95.61
553.9433990439 95.61
562.0006913195 95.62
570.1751796098 95.62
578.4685685703 95.63
586.882587651 95.64
595.4189914574 95.65
604.0795601163 95.66
612.8660996471 95.67
621.7804423383 95.68
630.8244471297 95.70
640 95.72
649.30901436 95.74
658.7534314519 95.76
668.3352207536 95.79
678.05638039 95.82
687.9189375493 95.85
697.9249489058 95.88
708.0765010489 95.91
718.375710918 95.95
728.8247262443 96.00
739.4257259983 96.04
750.1809208443 96.09
761.0925536018 96.15
772.1628997124 96.21
783.394267715 96.27
794.7889997271 96.34
806.3494719327 96.42
818.0780950787 96.50
829.9773149767 96.59
842.0496130136 96.68
854.2975066688 96.78
866.7235500396 96.88
879.3303343732 97.00
892.1204886074 97.12
905.0966799188 97.24
918.2616142791 97.38
931.618037019 97.52
945.1687334013 97.67
958.9165292011 97.82
972.8642912955 97.98
987.0149282611 98.16
1001.371390981 98.33
1015.9366732597 98.52
1030.7138124476 98.71
1045.7058900743 98.90
1060.9160324916 99.11
1076.3474115248 99.32
1092.0032451345 99.53
1107.8867980879 99.75
1124.0013826389 99.97
1140.3503592197 100.19
1156.9371371406 100.42
1173.765175302 100.66
1190.8379829148 100.89
1208.1591202326 101.13
1225.7321992942 101.37
1243.5608846767 101.61
1261.6488942595 101.86
1280 102.11
1298.6180287201 102.36
1317.5068629037 102.61
1336.6704415071 102.86
1356.1127607799 103.12
1375.8378750985 103.38
1395.8498978116 103.64
1416.1530020977 103.89
1436.751421836 104.15
1457.6494524886 104.41
1478.8514519966 104.66
1500.3618416887 104.91
1522.1851072035 105.15
1544.3257994247 105.38
1566.78853543 105.60
1589.5779994541 105.80
1612.6989438655 105.99
1636.1561901574 106.16
1659.9546299533 106.31
1684.0992260271 106.43
1708.5950133377 106.53
1733.4471000793 106.60
1758.6606687464 106.65
1784.2409772148 106.66
1810.1933598376 106.65
1836.5232285581 106.62
1863.2360740381 106.56
1890.3374668026 106.47
1917.8330584022 106.37
1945.7285825909 106.25
1974.0298565222 106.12
2002.742781962 105.98
2031.8733465194 105.83
2061.4276248951 105.68
2091.4117801487 105.52
2121.8320649832 105.36
2152.6948230496 105.21
2184.0064902691 105.06
2215.7735961758 104.92
2248.0027652779 104.78
2280.7007184393 104.65
2313.8742742813 104.53
2347.530350604 104.42
2381.6759658296 104.33
2416.3182404652 104.24
2451.4643985884 104.17
2487.1217693533 104.11
2523.297788519 104.06
2560.0000000001 104.03
2597.2360574402 104.01
2635.0137258074 104.00
2673.3408830143 104.00
2712.2255215599 104.02
2751.6757501971 104.05
2791.6997956232 104.09
2832.3060041955 104.13
2873.5028436721 104.18
2915.2989049772 104.24
2957.7029039931 104.29
3000.7236833774 104.33
3044.3702144071 104.35
3088.6515988494 104.35
3133.57707086 104.31
3179.1559989082 104.23
3225.397887731 104.10
3272.3123803148 103.90
3319.9092599067 103.63
3368.1984520542 103.29
3417.1900266754 102.87
3466.8942001586 102.37
3517.3213374928 101.81
3568.4819544296 101.19
3620.3867196753 100.53
3673.0464571163 99.84
3726.4721480761 99.14
3780.6749336053 98.46
3835.6661168044 97.81
3891.4571651819 97.24
3948.0597130445 96.75
4005.4855639241 96.40
4063.7466930387 96.22
4122.8552497902 96.21
4182.8235602974 96.37
4243.6641299665 96.71
4305.3896460992 97.19
4368.0129805382 97.79
4431.5471923516 98.49
4496.0055305558 99.25
4561.4014368787 100.05
4627.7485485626 100.85
4695.0607012081 101.63
4763.3519316592 102.34
4832.6364809305 102.95
4902.9287971769 103.40
4974.2435387067 103.70
5046.595577038 103.81
5120.0000000002 103.77
5194.4721148803 103.57
5270.0274516149 103.25
5346.6817660286 102.85
5424.4510431198 102.41
5503.3515003942 101.95
5583.3995912463 101.50
5664.6120083911 101.09
5747.0056873442 100.71
5830.5978099545 100.37
5915.4058079863 100.09
6001.4473667548 99.85
6088.7404288142 99.68
6177.3031976989 99.56
6267.1541417201 99.50
6358.3119978165 99.50
6450.795775462 99.57
6544.6247606297 99.70
6639.8185198134 99.91
6736.3969041085 100.20
6834.3800533509 100.58
6933.7884003172 101.07
7034.6426749857 101.68
7136.9639088592 102.43
7240.7734393506 103.35
7346.0929142326 104.44
7452.9442961523 105.68
7561.3498672106 107.01
7671.3322336089 108.26
7782.9143303638 109.29
7896.119426089 109.90
8010.9711278481 109.90
8127.4933860775 109.26
8245.7104995805 108.11
8365.6471205948 106.64
8487.328259933 105.07
8610.7792921984 103.55
8736.0259610765 102.17
8863.0943847033 100.97
8992.0110611117 99.94
9122.8028737575 99.07
9255.4970971253 98.34
9390.1214024162 97.75
9526.7038633184 97.26
9665.272961861 96.88
9805.8575943538 96.59
9948.4870774134 96.39
10093.191154076 96.28
10240.0000000005 96.25
10388.9442297607 96.28
10540.0549032298 96.37
10693.3635320572 96.51
10848.9020862397 96.67
11006.7030007884 96.83
11166.7991824927 96.96
11329.2240167822 97.01
11494.0113746885 96.99
11661.1956199091 96.85
11830.8116159726 96.63
12002.8947335097 96.33
12177.4808576284 95.99
12354.6063953979 95.64
12534.3082834402 95.32
12716.6239956331 95.07
12901.5915509241 94.92
13089.2495212594 94.83
13279.637039627 94.71
13472.7938082171 94.46
13668.7601067018 93.91
13867.5768006344 92.92
14069.2853499715 91.36
14273.9278177184 89.35
14481.5468787012 86.84
14692.1858284653 83.87
14905.8885923047 81.02
15122.6997344212 79.63
15342.6644672179 80.52
15565.8286607277 83.12
15792.2388521781 85.76
16021.9422556964 87.58
16254.9867721551 88.39
16491.4209991611 88.23
16731.2942411897 87.42
16974.656519866 86.31
17221.5585843969 85.18
17472.0519221531 84.18
17726.1887694067 83.39
17984.0221222235 82.81
18245.605747515 82.44
18510.9941942506 82.18
18780.2428048326 81.57
19053.4077266369 80.01
19330.545923722 77.34
19611.7151887077 73.77
19896.9741548268 69.59
20186.382308152 68.01
