20.000000	108.040
20.290907	108.050
20.586045	108.059
20.885476	108.068
21.189262	108.076
21.497467	108.086
21.810155	108.095
22.127391	108.105
22.449241	108.113
22.775773	108.122
23.107054	108.131
23.443154	108.139
23.784142	108.147
24.130091	108.154
24.481071	108.162
24.837156	108.168
25.198421	108.174
25.564940	108.180
25.936791	108.185
26.314050	108.189
26.696797	108.194
27.085111	108.198
27.479073	108.202
27.878765	108.204
28.284271	108.206
28.695675	108.208
29.113064	108.210
29.536523	108.211
29.966142	108.213
30.402009	108.214
30.844217	108.215
31.292856	108.215
31.748021	108.216
32.209807	108.217
32.678309	108.217
33.153626	108.216
33.635857	108.215
34.125101	108.213
34.621462	108.211
35.125043	108.208
35.635949	108.205
36.154286	108.202
36.680162	108.197
37.213687	108.192
37.754973	108.187
38.304131	108.181
38.861278	108.175
39.426528	108.168
40.000000	108.161
40.581813	108.154
41.172089	108.146
41.770951	108.137
42.378524	108.128
42.994934	108.118
43.620309	108.109
44.254781	108.098
44.898482	108.087
45.551545	108.076
46.214108	108.063
46.886308	108.051
47.568285	108.038
48.260181	108.023
48.962142	108.007
49.674312	107.991
50.396842	107.975
51.129881	107.958
51.873582	107.941
52.628101	107.923
53.393594	107.904
54.170222	107.884
54.958146	107.865
55.757531	107.844
56.568542	107.822
57.391351	107.799
58.226127	107.776
59.073046	107.752
59.932283	107.728
60.804018	107.702
61.688433	107.676
62.585712	107.649
63.496042	107.621
64.419613	107.592
65.356618	107.563
66.307252	107.533
67.271713	107.502
68.250203	107.470
69.242925	107.437
70.250086	107.403
71.271897	107.369
72.308571	107.333
73.360323	107.297
74.427374	107.259
75.509945	107.221
76.608262	107.182
77.722555	107.141
78.853056	107.100
80.000000	107.057
81.163627	107.013
82.344179	106.969
83.541903	106.923
84.757048	106.877
85.989867	106.830
87.240619	106.782
88.509563	106.733
89.796964	106.682
91.103091	106.630
92.428216	106.578
93.772615	106.524
95.136569	106.469
96.520362	106.413
97.924283	106.356
99.348625	106.298
100.793684	106.239
102.259762	106.180
103.747164	106.119
105.256202	106.057
106.787188	105.993
108.340444	105.930
109.916292	105.865
111.515061	105.799
113.137085	105.732
114.782702	105.663
116.452255	105.594
118.146092	105.524
119.864566	105.454
121.608036	105.382
123.376866	105.308
125.171424	105.234
126.992084	105.160
128.839227	105.084
130.713236	105.008
132.614504	104.931
134.543426	104.853
136.500406	104.774
138.485850	104.695
140.500173	104.615
142.543795	104.535
144.617142	104.455
146.720647	104.374
148.854748	104.293
151.019890	104.211
153.216525	104.129
155.445111	104.047
157.706112	103.964
160.000000	103.881
162.327254	103.799
164.688358	103.716
167.083805	103.633
169.514095	103.551
171.979734	103.469
174.481237	103.387
177.019125	103.305
179.593928	103.224
182.206182	103.144
184.856431	103.064
187.545230	102.985
190.273138	102.907
193.040725	102.830
195.848567	102.754
198.697250	102.679
201.587368	102.605
204.519524	102.532
207.494329	102.460
210.512403	102.391
213.574377	102.322
216.680888	102.256
219.832584	102.190
223.030122	102.127
226.274170	102.065
229.565404	102.005
232.904509	101.947
236.292183	101.891
239.729132	101.836
243.216073	101.783
246.753732	101.733
250.342848	101.685
253.984168	101.638
257.678453	101.594
261.426473	101.552
265.229008	101.512
269.086853	101.474
273.000811	101.438
276.971700	101.404
281.000346	101.372
285.087590	101.341
289.234284	101.313
293.441294	101.287
297.709496	101.262
302.039780	101.239
306.433050	101.217
310.890221	101.196
315.412224	101.177
320.000000	101.159
324.654507	101.143
329.376716	101.127
334.167610	101.113
339.028190	101.100
343.959469	101.087
348.962474	101.075
354.038251	101.065
359.187855	101.055
364.412363	101.046
369.712863	101.036
375.090460	101.028
380.546277	101.021
386.081450	101.013
391.697134	101.006
397.394500	100.999
403.174736	100.992
409.039048	100.985
414.988657	100.978
421.024807	100.972
427.148753	100.965
433.361775	100.958
439.665167	100.951
446.060244	100.943
452.548340	100.935
459.130807	100.928
465.809019	100.920
472.584367	100.911
479.458265	100.902
486.432146	100.893
493.507464	100.883
500.685695	100.873
507.968337	100.863
515.356906	100.852
522.852945	100.841
530.458016	100.830
538.173706	100.818
546.001623	100.805
553.943399	100.793
562.000691	100.780
570.175180	100.767
578.468569	100.753
586.882588	100.739
595.418991	100.725
604.079560	100.710
612.866100	100.696
621.780442	100.681
630.824447	100.666
640.000000	100.650
649.309014	100.635
658.753431	100.619
668.335221	100.602
678.056380	100.585
687.918938	100.566
697.924949	100.547
708.076501	100.526
718.375711	100.504
728.824726	100.481
739.425726	100.455
750.180921	100.430
761.092554	100.403
772.162900	100.380
783.394268	100.364
794.789000	100.360
806.349472	100.374
818.078095	100.409
829.977315	100.462
842.049613	100.532
854.297507	100.613
866.723550	100.699
879.330334	100.787
892.120489	100.873
905.096680	100.959
918.261614	101.044
931.618037	101.130
945.168733	101.218
958.916529	101.308
972.864291	101.401
987.014928	101.498
1001.371391	101.599
1015.936673	101.703
1030.713812	101.810
1045.705890	101.921
1060.916032	102.033
1076.347412	102.149
1092.003245	102.265
1107.886798	102.383
1124.001383	102.501
1140.350359	102.620
1156.937137	102.738
1173.765175	102.856
1190.837983	102.971
1208.159120	103.087
1225.732199	103.201
1243.560885	103.313
1261.648894	103.424
1280.000000	103.533
1298.618029	103.639
1317.506863	103.746
1336.670442	103.851
1356.112761	103.954
1375.837875	104.057
1395.849898	104.159
1416.153002	104.260
1436.751422	104.362
1457.649452	104.463
1478.851452	104.565
1500.361842	104.667
1522.185107	104.769
1544.325799	104.872
1566.788535	104.975
1589.577999	105.079
1612.698944	105.184
1636.156190	105.289
1659.954630	105.396
1684.099226	105.503
1708.595013	105.610
1733.447100	105.718
1758.660669	105.825
1784.240977	105.932
1810.193360	106.040
1836.523229	106.146
1863.236074	106.252
1890.337467	106.357
1917.833058	106.460
1945.728583	106.562
1974.029857	106.662
2002.742782	106.761
2031.873347	106.856
2061.427625	106.949
2091.411780	107.039
2121.832065	107.126
2152.694823	107.209
2184.006490	107.289
2215.773596	107.364
2248.002765	107.437
2280.700718	107.505
2313.874274	107.568
2347.530351	107.628
2381.675966	107.682
2416.318240	107.731
2451.464399	107.775
2487.121769	107.816
2523.297789	107.851
2560.000000	107.883
2597.236057	107.911
2635.013726	107.937
2673.340883	107.962
2712.225522	107.986
2751.675750	108.010
2791.699796	108.036
2832.306004	108.061
2873.502844	108.085
2915.298905	108.102
2957.702904	108.106
3000.723683	108.091
3044.370214	108.042
3088.651599	107.953
3133.577071	107.827
3179.155999	107.663
3225.397888	107.475
3272.312380	107.274
3319.909260	107.074
3368.198452	106.889
3417.190027	106.731
3466.894200	106.608
3517.321337	106.525
3568.481954	106.483
3620.386720	106.479
3673.046457	106.510
3726.472148	106.569
3780.674934	106.649
3835.666117	106.737
3891.457165	106.825
3948.059713	106.908
4005.485564	106.973
4063.746693	107.019
4122.855250	107.046
4182.823560	107.058
4243.664130	107.059
4305.389646	107.058
4368.012981	107.062
4431.547192	107.079
4496.005531	107.112
4561.401437	107.166
4627.748549	107.238
4695.060701	107.329
4763.351932	107.430
4832.636481	107.534
4902.928797	107.626
4974.243539	107.697
5046.595577	107.725
5120.000000	107.703
5194.472115	107.615
5270.027452	107.453
5346.681766	107.226
5424.451043	106.944
5503.351500	106.621
5583.399591	106.277
5664.612008	105.932
5747.005687	105.589
5830.597810	105.245
5915.405808	104.890
6001.447367	104.509
6088.740429	104.085
6177.303198	103.641
6267.154142	103.232
6358.311998	102.917
6450.795775	102.695
6544.624761	102.547
6639.818520	102.445
6736.396904	102.373
6834.380053	102.338
6933.788400	102.350
7034.642675	102.423
7136.963909	102.569
7240.773439	102.792
7346.092914	103.092
7452.944296	103.460
7561.349867	103.875
7671.332234	104.303
7782.914330	104.700
7896.119426	105.013
8010.971128	105.170
8127.493386	105.128
8245.710500	104.866
8365.647121	104.372
8487.328260	103.703
8610.779292	102.904
8736.025961	102.045
8863.094385	101.194
8992.011061	100.397
9122.802874	99.696
9255.497097	99.122
9390.121402	98.695
9526.703863	98.444
9665.272962	98.384
9805.857594	98.513
9948.487077	98.820
10093.191154	99.292
10240.000000	99.868
10388.944230	100.498
10540.054903	101.113
10693.363532	101.639
10848.902086	101.995
11006.703001	102.113
11166.799182	101.989
11329.224017	101.638
11494.011375	101.195
11661.195620	100.771
11830.811616	100.433
12002.894734	100.234
12177.480858	100.102
12354.606395	100.013
12534.308283	99.896
12716.623996	99.714
12901.591551	99.447
13089.249521	99.138
13279.637040	98.761
13472.793808	98.307
13668.760107	97.781
13867.576801	97.197
14069.285350	96.598
14273.927818	96.011
14481.546879	95.489
14692.185828	95.042
14905.888592	94.632
15122.699734	94.248
15342.664467	93.901
15565.828661	93.645
15792.238852	93.580
16021.942256	93.800
16254.986772	94.297
16491.420999	94.927
16731.294241	95.520
16974.656520	96.033
17221.558584	96.492
17472.051922	96.881
17726.188769	97.112
17984.022122	97.085
18245.605748	96.714
18510.994194	95.895
18780.242805	94.568
19053.407727	92.720
19330.545924	90.351
19611.715189	87.458
19896.974155	84.024
20186.382308	82.706
