20.000000	96.585
20.290907	96.637
20.586045	96.688
20.885476	96.737
21.189262	96.785
21.497467	96.831
21.810155	96.876
22.127391	96.921
22.449241	96.965
22.775773	97.008
23.107054	97.051
23.443154	97.093
23.784142	97.134
24.130091	97.173
24.481071	97.211
24.837156	97.248
25.198421	97.282
25.564940	97.314
25.936791	97.344
26.314050	97.373
26.696797	97.402
27.085111	97.433
27.479073	97.463
27.878765	97.493
28.284271	97.520
28.695675	97.545
29.113064	97.569
29.536523	97.592
29.966142	97.616
30.402009	97.640
30.844217	97.661
31.292856	97.681
31.748021	97.700
32.209807	97.718
32.678309	97.736
33.153626	97.751
33.635857	97.765
34.125101	97.778
34.621462	97.791
35.125043	97.804
35.635949	97.816
36.154286	97.825
36.680162	97.834
37.213687	97.842
37.754973	97.849
38.304131	97.856
38.861278	97.861
39.426528	97.865
40.000000	97.868
40.581813	97.869
41.172089	97.870
41.770951	97.870
42.378524	97.868
42.994934	97.866
43.620309	97.862
44.254781	97.858
44.898482	97.853
45.551545	97.848
46.214108	97.842
46.886308	97.834
47.568285	97.825
48.260181	97.816
48.962142	97.805
49.674312	97.792
50.396842	97.778
51.129881	97.763
51.873582	97.747
52.628101	97.731
53.393594	97.713
54.170222	97.695
54.958146	97.677
55.757531	97.661
56.568542	97.645
57.391351	97.627
58.226127	97.606
59.073046	97.581
59.932283	97.554
60.804018	97.527
61.688433	97.499
62.585712	97.470
63.496042	97.440
64.419613	97.409
65.356618	97.379
66.307252	97.349
67.271713	97.317
68.250203	97.285
69.242925	97.251
70.250086	97.216
71.271897	97.180
72.308571	97.144
73.360323	97.106
74.427374	97.068
75.509945	97.028
76.608262	96.987
77.722555	96.946
78.853056	96.904
80.000000	96.861
81.163627	96.818
82.344179	96.773
83.541903	96.727
84.757048	96.680
85.989867	96.632
87.240619	96.583
88.509563	96.533
89.796964	96.482
91.103091	96.431
92.428216	96.379
93.772615	96.328
95.136569	96.275
96.520362	96.222
97.924283	96.168
99.348625	96.113
100.793684	96.056
102.259762	95.999
103.747164	95.940
105.256202	95.882
106.787188	95.822
108.340444	95.762
109.916292	95.700
111.515061	95.639
113.137085	95.576
114.782702	95.512
116.452255	95.449
118.146092	95.384
119.864566	95.320
121.608036	95.254
123.376866	95.188
125.171424	95.121
126.992084	95.053
128.839227	94.986
130.713236	94.918
132.614504	94.849
134.543426	94.780
136.500406	94.710
138.485850	94.639
140.500173	94.568
142.543795	94.496
144.617142	94.424
146.720647	94.351
148.854748	94.278
151.019890	94.204
153.216525	94.130
155.445111	94.055
157.706112	93.980
160.000000	93.905
162.327254	93.829
164.688358	93.753
167.083805	93.676
169.514095	93.600
171.979734	93.523
174.481237	93.446
177.019125	93.369
179.593928	93.292
182.206182	93.215
184.856431	93.137
187.545230	93.060
190.273138	92.982
193.040725	92.904
195.848567	92.827
198.697250	92.749
201.587368	92.671
204.519524	92.593
207.494329	92.515
210.512403	92.437
213.574377	92.359
216.680888	92.281
219.832584	92.203
223.030122	92.125
226.274170	92.046
229.565404	91.968
232.904509	91.890
236.292183	91.812
239.729132	91.734
243.216073	91.656
246.753732	91.577
250.342848	91.500
253.984168	91.421
257.678453	91.342
261.426473	91.263
265.229008	91.184
269.086853	91.106
273.000811	91.029
276.971700	90.952
281.000346	90.875
285.087590	90.799
289.234284	90.723
293.441294	90.647
297.709496	90.572
302.039780	90.496
306.433050	90.420
310.890221	90.345
315.412224	90.269
320.000000	90.194
324.654507	90.119
329.376716	90.043
334.167610	89.969
339.028190	89.896
343.959469	89.823
348.962474	89.751
354.038251	89.679
359.187855	89.608
364.412363	89.536
369.712863	89.466
375.090460	89.396
380.546277	89.327
386.081450	89.258
391.697134	89.191
397.394500	89.123
403.174736	89.057
409.039048	88.992
414.988657	88.929
421.024807	88.866
427.148753	88.804
433.361775	88.744
439.665167	88.686
446.060244	88.628
452.548340	88.572
459.130807	88.516
465.809019	88.461
472.584367	88.407
479.458265	88.354
486.432146	88.302
493.507464	88.251
500.685695	88.201
507.968337	88.152
515.356906	88.104
522.852945	88.056
530.458016	88.009
538.173706	87.961
546.001623	87.914
553.943399	87.869
562.000691	87.824
570.175180	87.780
578.468569	87.737
586.882588	87.696
595.418991	87.655
604.079560	87.616
612.866100	87.578
621.780442	87.541
630.824447	87.507
640.000000	87.474
649.309014	87.442
658.753431	87.413
668.335221	87.386
678.056380	87.360
687.918938	87.337
697.924949	87.316
708.076501	87.298
718.375711	87.282
728.824726	87.269
739.425726	87.259
750.180921	87.252
761.092554	87.249
772.162900	87.249
783.394268	87.253
794.789000	87.261
806.349472	87.273
818.078095	87.290
829.977315	87.312
842.049613	87.339
854.297507	87.371
866.723550	87.409
879.330334	87.453
892.120489	87.503
905.096680	87.560
918.261614	87.623
931.618037	87.693
945.168733	87.770
958.916529	87.854
972.864291	87.945
987.014928	88.044
1001.371391	88.147
1015.936673	88.252
1030.713812	88.355
1045.705890	88.452
1060.916032	88.541
1076.347412	88.621
1092.003245	88.682
1107.886798	88.718
1124.001383	88.729
1140.350359	88.733
1156.937137	88.765
1173.765175	88.821
1190.837983	88.928
1208.159120	89.048
1225.732199	89.180
1243.560885	89.312
1261.648894	89.437
1280.000000	89.559
1298.618029	89.671
1317.506863	89.784
1336.670442	89.891
1356.112761	89.994
1375.837875	90.095
1395.849898	90.194
1416.153002	90.292
1436.751422	90.390
1457.649452	90.488
1478.851452	90.586
1500.361842	90.685
1522.185107	90.784
1544.325799	90.886
1566.788535	90.990
1589.577999	91.096
1612.698944	91.205
1636.156190	91.319
1659.954630	91.436
1684.099226	91.558
1708.595013	91.685
1733.447100	91.817
1758.660669	91.955
1784.240977	92.098
1810.193360	92.247
1836.523229	92.399
1863.236074	92.556
1890.337467	92.716
1917.833058	92.879
1945.728583	93.042
1974.029857	93.207
2002.742782	93.371
2031.873347	93.534
2061.427625	93.695
2091.411780	93.853
2121.832065	94.007
2152.694823	94.157
2184.006490	94.306
2215.773596	94.450
2248.002765	94.592
2280.700718	94.731
2313.874274	94.867
2347.530351	94.999
2381.675966	95.127
2416.318240	95.251
2451.464399	95.369
2487.121769	95.482
2523.297789	95.587
2560.000000	95.685
2597.236057	95.774
2635.013726	95.854
2673.340883	95.923
2712.225522	95.983
2751.675750	96.030
2791.699796	96.067
2832.306004	96.090
2873.502844	96.102
2915.298905	96.103
2957.702904	96.093
3000.723683	96.071
3044.370214	96.039
3088.651599	95.996
3133.577071	95.945
3179.155999	95.885
3225.397888	95.818
3272.312380	95.745
3319.909260	95.666
3368.198452	95.583
3417.190027	95.495
3466.894200	95.403
3517.321337	95.307
3568.481954	95.208
3620.386720	95.105
3673.046457	94.996
3726.472148	94.881
3780.674934	94.757
3835.666117	94.623
3891.457165	94.472
3948.059713	94.309
4005.485564	94.125
4063.746693	93.924
4122.855250	93.715
4182.823560	93.507
4243.664130	93.320
4305.389646	93.172
4368.012981	93.081
4431.547192	93.056
4496.005531	93.087
4561.401437	93.170
4627.748549	93.284
4695.060701	93.418
4763.351932	93.557
4832.636481	93.693
4902.928797	93.815
4974.243539	93.921
5046.595577	94.002
5120.000000	94.063
5194.472115	94.107
5270.027452	94.137
5346.681766	94.147
5424.451043	94.129
5503.351500	94.080
5583.399591	94.002
5664.612008	93.899
5747.005687	93.778
5830.597810	93.645
5915.405808	93.503
6001.447367	93.360
6088.740429	93.224
6177.303198	93.104
6267.154142	93.007
6358.311998	92.944
6450.795775	92.921
6544.624761	92.949
6639.818520	93.034
6736.396904	93.183
6834.380053	93.400
6933.788400	93.683
7034.642675	94.029
7136.963909	94.429
7240.773439	94.868
7346.092914	95.327
7452.944296	95.786
7561.349867	96.219
7671.332234	96.605
7782.914330	96.924
7896.119426	97.148
8010.971128	97.232
8127.493386	97.148
8245.710500	96.867
8365.647121	96.368
8487.328260	95.677
8610.779292	94.812
8736.025961	93.811
8863.094385	92.728
8992.011061	91.604
9122.802874	90.474
9255.497097	89.369
9390.121402	88.308
9526.703863	87.308
9665.272962	86.374
9805.857594	85.508
9948.487077	84.713
10093.191154	83.996
10240.000000	83.348
10388.944230	82.771
10540.054903	82.270
10693.363532	81.836
10848.902086	81.474
11006.703001	81.188
11166.799182	80.974
11329.224017	80.850
11494.011375	80.801
11661.195620	80.877
11830.811616	81.043
12002.894734	81.349
12177.480858	81.773
12354.606395	82.423
12534.308283	83.280
12716.623996	84.480
12901.591551	86.160
13089.249521	88.094
13279.637040	90.228
13472.793808	92.310
13668.760107	93.867
13867.576801	94.479
14069.285350	93.872
14273.927818	92.389
14481.546879	90.251
14692.185828	87.949
14905.888592	85.910
15122.699734	84.317
15342.664467	83.248
15565.828661	82.691
15792.238852	82.577
16021.942256	82.793
16254.986772	83.154
16491.420999	83.378
16731.294241	83.170
16974.656520	82.351
17221.558584	80.894
17472.051922	78.903
17726.188769	76.551
17984.022122	74.006
18245.605748	71.397
18510.994194	68.792
18780.242805	66.196
19053.407727	63.553
19330.545924	60.793
19611.715189	57.938
19896.974155	55.502
20186.382308	54.769
