20.000000	100.352
20.290907	100.391
20.586045	100.431
20.885476	100.470
21.189262	100.509
21.497467	100.545
21.810155	100.580
22.127391	100.611
22.449241	100.641
22.775773	100.671
23.107054	100.700
23.443154	100.729
23.784142	100.759
24.130091	100.788
24.481071	100.816
24.837156	100.842
25.198421	100.867
25.564940	100.890
25.936791	100.913
26.314050	100.935
26.696797	100.957
27.085111	100.977
27.479073	100.996
27.878765	101.012
28.284271	101.027
28.695675	101.040
29.113064	101.054
29.536523	101.069
29.966142	101.084
30.402009	101.098
30.844217	101.109
31.292856	101.120
31.748021	101.130
32.209807	101.140
32.678309	101.148
33.153626	101.154
33.635857	101.157
34.125101	101.159
34.621462	101.162
35.125043	101.165
35.635949	101.168
36.154286	101.169
36.680162	101.169
37.213687	101.166
37.754973	101.163
38.304131	101.160
38.861278	101.156
39.426528	101.151
40.000000	101.144
40.581813	101.137
41.172089	101.129
41.770951	101.120
42.378524	101.111
42.994934	101.101
43.620309	101.089
44.254781	101.076
44.898482	101.062
45.551545	101.047
46.214108	101.032
46.886308	101.016
47.568285	100.999
48.260181	100.981
48.962142	100.962
49.674312	100.942
50.396842	100.921
51.129881	100.900
51.873582	100.878
52.628101	100.855
53.393594	100.830
54.170222	100.806
54.958146	100.780
55.757531	100.752
56.568542	100.724
57.391351	100.694
58.226127	100.664
59.073046	100.632
59.932283	100.600
60.804018	100.568
61.688433	100.536
62.585712	100.503
63.496042	100.468
64.419613	100.431
65.356618	100.393
66.307252	100.354
67.271713	100.315
68.250203	100.276
69.242925	100.235
70.250086	100.192
71.271897	100.150
72.308571	100.106
73.360323	100.062
74.427374	100.017
75.509945	99.970
76.608262	99.923
77.722555	99.874
78.853056	99.825
80.000000	99.775
81.163627	99.725
82.344179	99.674
83.541903	99.622
84.757048	99.570
85.989867	99.516
87.240619	99.461
88.509563	99.406
89.796964	99.349
91.103091	99.292
92.428216	99.233
93.772615	99.175
95.136569	99.115
96.520362	99.055
97.924283	98.994
99.348625	98.933
100.793684	98.872
102.259762	98.809
103.747164	98.745
105.256202	98.680
106.787188	98.613
108.340444	98.547
109.916292	98.480
111.515061	98.413
113.137085	98.345
114.782702	98.276
116.452255	98.206
118.146092	98.136
119.864566	98.068
121.608036	98.000
123.376866	97.935
125.171424	97.868
126.992084	97.796
128.839227	97.717
130.713236	97.636
132.614504	97.557
134.543426	97.480
136.500406	97.404
138.485850	97.328
140.500173	97.251
142.543795	97.174
144.617142	97.096
146.720647	97.019
148.854748	96.940
151.019890	96.861
153.216525	96.782
155.445111	96.703
157.706112	96.622
160.000000	96.541
162.327254	96.460
164.688358	96.378
167.083805	96.296
169.514095	96.214
171.979734	96.131
174.481237	96.049
177.019125	95.967
179.593928	95.884
182.206182	95.802
184.856431	95.720
187.545230	95.637
190.273138	95.552
193.040725	95.468
195.848567	95.384
198.697250	95.301
201.587368	95.217
204.519524	95.133
207.494329	95.049
210.512403	94.964
213.574377	94.880
216.680888	94.795
219.832584	94.711
223.030122	94.627
226.274170	94.543
229.565404	94.458
232.904509	94.374
236.292183	94.290
239.729132	94.208
243.216073	94.126
246.753732	94.045
250.342848	93.962
253.984168	93.878
257.678453	93.794
261.426473	93.712
265.229008	93.631
269.086853	93.549
273.000811	93.468
276.971700	93.387
281.000346	93.306
285.087590	93.224
289.234284	93.143
293.441294	93.062
297.709496	92.981
302.039780	92.901
306.433050	92.821
310.890221	92.742
315.412224	92.663
320.000000	92.584
324.654507	92.506
329.376716	92.427
334.167610	92.349
339.028190	92.271
343.959469	92.194
348.962474	92.118
354.038251	92.043
359.187855	91.968
364.412363	91.893
369.712863	91.819
375.090460	91.745
380.546277	91.673
386.081450	91.600
391.697134	91.529
397.394500	91.458
403.174736	91.388
409.039048	91.318
414.988657	91.249
421.024807	91.182
427.148753	91.115
433.361775	91.048
439.665167	90.982
446.060244	90.916
452.548340	90.852
459.130807	90.788
465.809019	90.725
472.584367	90.662
479.458265	90.601
486.432146	90.540
493.507464	90.480
500.685695	90.422
507.968337	90.363
515.356906	90.306
522.852945	90.250
530.458016	90.195
538.173706	90.140
546.001623	90.087
553.943399	90.035
562.000691	89.984
570.175180	89.933
578.468569	89.885
586.882588	89.837
595.418991	89.790
604.079560	89.745
612.866100	89.700
621.780442	89.658
630.824447	89.616
640.000000	89.577
649.309014	89.540
658.753431	89.503
668.335221	89.469
678.056380	89.436
687.918938	89.406
697.924949	89.377
708.076501	89.350
718.375711	89.324
728.824726	89.302
739.425726	89.280
750.180921	89.261
761.092554	89.244
772.162900	89.231
783.394268	89.220
794.789000	89.213
806.349472	89.209
818.078095	89.209
829.977315	89.212
842.049613	89.220
854.297507	89.234
866.723550	89.259
879.330334	89.299
892.120489	89.356
905.096680	89.420
918.261614	89.490
931.618037	89.564
945.168733	89.647
958.916529	89.742
972.864291	89.853
987.014928	89.984
1001.371391	90.140
1015.936673	90.321
1030.713812	90.526
1045.705890	90.753
1060.916032	90.994
1076.347412	91.248
1092.003245	91.509
1107.886798	91.770
1124.001383	92.028
1140.350359	92.280
1156.937137	92.516
1173.765175	92.742
1190.837983	92.943
1208.159120	93.137
1225.732199	93.307
1243.560885	93.466
1261.648894	93.609
1280.000000	93.741
1298.618029	93.858
1317.506863	93.976
1336.670442	94.083
1356.112761	94.186
1375.837875	94.286
1395.849898	94.384
1416.153002	94.481
1436.751422	94.578
1457.649452	94.675
1478.851452	94.773
1500.361842	94.872
1522.185107	94.973
1544.325799	95.077
1566.788535	95.182
1589.577999	95.291
1612.698944	95.402
1636.156190	95.516
1659.954630	95.634
1684.099226	95.755
1708.595013	95.880
1733.447100	96.008
1758.660669	96.139
1784.240977	96.272
1810.193360	96.409
1836.523229	96.548
1863.236074	96.689
1890.337467	96.833
1917.833058	96.979
1945.728583	97.127
1974.029857	97.276
2002.742782	97.427
2031.873347	97.578
2061.427625	97.728
2091.411780	97.878
2121.832065	98.027
2152.694823	98.173
2184.006490	98.318
2215.773596	98.457
2248.002765	98.594
2280.700718	98.726
2313.874274	98.851
2347.530351	98.970
2381.675966	99.082
2416.318240	99.186
2451.464399	99.280
2487.121769	99.367
2523.297789	99.443
2560.000000	99.509
2597.236057	99.566
2635.013726	99.613
2673.340883	99.650
2712.225522	99.679
2751.675750	99.697
2791.699796	99.706
2832.306004	99.707
2873.502844	99.701
2915.298905	99.687
2957.702904	99.667
3000.723683	99.642
3044.370214	99.612
3088.651599	99.577
3133.577071	99.540
3179.155999	99.500
3225.397888	99.459
3272.312380	99.418
3319.909260	99.376
3368.198452	99.336
3417.190027	99.297
3466.894200	99.261
3517.321337	99.227
3568.481954	99.194
3620.386720	99.163
3673.046457	99.134
3726.472148	99.104
3780.674934	99.072
3835.666117	99.037
3891.457165	98.995
3948.059713	98.948
4005.485564	98.887
4063.746693	98.813
4122.855250	98.722
4182.823560	98.610
4243.664130	98.477
4305.389646	98.321
4368.012981	98.140
4431.547192	97.933
4496.005531	97.702
4561.401437	97.444
4627.748549	97.163
4695.060701	96.858
4763.351932	96.532
4832.636481	96.184
4902.928797	95.816
4974.243539	95.429
5046.595577	95.017
5120.000000	94.587
5194.472115	94.161
5270.027452	93.815
5346.681766	93.597
5424.451043	93.454
5503.351500	93.277
5583.399591	93.025
5664.612008	92.740
5747.005687	92.458
5830.597810	92.195
5915.405808	91.960
6001.447367	91.755
6088.740429	91.589
6177.303198	91.459
6267.154142	91.366
6358.311998	91.315
6450.795775	91.304
6544.624761	91.341
6639.818520	91.429
6736.396904	91.573
6834.380053	91.779
6933.788400	92.056
7034.642675	92.414
7136.963909	92.861
7240.773439	93.407
7346.092914	94.056
7452.944296	94.804
7561.349867	95.634
7671.332234	96.490
7782.914330	97.305
7896.119426	97.983
8010.971128	98.387
8127.493386	98.426
8245.710500	98.066
8365.647121	97.332
8487.328260	96.368
8610.779292	95.294
8736.025961	94.256
8863.094385	93.358
8992.011061	92.649
9122.802874	92.143
9255.497097	91.823
9390.121402	91.641
9526.703863	91.550
9665.272962	91.512
9805.857594	91.509
9948.487077	91.543
10093.191154	91.640
10240.000000	91.822
10388.944230	92.119
10540.054903	92.571
10693.363532	93.182
10848.902086	93.963
11006.703001	94.873
11166.799182	95.820
11329.224017	96.641
11494.011375	97.222
11661.195620	97.237
11830.811616	96.850
12002.894734	95.929
12177.480858	94.765
12354.606395	93.403
12534.308283	92.067
12716.623996	90.887
12901.591551	90.017
13089.249521	89.305
13279.637040	88.892
13472.793808	88.833
13668.760107	89.120
13867.576801	89.759
14069.285350	90.694
14273.927818	91.779
14481.546879	92.763
14692.185828	93.308
14905.888592	93.259
15122.699734	92.580
15342.664467	91.368
15565.828661	89.832
15792.238852	88.228
16021.942256	86.795
16254.986772	85.689
16491.420999	84.976
16731.294241	84.566
16974.656520	84.273
17221.558584	83.841
17472.051922	83.005
17726.188769	81.585
17984.022122	79.539
18245.605748	76.947
18510.994194	73.932
18780.242805	70.640
19053.407727	67.175
19330.545924	63.595
19611.715189	60.009
19896.974155	57.003
20186.382308	56.099
