20 85.83
20.2909066988 85.83
20.5860447329 85.81
20.8854756485 85.80
21.1892618872 85.82
21.4974667984 85.84
21.8101546533 85.87
22.1273906578 85.90
22.4492409662 85.92
22.7757726951 85.94
23.1070539374 85.96
23.4431537764 86.00
23.7841423001 86.05
24.130090616 86.10
24.4810708661 86.13
24.8371562415 86.16
25.1984209979 86.16
25.5649404712 86.16
25.936791093 86.17
26.3140504067 86.19
26.6967970834 86.21
27.0851109387 86.22
27.4790729492 86.21
27.878765269 86.20
28.2842712475 86.19
28.6956754462 86.19
29.1130636568 86.21
29.5365229188 86.24
29.9661415375 86.26
30.402009103 86.26
30.8442165082 86.26
31.2928559682 86.27
31.7480210394 86.28
32.209806639 86.29
32.6783090648 86.30
33.1536260154 86.31
33.6358566101 86.31
34.1251014105 86.29
34.6214624402 86.28
35.1250432075 86.27
35.6359487256 86.28
36.1542855356 86.30
36.6801617282 86.30
37.2136869661 86.27
37.7549725073 86.23
38.3041312279 86.21
38.8612776461 86.21
39.4265279456 86.21
40 86.21
40.5818133975 86.20
41.1720894657 86.20
41.7709512971 86.20
42.3785237744 86.18
42.9949335968 86.16
43.6203093066 86.13
44.2547813156 86.11
44.8984819324 86.10
45.5515453903 86.10
46.2141078749 86.09
46.8863075528 86.07
47.5682846001 86.04
48.260181232 86.02
48.9621417322 86.00
49.6743124829 85.99
50.3968419958 85.97
51.1298809424 85.96
51.873582186 85.94
52.6281008133 85.91
53.3935941668 85.87
54.1702218775 85.85
54.9581458983 85.83
55.757530538 85.80
56.5685424949 85.78
57.3913508924 85.75
58.2261273137 85.72
59.0730458376 85.70
59.9322830751 85.67
60.804018206 85.64
61.6884330163 85.60
62.5857119363 85.56
63.4960420787 85.53
64.419613278 85.49
65.3566181296 85.44
66.3072520307 85.40
67.2717132203 85.35
68.2502028209 85.31
69.2429248805 85.27
70.2500864149 85.23
71.2718974512 85.19
72.3085710713 85.16
73.3603234564 85.13
74.4273739322 85.09
75.5099450145 85.03
76.6082624559 84.96
77.7225552923 84.90
78.8530558912 84.88
80 84.84
81.163626795 84.78
82.3441789315 84.70
83.5419025942 84.64
84.7570475487 84.59
85.9898671937 84.55
87.2406186132 84.50
88.5095626311 84.45
89.7969638648 84.39
91.1030907805 84.35
92.4282157498 84.30
93.7726151055 84.22
95.1365692002 84.15
96.520362464 84.10
97.9242834644 84.05
99.3486249659 83.99
100.7936839916 83.93
102.2597618848 83.87
103.7471643721 83.80
105.2562016267 83.73
106.7871883336 83.65
108.340443755 83.59
109.9162917966 83.55
111.5150610759 83.49
113.1370849898 83.41
114.7827017849 83.34
116.4522546274 83.26
118.1460916752 83.18
119.8645661501 83.10
121.6080364119 83.03
123.3768660326 82.97
125.1714238726 82.91
126.9920841575 82.82
128.8392265559 82.73
130.7132362593 82.66
132.6145040614 82.58
134.5434264406 82.51
136.5004056418 82.44
138.485849761 82.35
140.5001728299 82.26
142.5437949025 82.17
144.6171421426 82.08
146.7206469127 82.00
148.8547478643 81.92
151.0198900291 81.84
153.2165249118 81.76
155.4451105846 81.66
157.7061117824 81.57
160 81.50
162.32725359 81.43
164.688357863 81.34
167.0838051884 81.25
169.5140950975 81.16
171.9797343873 81.09
174.4812372264 81.02
177.0191252622 80.94
179.5939277295 80.84
182.2061815611 80.75
184.8564314996 80.67
187.5452302111 80.59
190.2731384004 80.50
193.0407249281 80.42
195.8485669287 80.35
198.6972499318 80.26
201.5873679832 80.17
204.5195237697 80.09
207.4943287442 79.99
210.5124032534 79.90
213.5743766672 79.82
216.6808875099 79.73
219.8325835933 79.63
223.0301221518 79.53
226.2741699797 79.42
229.5654035698 79.33
232.9045092548 79.27
236.2921833503 79.20
239.7291323003 79.12
243.2160728239 79.01
246.7537320653 78.91
250.3428477452 78.82
253.9841683149 78.73
257.6784531119 78.65
261.4264725186 78.56
265.2290081229 78.47
269.0868528812 78.37
273.0008112836 78.27
276.971699522 78.19
281.0003456597 78.11
285.0875898049 78.04
289.2342842852 77.93
293.4412938255 77.84
297.7094957287 77.75
302.0397800581 77.67
306.4330498235 77.59
310.8902211692 77.50
315.4122235649 77.42
320 77.33
324.65450718 77.24
329.3767157259 77.17
334.1676103768 77.08
339.028190195 76.99
343.9594687746 76.92
348.9624744529 76.84
354.0382505244 76.74
359.187855459 76.64
364.4123631221 76.56
369.7128629991 76.51
375.0904604222 76.45
380.5462768009 76.37
386.0814498562 76.29
391.6971338575 76.23
397.3944998635 76.17
403.1747359664 76.10
409.0390475393 76.02
414.9886574883 75.95
421.0248065068 75.88
427.1487533344 75.82
433.3617750198 75.74
439.6651671866 75.66
446.0602443037 75.62
452.5483399594 75.58
459.1308071395 75.51
465.8090185095 75.44
472.5843667007 75.38
479.4582646005 75.32
486.4321456477 75.27
493.5074641306 75.23
500.6856954905 75.17
507.9683366298 75.12
515.3569062238 75.08
522.8529450372 75.04
530.4580162458 74.98
538.1737057624 74.91
546.0016225673 74.86
553.9433990439 74.83
562.0006913195 74.81
570.1751796098 74.79
578.4685685703 74.74
586.882587651 74.69
595.4189914574 74.67
604.0795601163 74.66
612.8660996471 74.65
621.7804423383 74.63
630.8244471297 74.62
640 74.61
649.30901436 74.58
658.7534314519 74.57
668.3352207536 74.58
678.05638039 74.62
687.9189375493 74.64
697.9249489058 74.66
708.0765010489 74.69
718.375710918 74.74
728.8247262443 74.78
739.4257259983 74.82
750.1809208443 74.87
761.0925536018 74.94
772.1628997124 75.00
783.394267715 75.09
794.7889997271 75.19
806.3494719327 75.29
818.0780950787 75.38
829.9773149767 75.47
842.0496130136 75.59
854.2975066688 75.71
866.7235500396 75.84
879.3303343732 75.98
892.1204886074 76.14
905.0966799188 76.29
918.2616142791 76.46
931.618037019 76.65
945.1687334013 76.84
958.9165292011 77.03
972.8642912955 77.22
987.0149282611 77.41
1001.371390981 77.64
1015.9366732597 77.87
1030.7138124476 78.08
1045.7058900743 78.31
1060.9160324916 78.54
1076.3474115248 78.76
1092.0032451345 78.99
1107.8867980879 79.23
1124.0013826389 79.48
1140.3503592197 79.72
1156.9371371406 79.96
1173.765175302 80.21
1190.8379829148 80.45
1208.1591202326 80.69
1225.7321992942 80.92
1243.5608846767 81.15
1261.6488942595 81.39
1280 81.63
1298.6180287201 81.89
1317.5068629037 82.14
1336.6704415071 82.39
1356.1127607799 82.62
1375.8378750985 82.86
1395.8498978116 83.09
1416.1530020977 83.32
1436.751421836 83.54
1457.6494524886 83.77
1478.8514519966 83.98
1500.3618416887 84.18
1522.1851072035 84.38
1544.3257994247 84.57
1566.78853543 84.75
1589.5779994541 84.93
1612.6989438655 85.09
1636.1561901574 85.25
1659.9546299533 85.40
1684.0992260271 85.54
1708.5950133377 85.66
1733.4471000793 85.77
1758.6606687464 85.86
1784.2409772148 85.93
1810.1933598376 85.99
1836.5232285581 86.04
1863.2360740381 86.08
1890.3374668026 86.09
1917.8330584022 86.10
1945.7285825909 86.09
1974.0298565222 86.08
2002.742781962 86.05
2031.8733465194 86.01
2061.4276248951 85.96
2091.4117801487 85.89
2121.8320649832 85.83
2152.6948230496 85.76
2184.0064902691 85.68
2215.7735961758 85.61
2248.0027652779 85.53
2280.7007184393 85.45
2313.8742742813 85.37
2347.530350604 85.29
2381.6759658296 85.21
2416.3182404652 85.12
2451.4643985884 85.04
2487.1217693533 84.96
2523.297788519 84.89
2560.0000000001 84.83
2597.2360574402 84.77
2635.0137258074 84.71
2673.3408830143 84.67
2712.2255215599 84.63
2751.6757501971 84.60
2791.6997956232 84.56
2832.3060041955 84.53
2873.5028436721 84.51
2915.2989049772 84.48
2957.7029039931 84.46
3000.7236833774 84.44
3044.3702144071 84.43
3088.6515988494 84.43
3133.57707086 84.43
3179.1559989082 84.45
3225.397887731 84.47
3272.3123803148 84.51
3319.9092599067 84.56
3368.1984520542 84.62
3417.1900266754 84.69
3466.8942001586 84.77
3517.3213374928 84.86
3568.4819544296 84.96
3620.3867196753 85.09
3673.0464571163 85.23
3726.4721480761 85.39
3780.6749336053 85.57
3835.6661168044 85.77
3891.4571651819 85.98
3948.0597130445 86.19
4005.4855639241 86.41
4063.7466930387 86.62
4122.8552497902 86.81
4182.8235602974 86.96
4243.6641299665 87.08
4305.3896460992 87.16
4368.0129805382 87.24
4431.5471923516 87.32
4496.0055305558 87.41
4561.4014368787 87.49
4627.7485485626 87.55
4695.0607012081 87.54
4763.3519316592 87.48
4832.6364809305 87.36
4902.9287971769 87.18
4974.2435387067 86.94
5046.595577038 86.65
5120.0000000002 86.32
5194.4721148803 85.95
5270.0274516149 85.56
5346.6817660286 85.16
5424.4510431198 84.75
5503.3515003942 84.36
5583.3995912463 84.03
5664.6120083911 83.78
5747.0056873442 83.61
5830.5978099545 83.48
5915.4058079863 83.30
6001.4473667548 82.95
6088.7404288142 82.37
6177.3031976989 81.64
6267.1541417201 80.86
6358.3119978165 80.11
6450.795775462 79.45
6544.6247606297 78.92
6639.8185198134 78.53
6736.3969041085 78.26
6834.3800533509 78.13
6933.7884003172 78.13
7034.6426749857 78.26
7136.9639088592 78.52
7240.7734393506 78.89
7346.0929142326 79.38
7452.9442961523 79.96
7561.3498672106 80.62
7671.3322336089 81.31
7782.9143303638 81.96
7896.119426089 82.48
8010.9711278481 82.74
8127.4933860775 82.65
8245.7104995805 82.21
8365.6471205948 81.49
8487.328259933 80.62
8610.7792921984 79.68
8736.0259610765 78.77
8863.0943847033 77.99
8992.0110611117 77.35
9122.8028737575 76.86
9255.4970971253 76.53
9390.1214024162 76.35
9526.7038633184 76.37
9665.272961861 76.59
9805.8575943538 76.99
9948.4870774134 77.51
10093.191154076 78.14
10240.0000000005 78.78
10388.9442297607 79.42
10540.0549032298 80.04
10693.3635320572 80.66
10848.9020862397 81.28
11006.7030007884 81.85
11166.7991824927 82.32
11329.2240167822 82.58
11494.0113746885 82.61
11661.1956199091 82.27
11830.8116159726 81.78
12002.8947335097 81.13
12177.4808576284 80.46
12354.6063953979 79.79
12534.3082834402 79.15
12716.6239956331 78.59
12901.5915509241 78.24
13089.2495212594 78.01
13279.637039627 77.92
13472.7938082171 77.87
13668.7601067018 77.65
13867.5768006344 77.09
14069.2853499715 76.10
14273.9278177184 74.82
14481.5468787012 73.30
14692.1858284653 71.73
14905.8885923047 70.24
15122.6997344212 68.90
15342.6644672179 67.76
15565.8286607277 66.86
15792.2388521781 66.25
16021.9422556964 65.97
16254.9867721551 66.08
16491.4209991611 66.53
16731.2942411897 67.20
16974.656519866 68.09
17221.5585843969 69.10
17472.0519221531 70.15
17726.1887694067 71.14
17984.0221222235 71.92
18245.605747515 72.28
18510.9941942506 71.86
18780.2428048326 70.54
19053.4077266369 68.52
19330.545923722 66.03
19611.7151887077 63.37
19896.9741548268 61.22
20186.382308152 60.61
