20 94.53
20.2909066988 94.53
20.5860447329 94.55
20.8854756485 94.57
21.1892618872 94.59
21.4974667984 94.61
21.8101546533 94.64
22.1273906578 94.67
22.4492409662 94.71
22.7757726951 94.74
23.1070539374 94.78
23.4431537764 94.81
23.7841423001 94.83
24.130090616 94.85
24.4810708661 94.87
24.8371562415 94.88
25.1984209979 94.89
25.5649404712 94.90
25.936791093 94.91
26.3140504067 94.93
26.6967970834 94.94
27.0851109387 94.97
27.4790729492 94.99
27.878765269 95.01
28.2842712475 95.04
28.6956754462 95.06
29.1130636568 95.09
29.5365229188 95.11
29.9661415375 95.14
30.402009103 95.16
30.8442165082 95.17
31.2928559682 95.18
31.7480210394 95.19
32.209806639 95.19
32.6783090648 95.20
33.1536260154 95.20
33.6358566101 95.20
34.1251014105 95.19
34.6214624402 95.18
35.1250432075 95.17
35.6359487256 95.17
36.1542855356 95.17
36.6801617282 95.16
37.2136869661 95.15
37.7549725073 95.15
38.3041312279 95.14
38.8612776461 95.12
39.4265279456 95.11
40 95.11
40.5818133975 95.11
41.1720894657 95.12
41.7709512971 95.12
42.3785237744 95.12
42.9949335968 95.11
43.6203093066 95.11
44.2547813156 95.11
44.8984819324 95.10
45.5515453903 95.09
46.2141078749 95.08
46.8863075528 95.07
47.5682846001 95.05
48.260181232 95.03
48.9621417322 95.01
49.6743124829 94.99
50.3968419958 94.97
51.1298809424 94.96
51.873582186 94.96
52.6281008133 94.94
53.3935941668 94.93
54.1702218775 94.92
54.9581458983 94.90
55.757530538 94.89
56.5685424949 94.86
57.3913508924 94.84
58.2261273137 94.82
59.0730458376 94.80
59.9322830751 94.78
60.804018206 94.76
61.6884330163 94.73
62.5857119363 94.71
63.4960420787 94.69
64.419613278 94.66
65.3566181296 94.63
66.3072520307 94.60
67.2717132203 94.57
68.2502028209 94.54
69.2429248805 94.51
70.2500864149 94.48
71.2718974512 94.44
72.3085710713 94.41
73.3603234564 94.38
74.4273739322 94.35
75.5099450145 94.31
76.6082624559 94.27
77.7225552923 94.23
78.8530558912 94.19
80 94.16
81.163626795 94.12
82.3441789315 94.08
83.5419025942 94.05
84.7570475487 94.01
85.9898671937 93.97
87.2406186132 93.93
88.5095626311 93.88
89.7969638648 93.85
91.1030907805 93.81
92.4282157498 93.76
93.7726151055 93.72
95.1365692002 93.67
96.520362464 93.63
97.9242834644 93.59
99.3486249659 93.54
100.7936839916 93.49
102.2597618848 93.44
103.7471643721 93.39
105.2562016267 93.34
106.7871883336 93.30
108.340443755 93.24
109.9162917966 93.19
111.5150610759 93.14
113.1370849898 93.09
114.7827017849 93.04
116.4522546274 92.98
118.1460916752 92.93
119.8645661501 92.88
121.6080364119 92.82
123.3768660326 92.76
125.1714238726 92.71
126.9920841575 92.65
128.8392265559 92.59
130.7132362593 92.53
132.6145040614 92.47
134.5434264406 92.41
136.5004056418 92.34
138.485849761 92.28
140.5001728299 92.22
142.5437949025 92.16
144.6171421426 92.09
146.7206469127 92.03
148.8547478643 91.97
151.0198900291 91.90
153.2165249118 91.84
155.4451105846 91.77
157.7061117824 91.71
160 91.64
162.32725359 91.58
164.688357863 91.52
167.0838051884 91.45
169.5140950975 91.39
171.9797343873 91.32
174.4812372264 91.26
177.0191252622 91.20
179.5939277295 91.14
182.2061815611 91.08
184.8564314996 91.01
187.5452302111 90.94
190.2731384004 90.88
193.0407249281 90.82
195.8485669287 90.75
198.6972499318 90.68
201.5873679832 90.61
204.5195237697 90.54
207.4943287442 90.47
210.5124032534 90.40
213.5743766672 90.33
216.6808875099 90.27
219.8325835933 90.20
223.0301221518 90.12
226.2741699797 90.05
229.5654035698 89.98
232.9045092548 89.91
236.2921833503 89.84
239.7291323003 89.77
243.2160728239 89.70
246.7537320653 89.63
250.3428477452 89.55
253.9841683149 89.48
257.6784531119 89.41
261.4264725186 89.35
265.2290081229 89.28
269.0868528812 89.21
273.0008112836 89.14
276.971699522 89.07
281.0003456597 89.00
285.0875898049 88.94
289.2342842852 88.87
293.4412938255 88.80
297.7094957287 88.74
302.0397800581 88.67
306.4330498235 88.60
310.8902211692 88.53
315.4122235649 88.46
320 88.40
324.65450718 88.34
329.3767157259 88.27
334.1676103768 88.21
339.028190195 88.15
343.9594687746 88.09
348.9624744529 88.03
354.0382505244 87.97
359.187855459 87.91
364.4123631221 87.85
369.7128629991 87.79
375.0904604222 87.73
380.5462768009 87.67
386.0814498562 87.62
391.6971338575 87.56
397.3944998635 87.51
403.1747359664 87.45
409.0390475393 87.40
414.9886574883 87.35
421.0248065068 87.31
427.1487533344 87.28
433.3617750198 87.25
439.6651671866 87.22
446.0602443037 87.19
452.5483399594 87.16
459.1308071395 87.12
465.8090185095 87.09
472.5843667007 87.05
479.4582646005 87.01
486.4321456477 86.97
493.5074641306 86.94
500.6856954905 86.90
507.9683366298 86.86
515.3569062238 86.82
522.8529450372 86.77
530.4580162458 86.72
538.1737057624 86.67
546.0016225673 86.60
553.9433990439 86.52
562.0006913195 86.43
570.1751796098 86.34
578.4685685703 86.25
586.882587651 86.18
595.4189914574 86.11
604.0795601163 86.05
612.8660996471 86.01
621.7804423383 85.98
630.8244471297 85.97
640 85.96
649.30901436 85.95
658.7534314519 85.95
668.3352207536 85.96
678.05638039 85.97
687.9189375493 85.98
697.9249489058 85.99
708.0765010489 86.01
718.375710918 86.03
728.8247262443 86.05
739.4257259983 86.08
750.1809208443 86.11
761.0925536018 86.15
772.1628997124 86.19
783.394267715 86.23
794.7889997271 86.28
806.3494719327 86.33
818.0780950787 86.38
829.9773149767 86.44
842.0496130136 86.51
854.2975066688 86.58
866.7235500396 86.66
879.3303343732 86.75
892.1204886074 86.84
905.0966799188 86.93
918.2616142791 87.04
931.618037019 87.15
945.1687334013 87.27
958.9165292011 87.40
972.8642912955 87.53
987.0149282611 87.68
1001.371390981 87.82
1015.9366732597 87.96
1030.7138124476 88.10
1045.7058900743 88.24
1060.9160324916 88.39
1076.3474115248 88.55
1092.0032451345 88.70
1107.8867980879 88.86
1124.0013826389 89.01
1140.3503592197 89.17
1156.9371371406 89.32
1173.765175302 89.47
1190.8379829148 89.62
1208.1591202326 89.77
1225.7321992942 89.92
1243.5608846767 90.06
1261.6488942595 90.20
1280 90.34
1298.6180287201 90.47
1317.5068629037 90.60
1336.6704415071 90.72
1356.1127607799 90.84
1375.8378750985 90.95
1395.8498978116 91.05
1416.1530020977 91.15
1436.751421836 91.25
1457.6494524886 91.34
1478.8514519966 91.42
1500.3618416887 91.50
1522.1851072035 91.59
1544.3257994247 91.66
1566.78853543 91.74
1589.5779994541 91.81
1612.6989438655 91.89
1636.1561901574 91.97
1659.9546299533 92.06
1684.0992260271 92.14
1708.5950133377 92.23
1733.4471000793 92.31
1758.6606687464 92.40
1784.2409772148 92.50
1810.1933598376 92.59
1836.5232285581 92.68
1863.2360740381 92.78
1890.3374668026 92.87
1917.8330584022 92.97
1945.7285825909 93.06
1974.0298565222 93.16
2002.742781962 93.26
2031.8733465194 93.36
2061.4276248951 93.47
2091.4117801487 93.60
2121.8320649832 93.75
2152.6948230496 93.91
2184.0064902691 94.09
2215.7735961758 94.27
2248.0027652779 94.46
2280.7007184393 94.66
2313.8742742813 94.86
2347.530350604 95.05
2381.6759658296 95.23
2416.3182404652 95.40
2451.4643985884 95.56
2487.1217693533 95.69
2523.297788519 95.81
2560.0000000001 95.90
2597.2360574402 95.95
2635.0137258074 95.98
2673.3408830143 95.96
2712.2255215599 95.91
2751.6757501971 95.82
2791.6997956232 95.70
2832.3060041955 95.54
2873.5028436721 95.37
2915.2989049772 95.17
2957.7029039931 94.96
3000.7236833774 94.73
3044.3702144071 94.51
3088.6515988494 94.29
3133.57707086 94.07
3179.1559989082 93.87
3225.397887731 93.69
3272.3123803148 93.53
3319.9092599067 93.39
3368.1984520542 93.27
3417.1900266754 93.18
3466.8942001586 93.12
3517.3213374928 93.10
3568.4819544296 93.12
3620.3867196753 93.18
3673.0464571163 93.27
3726.4721480761 93.39
3780.6749336053 93.53
3835.6661168044 93.68
3891.4571651819 93.83
3948.0597130445 93.97
4005.4855639241 94.08
4063.7466930387 94.16
4122.8552497902 94.23
4182.8235602974 94.30
4243.6641299665 94.39
4305.3896460992 94.50
4368.0129805382 94.65
4431.5471923516 94.84
4496.0055305558 95.07
4561.4014368787 95.35
4627.7485485626 95.67
4695.0607012081 96.02
4763.3519316592 96.39
4832.6364809305 96.77
4902.9287971769 97.12
4974.2435387067 97.43
5046.595577038 97.63
5120.0000000002 97.73
5194.4721148803 97.70
5270.0274516149 97.53
5346.6817660286 97.26
5424.4510431198 96.92
5503.3515003942 96.55
5583.3995912463 96.21
5664.6120083911 95.96
5747.0056873442 95.81
5830.5978099545 95.80
5915.4058079863 95.94
6001.4473667548 96.25
6088.7404288142 96.75
6177.3031976989 97.39
6267.1541417201 98.14
6358.3119978165 98.93
6450.795775462 99.71
6544.6247606297 100.40
6639.8185198134 100.94
6736.3969041085 101.31
6834.3800533509 101.50
6933.7884003172 101.57
7034.6426749857 101.57
7136.9639088592 101.57
7240.7734393506 101.59
7346.0929142326 101.64
7452.9442961523 101.72
7561.3498672106 101.79
7671.3322336089 101.81
7782.9143303638 101.75
7896.119426089 101.57
8010.9711278481 101.24
8127.4933860775 100.74
8245.7104995805 100.11
8365.6471205948 99.39
8487.328259933 98.63
8610.7792921984 97.87
8736.0259610765 97.12
8863.0943847033 96.40
8992.0110611117 95.73
9122.8028737575 95.13
9255.4970971253 94.62
9390.1214024162 94.18
9526.7038633184 93.75
9665.272961861 93.31
9805.8575943538 92.78
9948.4870774134 92.15
10093.191154076 91.44
10240.0000000005 90.81
10388.9442297607 90.37
10540.0549032298 90.11
10693.3635320572 89.84
10848.9020862397 89.41
11006.7030007884 88.74
11166.7991824927 87.82
11329.2240167822 86.66
11494.0113746885 85.39
11661.1956199091 84.14
11830.8116159726 83.06
12002.8947335097 82.30
12177.4808576284 81.77
12354.6063953979 81.49
12534.3082834402 81.20
12716.6239956331 80.91
12901.5915509241 80.95
13089.2495212594 81.22
13279.637039627 81.62
13472.7938082171 81.92
13668.7601067018 81.89
13867.5768006344 81.50
14069.2853499715 80.77
14273.9278177184 79.80
14481.5468787012 78.59
14692.1858284653 77.15
14905.8885923047 75.55
15122.6997344212 73.84
15342.6644672179 72.15
15565.8286607277 70.71
15792.2388521781 69.91
16021.9422556964 69.89
16254.9867721551 69.88
16491.4209991611 69.16
16731.2942411897 68.57
16974.656519866 68.43
17221.5585843969 68.05
17472.0519221531 67.75
17726.1887694067 67.74
17984.0221222235 67.96
18245.605747515 68.40
18510.9941942506 70.12
18780.2428048326 72.56
19053.4077266369 73.58
19330.545923722 72.92
19611.7151887077 71.33
19896.9741548268 69.87
20186.382308152 69.46
