20 104.35
20.2909066988 104.35
20.5860447329 104.34
20.8854756485 104.33
21.1892618872 104.32
21.4974667984 104.31
21.8101546533 104.29
22.1273906578 104.27
22.4492409662 104.25
22.7757726951 104.24
23.1070539374 104.23
23.4431537764 104.21
23.7841423001 104.20
24.130090616 104.18
24.4810708661 104.16
24.8371562415 104.13
25.1984209979 104.11
25.5649404712 104.10
25.936791093 104.09
26.3140504067 104.07
26.6967970834 104.05
27.0851109387 104.03
27.4790729492 104.00
27.878765269 103.97
28.2842712475 103.95
28.6956754462 103.93
29.1130636568 103.91
29.5365229188 103.89
29.9661415375 103.87
30.402009103 103.84
30.8442165082 103.81
31.2928559682 103.79
31.7480210394 103.76
32.209806639 103.73
32.6783090648 103.70
33.1536260154 103.67
33.6358566101 103.63
34.1251014105 103.60
34.6214624402 103.57
35.1250432075 103.54
35.6359487256 103.51
36.1542855356 103.47
36.6801617282 103.44
37.2136869661 103.40
37.7549725073 103.37
38.3041312279 103.34
38.8612776461 103.30
39.4265279456 103.25
40 103.21
40.5818133975 103.17
41.1720894657 103.14
41.7709512971 103.11
42.3785237744 103.07
42.9949335968 103.03
43.6203093066 102.98
44.2547813156 102.94
44.8984819324 102.90
45.5515453903 102.85
46.2141078749 102.81
46.8863075528 102.76
47.5682846001 102.71
48.260181232 102.67
48.9621417322 102.62
49.6743124829 102.57
50.3968419958 102.52
51.1298809424 102.48
51.873582186 102.43
52.6281008133 102.38
53.3935941668 102.33
54.1702218775 102.28
54.9581458983 102.23
55.757530538 102.19
56.5685424949 102.14
57.3913508924 102.10
58.2261273137 102.04
59.0730458376 101.99
59.9322830751 101.93
60.804018206 101.88
61.6884330163 101.83
62.5857119363 101.77
63.4960420787 101.71
64.419613278 101.66
65.3566181296 101.60
66.3072520307 101.54
67.2717132203 101.48
68.2502028209 101.42
69.2429248805 101.36
70.2500864149 101.30
71.2718974512 101.23
72.3085710713 101.16
73.3603234564 101.10
74.4273739322 101.03
75.5099450145 100.97
76.6082624559 100.91
77.7225552923 100.84
78.8530558912 100.77
80 100.70
81.163626795 100.64
82.3441789315 100.57
83.5419025942 100.50
84.7570475487 100.43
85.9898671937 100.37
87.2406186132 100.30
88.5095626311 100.23
89.7969638648 100.16
91.1030907805 100.09
92.4282157498 100.01
93.7726151055 99.94
95.1365692002 99.86
96.520362464 99.79
97.9242834644 99.72
99.3486249659 99.65
100.7936839916 99.57
102.2597618848 99.49
103.7471643721 99.42
105.2562016267 99.34
106.7871883336 99.27
108.340443755 99.19
109.9162917966 99.11
111.5150610759 99.03
113.1370849898 98.95
114.7827017849 98.87
116.4522546274 98.79
118.1460916752 98.71
119.8645661501 98.62
121.6080364119 98.54
123.3768660326 98.46
125.1714238726 98.38
126.9920841575 98.30
128.8392265559 98.21
130.7132362593 98.13
132.6145040614 98.04
134.5434264406 97.95
136.5004056418 97.87
138.485849761 97.78
140.5001728299 97.70
142.5437949025 97.61
144.6171421426 97.52
146.7206469127 97.43
148.8547478643 97.34
151.0198900291 97.25
153.2165249118 97.16
155.4451105846 97.07
157.7061117824 96.98
160 96.90
162.32725359 96.81
164.688357863 96.72
167.0838051884 96.64
169.5140950975 96.56
171.9797343873 96.47
174.4812372264 96.38
177.0191252622 96.29
179.5939277295 96.21
182.2061815611 96.12
184.8564314996 96.04
187.5452302111 95.95
190.2731384004 95.86
193.0407249281 95.77
195.8485669287 95.69
198.6972499318 95.60
201.5873679832 95.51
204.5195237697 95.41
207.4943287442 95.32
210.5124032534 95.23
213.5743766672 95.14
216.6808875099 95.05
219.8325835933 94.96
223.0301221518 94.87
226.2741699797 94.78
229.5654035698 94.69
232.9045092548 94.59
236.2921833503 94.50
239.7291323003 94.41
243.2160728239 94.31
246.7537320653 94.23
250.3428477452 94.14
253.9841683149 94.05
257.6784531119 93.96
261.4264725186 93.87
265.2290081229 93.78
269.0868528812 93.69
273.0008112836 93.60
276.971699522 93.51
281.0003456597 93.42
285.0875898049 93.33
289.2342842852 93.25
293.4412938255 93.16
297.7094957287 93.07
302.0397800581 92.98
306.4330498235 92.90
310.8902211692 92.81
315.4122235649 92.72
320 92.64
324.65450718 92.56
329.3767157259 92.47
334.1676103768 92.39
339.028190195 92.30
343.9594687746 92.22
348.9624744529 92.15
354.0382505244 92.07
359.187855459 91.99
364.4123631221 91.90
369.7128629991 91.82
375.0904604222 91.75
380.5462768009 91.67
386.0814498562 91.59
391.6971338575 91.52
397.3944998635 91.45
403.1747359664 91.38
409.0390475393 91.32
414.9886574883 91.26
421.0248065068 91.20
427.1487533344 91.15
433.3617750198 91.09
439.6651671866 91.04
446.0602443037 90.98
452.5483399594 90.92
459.1308071395 90.86
465.8090185095 90.81
472.5843667007 90.75
479.4582646005 90.69
486.4321456477 90.64
493.5074641306 90.58
500.6856954905 90.52
507.9683366298 90.47
515.3569062238 90.43
522.8529450372 90.38
530.4580162458 90.33
538.1737057624 90.28
546.0016225673 90.24
553.9433990439 90.19
562.0006913195 90.15
570.1751796098 90.11
578.4685685703 90.07
586.882587651 90.04
595.4189914574 90.01
604.0795601163 89.98
612.8660996471 89.95
621.7804423383 89.93
630.8244471297 89.90
640 89.88
649.30901436 89.86
658.7534314519 89.84
668.3352207536 89.83
678.05638039 89.82
687.9189375493 89.82
697.9249489058 89.82
708.0765010489 89.83
718.375710918 89.83
728.8247262443 89.85
739.4257259983 89.86
750.1809208443 89.88
761.0925536018 89.91
772.1628997124 89.94
783.394267715 89.98
794.7889997271 90.02
806.3494719327 90.07
818.0780950787 90.12
829.9773149767 90.17
842.0496130136 90.23
854.2975066688 90.30
866.7235500396 90.38
879.3303343732 90.46
892.1204886074 90.56
905.0966799188 90.66
918.2616142791 90.77
931.618037019 90.89
945.1687334013 91.02
958.9165292011 91.16
972.8642912955 91.30
987.0149282611 91.45
1001.371390981 91.61
1015.9366732597 91.79
1030.7138124476 91.97
1045.7058900743 92.15
1060.9160324916 92.33
1076.3474115248 92.50
1092.0032451345 92.67
1107.8867980879 92.84
1124.0013826389 93.04
1140.3503592197 93.25
1156.9371371406 93.44
1173.765175302 93.61
1190.8379829148 93.70
1208.1591202326 93.77
1225.7321992942 93.85
1243.5608846767 93.96
1261.6488942595 94.15
1280 94.36
1298.6180287201 94.60
1317.5068629037 94.84
1336.6704415071 95.09
1356.1127607799 95.33
1375.8378750985 95.56
1395.8498978116 95.79
1416.1530020977 96.02
1436.751421836 96.25
1457.6494524886 96.49
1478.8514519966 96.74
1500.3618416887 96.99
1522.1851072035 97.25
1544.3257994247 97.50
1566.78853543 97.76
1589.5779994541 98.02
1612.6989438655 98.28
1636.1561901574 98.54
1659.9546299533 98.80
1684.0992260271 99.05
1708.5950133377 99.29
1733.4471000793 99.52
1758.6606687464 99.74
1784.2409772148 99.94
1810.1933598376 100.12
1836.5232285581 100.27
1863.2360740381 100.41
1890.3374668026 100.52
1917.8330584022 100.61
1945.7285825909 100.66
1974.0298565222 100.70
2002.742781962 100.70
2031.8733465194 100.67
2061.4276248951 100.62
2091.4117801487 100.54
2121.8320649832 100.45
2152.6948230496 100.33
2184.0064902691 100.19
2215.7735961758 100.04
2248.0027652779 99.87
2280.7007184393 99.68
2313.8742742813 99.49
2347.530350604 99.29
2381.6759658296 99.08
2416.3182404652 98.88
2451.4643985884 98.68
2487.1217693533 98.51
2523.297788519 98.36
2560.0000000001 98.23
2597.2360574402 98.14
2635.0137258074 98.09
2673.3408830143 98.08
2712.2255215599 98.09
2751.6757501971 98.15
2791.6997956232 98.25
2832.3060041955 98.38
2873.5028436721 98.53
2915.2989049772 98.71
2957.7029039931 98.91
3000.7236833774 99.12
3044.3702144071 99.32
3088.6515988494 99.49
3133.57707086 99.62
3179.1559989082 99.69
3225.397887731 99.66
3272.3123803148 99.52
3319.9092599067 99.25
3368.1984520542 98.83
3417.1900266754 98.26
3466.8942001586 97.56
3517.3213374928 96.75
3568.4819544296 95.83
3620.3867196753 94.84
3673.0464571163 93.79
3726.4721480761 92.69
3780.6749336053 91.57
3835.6661168044 90.42
3891.4571651819 89.28
3948.0597130445 88.13
4005.4855639241 87.07
4063.7466930387 86.15
4122.8552497902 85.46
4182.8235602974 85.11
4243.6641299665 85.14
4305.3896460992 85.53
4368.0129805382 86.20
4431.5471923516 87.04
4496.0055305558 87.95
4561.4014368787 88.89
4627.7485485626 89.80
4695.0607012081 90.66
4763.3519316592 91.45
4832.6364809305 92.18
4902.9287971769 92.82
4974.2435387067 93.38
5046.595577038 93.82
5120.0000000002 94.17
5194.4721148803 94.41
5270.0274516149 94.56
5346.6817660286 94.62
5424.4510431198 94.60
5503.3515003942 94.51
5583.3995912463 94.36
5664.6120083911 94.17
5747.0056873442 93.97
5830.5978099545 93.76
5915.4058079863 93.55
6001.4473667548 93.35
6088.7404288142 93.17
6177.3031976989 93.01
6267.1541417201 92.88
6358.3119978165 92.80
6450.795775462 92.77
6544.6247606297 92.79
6639.8185198134 92.87
6736.3969041085 93.03
6834.3800533509 93.26
6933.7884003172 93.57
7034.6426749857 93.96
7136.9639088592 94.46
7240.7734393506 95.06
7346.0929142326 95.75
7452.9442961523 96.53
7561.3498672106 97.35
7671.3322336089 98.15
7782.9143303638 98.82
7896.119426089 99.26
8010.9711278481 99.33
8127.4933860775 99.03
8245.7104995805 98.44
8365.6471205948 97.71
8487.328259933 97.01
8610.7792921984 96.41
8736.0259610765 95.96
8863.0943847033 95.63
8992.0110611117 95.33
9122.8028737575 94.91
9255.4970971253 94.20
9390.1214024162 93.12
9526.7038633184 91.72
9665.272961861 90.18
9805.8575943538 88.64
9948.4870774134 87.23
10093.191154076 86.03
10240.0000000005 85.04
10388.9442297607 84.26
10540.0549032298 83.69
10693.3635320572 83.28
10848.9020862397 83.03
11006.7030007884 82.94
11166.7991824927 82.94
11329.2240167822 82.98
11494.0113746885 83.11
11661.1956199091 83.49
11830.8116159726 84.01
12002.8947335097 84.69
12177.4808576284 85.47
12354.6063953979 86.35
12534.3082834402 87.26
12716.6239956331 88.15
12901.5915509241 88.93
13089.2495212594 89.64
13279.637039627 90.16
13472.7938082171 90.48
13668.7601067018 90.67
13867.5768006344 90.80
14069.2853499715 90.91
14273.9278177184 90.97
14481.5468787012 90.74
14692.1858284653 89.96
14905.8885923047 88.66
15122.6997344212 86.95
15342.6644672179 85.00
15565.8286607277 83.00
15792.2388521781 81.13
16021.9422556964 79.49
16254.9867721551 78.13
16491.4209991611 76.99
16731.2942411897 76.00
16974.656519866 75.22
17221.5585843969 74.73
17472.0519221531 74.62
17726.1887694067 75.14
17984.0221222235 76.16
18245.605747515 77.11
18510.9941942506 77.67
18780.2428048326 77.60
19053.4077266369 76.83
19330.545923722 75.39
19611.7151887077 73.57
19896.9741548268 72.21
20186.382308152 71.88
