20 84.42
20.2909066988 84.42
20.5860447329 84.46
20.8854756485 84.52
21.1892618872 84.57
21.4974667984 84.63
21.8101546533 84.68
22.1273906578 84.73
22.4492409662 84.78
22.7757726951 84.85
23.1070539374 84.92
23.4431537764 84.99
23.7841423001 85.07
24.130090616 85.14
24.4810708661 85.20
24.8371562415 85.26
25.1984209979 85.31
25.5649404712 85.37
25.936791093 85.43
26.3140504067 85.49
26.6967970834 85.55
27.0851109387 85.59
27.4790729492 85.64
27.878765269 85.69
28.2842712475 85.76
28.6956754462 85.85
29.1130636568 85.93
29.5365229188 86.00
29.9661415375 86.06
30.402009103 86.11
30.8442165082 86.16
31.2928559682 86.22
31.7480210394 86.29
32.209806639 86.35
32.6783090648 86.41
33.1536260154 86.46
33.6358566101 86.52
34.1251014105 86.58
34.6214624402 86.63
35.1250432075 86.68
35.6359487256 86.73
36.1542855356 86.79
36.6801617282 86.84
37.2136869661 86.90
37.7549725073 86.95
38.3041312279 87.00
38.8612776461 87.05
39.4265279456 87.10
40 87.14
40.5818133975 87.18
41.1720894657 87.22
41.7709512971 87.26
42.3785237744 87.30
42.9949335968 87.34
43.6203093066 87.38
44.2547813156 87.41
44.8984819324 87.44
45.5515453903 87.48
46.2141078749 87.52
46.8863075528 87.55
47.5682846001 87.59
48.260181232 87.62
48.9621417322 87.64
49.6743124829 87.67
50.3968419958 87.70
51.1298809424 87.74
51.873582186 87.77
52.6281008133 87.79
53.3935941668 87.82
54.1702218775 87.84
54.9581458983 87.87
55.757530538 87.90
56.5685424949 87.92
57.3913508924 87.93
58.2261273137 87.95
59.0730458376 87.97
59.9322830751 87.99
60.804018206 88.00
61.6884330163 88.01
62.5857119363 88.01
63.4960420787 88.02
64.419613278 88.03
65.3566181296 88.03
66.3072520307 88.03
67.2717132203 88.03
68.2502028209 88.03
69.2429248805 88.03
70.2500864149 88.02
71.2718974512 88.02
72.3085710713 88.01
73.3603234564 88.00
74.4273739322 87.99
75.5099450145 87.97
76.6082624559 87.96
77.7225552923 87.94
78.8530558912 87.92
80 87.90
81.163626795 87.88
82.3441789315 87.86
83.5419025942 87.83
84.7570475487 87.80
85.9898671937 87.78
87.2406186132 87.75
88.5095626311 87.71
89.7969638648 87.68
91.1030907805 87.64
92.4282157498 87.60
93.7726151055 87.57
95.1365692002 87.53
96.520362464 87.49
97.9242834644 87.45
99.3486249659 87.40
100.7936839916 87.35
102.2597618848 87.30
103.7471643721 87.24
105.2562016267 87.18
106.7871883336 87.12
108.340443755 87.06
109.9162917966 86.99
111.5150610759 86.93
113.1370849898 86.86
114.7827017849 86.78
116.4522546274 86.71
118.1460916752 86.64
119.8645661501 86.56
121.6080364119 86.48
123.3768660326 86.40
125.1714238726 86.31
126.9920841575 86.22
128.8392265559 86.13
130.7132362593 86.03
132.6145040614 85.93
134.5434264406 85.83
136.5004056418 85.73
138.485849761 85.62
140.5001728299 85.52
142.5437949025 85.41
144.6171421426 85.29
146.7206469127 85.18
148.8547478643 85.06
151.0198900291 84.94
153.2165249118 84.81
155.4451105846 84.69
157.7061117824 84.56
160 84.43
162.32725359 84.30
164.688357863 84.17
167.0838051884 84.03
169.5140950975 83.89
171.9797343873 83.75
174.4812372264 83.61
177.0191252622 83.46
179.5939277295 83.31
182.2061815611 83.16
184.8564314996 83.00
187.5452302111 82.85
190.2731384004 82.70
193.0407249281 82.54
195.8485669287 82.37
198.6972499318 82.21
201.5873679832 82.04
204.5195237697 81.86
207.4943287442 81.68
210.5124032534 81.49
213.5743766672 81.31
216.6808875099 81.12
219.8325835933 80.93
223.0301221518 80.75
226.2741699797 80.55
229.5654035698 80.36
232.9045092548 80.17
236.2921833503 79.98
239.7291323003 79.79
243.2160728239 79.60
246.7537320653 79.42
250.3428477452 79.23
253.9841683149 79.04
257.6784531119 78.85
261.4264725186 78.66
265.2290081229 78.46
269.0868528812 78.28
273.0008112836 78.09
276.971699522 77.92
281.0003456597 77.74
285.0875898049 77.57
289.2342842852 77.40
293.4412938255 77.24
297.7094957287 77.08
302.0397800581 76.93
306.4330498235 76.79
310.8902211692 76.65
315.4122235649 76.52
320 76.40
324.65450718 76.29
329.3767157259 76.19
334.1676103768 76.09
339.028190195 76.01
343.9594687746 75.93
348.9624744529 75.86
354.0382505244 75.80
359.187855459 75.76
364.4123631221 75.72
369.7128629991 75.69
375.0904604222 75.67
380.5462768009 75.66
386.0814498562 75.65
391.6971338575 75.65
397.3944998635 75.67
403.1747359664 75.69
409.0390475393 75.72
414.9886574883 75.75
421.0248065068 75.78
427.1487533344 75.81
433.3617750198 75.85
439.6651671866 75.90
446.0602443037 75.95
452.5483399594 76.01
459.1308071395 76.06
465.8090185095 76.12
472.5843667007 76.18
479.4582646005 76.24
486.4321456477 76.31
493.5074641306 76.38
500.6856954905 76.45
507.9683366298 76.52
515.3569062238 76.59
522.8529450372 76.66
530.4580162458 76.74
538.1737057624 76.81
546.0016225673 76.88
553.9433990439 76.95
562.0006913195 77.01
570.1751796098 77.08
578.4685685703 77.14
586.882587651 77.20
595.4189914574 77.27
604.0795601163 77.34
612.8660996471 77.41
621.7804423383 77.48
630.8244471297 77.54
640 77.61
649.30901436 77.67
658.7534314519 77.74
668.3352207536 77.81
678.05638039 77.88
687.9189375493 77.95
697.9249489058 78.03
708.0765010489 78.10
718.375710918 78.16
728.8247262443 78.23
739.4257259983 78.30
750.1809208443 78.37
761.0925536018 78.44
772.1628997124 78.51
783.394267715 78.59
794.7889997271 78.66
806.3494719327 78.73
818.0780950787 78.80
829.9773149767 78.88
842.0496130136 78.96
854.2975066688 79.04
866.7235500396 79.13
879.3303343732 79.23
892.1204886074 79.33
905.0966799188 79.44
918.2616142791 79.56
931.618037019 79.68
945.1687334013 79.81
958.9165292011 79.95
972.8642912955 80.09
987.0149282611 80.23
1001.371390981 80.38
1015.9366732597 80.51
1030.7138124476 80.64
1045.7058900743 80.77
1060.9160324916 80.90
1076.3474115248 81.02
1092.0032451345 81.15
1107.8867980879 81.28
1124.0013826389 81.41
1140.3503592197 81.54
1156.9371371406 81.67
1173.765175302 81.81
1190.8379829148 81.94
1208.1591202326 82.07
1225.7321992942 82.20
1243.5608846767 82.33
1261.6488942595 82.47
1280 82.60
1298.6180287201 82.74
1317.5068629037 82.87
1336.6704415071 83.00
1356.1127607799 83.13
1375.8378750985 83.26
1395.8498978116 83.38
1416.1530020977 83.48
1436.751421836 83.58
1457.6494524886 83.66
1478.8514519966 83.72
1500.3618416887 83.77
1522.1851072035 83.81
1544.3257994247 83.84
1566.78853543 83.89
1589.5779994541 83.96
1612.6989438655 84.05
1636.1561901574 84.16
1659.9546299533 84.29
1684.0992260271 84.44
1708.5950133377 84.62
1733.4471000793 84.81
1758.6606687464 85.01
1784.2409772148 85.22
1810.1933598376 85.43
1836.5232285581 85.64
1863.2360740381 85.85
1890.3374668026 86.07
1917.8330584022 86.30
1945.7285825909 86.53
1974.0298565222 86.76
2002.742781962 87.00
2031.8733465194 87.25
2061.4276248951 87.52
2091.4117801487 87.80
2121.8320649832 88.10
2152.6948230496 88.40
2184.0064902691 88.71
2215.7735961758 89.03
2248.0027652779 89.35
2280.7007184393 89.68
2313.8742742813 90.01
2347.530350604 90.34
2381.6759658296 90.68
2416.3182404652 91.03
2451.4643985884 91.38
2487.1217693533 91.74
2523.297788519 92.09
2560.0000000001 92.43
2597.2360574402 92.73
2635.0137258074 93.00
2673.3408830143 93.21
2712.2255215599 93.39
2751.6757501971 93.52
2791.6997956232 93.62
2832.3060041955 93.68
2873.5028436721 93.71
2915.2989049772 93.73
2957.7029039931 93.71
3000.7236833774 93.66
3044.3702144071 93.58
3088.6515988494 93.48
3133.57707086 93.35
3179.1559989082 93.19
3225.397887731 93.01
3272.3123803148 92.80
3319.9092599067 92.58
3368.1984520542 92.36
3417.1900266754 92.15
3466.8942001586 91.94
3517.3213374928 91.75
3568.4819544296 91.56
3620.3867196753 91.37
3673.0464571163 91.18
3726.4721480761 90.98
3780.6749336053 90.79
3835.6661168044 90.59
3891.4571651819 90.41
3948.0597130445 90.23
4005.4855639241 90.04
4063.7466930387 89.85
4122.8552497902 89.66
4182.8235602974 89.48
4243.6641299665 89.31
4305.3896460992 89.19
4368.0129805382 89.11
4431.5471923516 89.08
4496.0055305558 89.06
4561.4014368787 89.04
4627.7485485626 88.99
4695.0607012081 88.88
4763.3519316592 88.70
4832.6364809305 88.48
4902.9287971769 88.24
4974.2435387067 88.00
5046.595577038 87.79
5120.0000000002 87.59
5194.4721148803 87.40
5270.0274516149 87.22
5346.6817660286 87.05
5424.4510431198 86.88
5503.3515003942 86.72
5583.3995912463 86.53
5664.6120083911 86.32
5747.0056873442 86.07
5830.5978099545 85.81
5915.4058079863 85.52
6001.4473667548 85.22
6088.7404288142 84.94
6177.3031976989 84.69
6267.1541417201 84.46
6358.3119978165 84.27
6450.795775462 84.13
6544.6247606297 84.04
6639.8185198134 84.01
6736.3969041085 84.03
6834.3800533509 84.09
6933.7884003172 84.22
7034.6426749857 84.43
7136.9639088592 84.75
7240.7734393506 85.19
7346.0929142326 85.76
7452.9442961523 86.45
7561.3498672106 87.23
7671.3322336089 88.10
7782.9143303638 89.04
7896.119426089 90.02
8010.9711278481 91.01
8127.4933860775 91.95
8245.7104995805 92.79
8365.6471205948 93.49
8487.328259933 94.01
8610.7792921984 94.32
8736.0259610765 94.43
8863.0943847033 94.39
8992.0110611117 94.25
9122.8028737575 94.06
9255.4970971253 93.82
9390.1214024162 93.55
9526.7038633184 93.25
9665.272961861 92.97
9805.8575943538 92.75
9948.4870774134 92.62
10093.191154076 92.57
10240.0000000005 92.54
10388.9442297607 92.48
10540.0549032298 92.37
10693.3635320572 92.21
10848.9020862397 92.03
11006.7030007884 91.86
11166.7991824927 91.73
11329.2240167822 91.67
11494.0113746885 91.65
11661.1956199091 91.64
11830.8116159726 91.53
12002.8947335097 91.23
12177.4808576284 90.74
12354.6063953979 89.94
12534.3082834402 88.96
12716.6239956331 87.83
12901.5915509241 86.63
13089.2495212594 85.43
13279.637039627 84.26
13472.7938082171 83.15
13668.7601067018 82.11
13867.5768006344 81.17
14069.2853499715 80.33
14273.9278177184 79.59
14481.5468787012 79.00
14692.1858284653 78.66
14905.8885923047 78.61
15122.6997344212 78.85
15342.6644672179 79.27
15565.8286607277 79.67
15792.2388521781 79.85
16021.9422556964 79.66
16254.9867721551 79.11
16491.4209991611 78.28
16731.2942411897 77.37
16974.656519866 76.61
17221.5585843969 76.16
17472.0519221531 76.07
17726.1887694067 76.34
17984.0221222235 76.88
18245.605747515 77.57
18510.9941942506 78.26
18780.2428048326 78.79
19053.4077266369 79.07
19330.545923722 79.08
19611.7151887077 78.91
19896.9741548268 78.73
20186.382308152 78.67
