20.000000	108.050
20.290907	108.050
20.586045	108.037
20.885476	108.020
21.189262	108.003
21.497467	107.987
21.810155	107.974
22.127391	107.962
22.449241	107.950
22.775773	107.938
23.107054	107.926
23.443154	107.911
23.784142	107.891
24.130091	107.869
24.481071	107.844
24.837156	107.819
25.198421	107.797
25.564940	107.779
25.936791	107.762
26.314050	107.744
26.696797	107.723
27.085111	107.700
27.479073	107.676
27.878765	107.651
28.284271	107.625
28.695675	107.594
29.113064	107.559
29.536523	107.521
29.966142	107.486
30.402009	107.455
30.844217	107.429
31.292856	107.402
31.748021	107.372
32.209807	107.340
32.678309	107.305
33.153626	107.270
33.635857	107.234
34.125101	107.197
34.621462	107.159
35.125043	107.117
35.635949	107.076
36.154286	107.038
36.680162	107.004
37.213687	106.970
37.754973	106.930
38.304131	106.884
38.861278	106.836
39.426528	106.790
40.000000	106.748
40.581813	106.704
41.172089	106.657
41.770951	106.613
42.378524	106.575
42.994934	106.538
43.620309	106.496
44.254781	106.450
44.898482	106.402
45.551545	106.349
46.214108	106.282
46.886308	106.215
47.568285	106.161
48.260181	106.118
48.962142	106.073
49.674312	106.027
50.396842	105.983
51.129881	105.937
51.873582	105.884
52.628101	105.831
53.393594	105.783
54.170222	105.740
54.958146	105.695
55.757531	105.640
56.568542	105.581
57.391351	105.527
58.226127	105.478
59.073046	105.427
59.932283	105.374
60.804018	105.321
61.688433	105.267
62.585712	105.208
63.496042	105.147
64.419613	105.088
65.356618	105.028
66.307252	104.966
67.271713	104.904
68.250203	104.845
69.242925	104.790
70.250086	104.738
71.271897	104.680
72.308571	104.613
73.360323	104.548
74.427374	104.485
75.509945	104.423
76.608262	104.362
77.722555	104.304
78.853056	104.243
80.000000	104.184
81.163627	104.122
82.344179	104.062
83.541903	104.005
84.757048	103.947
85.989867	103.886
87.240619	103.823
88.509563	103.762
89.796964	103.701
91.103091	103.643
92.428216	103.583
93.772615	103.520
95.136569	103.458
96.520362	103.399
97.924283	103.343
99.348625	103.287
100.793684	103.226
102.259762	103.162
103.747164	103.098
105.256202	103.037
106.787188	102.976
108.340444	102.916
109.916292	102.855
111.515061	102.794
113.137085	102.732
114.782702	102.671
116.452255	102.612
118.146092	102.554
119.864566	102.497
121.608036	102.438
123.376866	102.379
125.171424	102.319
126.992084	102.258
128.839227	102.197
130.713236	102.136
132.614504	102.076
134.543426	102.018
136.500406	101.960
138.485850	101.903
140.500173	101.846
142.543795	101.787
144.617142	101.727
146.720647	101.670
148.854748	101.612
151.019890	101.552
153.216525	101.493
155.445111	101.438
157.706112	101.385
160.000000	101.335
162.327254	101.286
164.688358	101.234
167.083805	101.182
169.514095	101.133
171.979734	101.083
174.481237	101.033
177.019125	100.986
179.593928	100.947
182.206182	100.922
184.856431	100.933
187.545230	100.950
190.273138	100.867
193.040725	100.767
195.848567	100.698
198.697250	100.645
201.587368	100.594
204.519524	100.544
207.494329	100.498
210.512403	100.453
213.574377	100.407
216.680888	100.361
219.832584	100.316
223.030122	100.275
226.274170	100.232
229.565404	100.189
232.904509	100.145
236.292183	100.102
239.729132	100.060
243.216073	100.018
246.753732	99.973
250.342848	99.943
253.984168	99.920
257.678453	99.884
261.426473	99.845
265.229008	99.807
269.086853	99.770
273.000811	99.735
276.971700	99.698
281.000346	99.664
285.087590	99.633
289.234284	99.601
293.441294	99.569
297.709496	99.537
302.039780	99.506
306.433050	99.476
310.890221	99.448
315.412224	99.420
320.000000	99.392
324.654507	99.367
329.376716	99.343
334.167610	99.318
339.028190	99.292
343.959469	99.270
348.962474	99.250
354.038251	99.229
359.187855	99.210
364.412363	99.189
369.712863	99.167
375.090460	99.148
380.546277	99.131
386.081450	99.116
391.697134	99.099
397.394500	99.081
403.174736	99.066
409.039048	99.052
414.988657	99.039
421.024807	99.026
427.148753	99.013
433.361775	99.000
439.665167	98.989
446.060244	98.979
452.548340	98.968
459.130807	98.959
465.809019	98.951
472.584367	98.943
479.458265	98.936
486.432146	98.928
493.507464	98.919
500.685695	98.912
507.968337	98.907
515.356906	98.904
522.852945	98.904
530.458016	98.904
538.173706	98.901
546.001623	98.901
553.943399	98.902
562.000691	98.903
570.175180	98.904
578.468569	98.907
586.882588	98.912
595.418991	98.918
604.079560	98.925
612.866100	98.932
621.780442	98.941
630.824447	98.952
640.000000	98.966
649.309014	98.982
658.753431	99.001
668.335221	99.021
678.056380	99.044
687.918938	99.069
697.924949	99.096
708.076501	99.125
718.375711	99.157
728.824726	99.196
739.425726	99.240
750.180921	99.279
761.092554	99.296
772.162900	99.309
783.394268	99.344
794.789000	99.398
806.349472	99.458
818.078095	99.519
829.977315	99.581
842.049613	99.646
854.297507	99.715
866.723550	99.788
879.330334	99.863
892.120489	99.939
905.096680	100.015
918.261614	100.090
931.618037	100.163
945.168733	100.234
958.916529	100.304
972.864291	100.376
987.014928	100.453
1001.371391	100.535
1015.936673	100.621
1030.713812	100.713
1045.705890	100.812
1060.916032	100.919
1076.347412	101.030
1092.003245	101.146
1107.886798	101.264
1124.001383	101.385
1140.350359	101.506
1156.937137	101.629
1173.765175	101.753
1190.837983	101.876
1208.159120	101.999
1225.732199	102.124
1243.560885	102.251
1261.648894	102.381
1280.000000	102.514
1298.618029	102.643
1317.506863	102.772
1336.670442	102.892
1356.112761	103.006
1375.837875	103.115
1395.849898	103.217
1416.153002	103.317
1436.751422	103.415
1457.649452	103.512
1478.851452	103.610
1500.361842	103.708
1522.185107	103.807
1544.325799	103.909
1566.788535	104.012
1589.577999	104.117
1612.698944	104.228
1636.156190	104.345
1659.954630	104.465
1684.099226	104.586
1708.595013	104.709
1733.447100	104.832
1758.660669	104.955
1784.240977	105.080
1810.193360	105.205
1836.523229	105.330
1863.236074	105.455
1890.337467	105.580
1917.833058	105.704
1945.728583	105.827
1974.029857	105.948
2002.742782	106.067
2031.873347	106.181
2061.427625	106.290
2091.411780	106.395
2121.832065	106.492
2152.694823	106.583
2184.006490	106.669
2215.773596	106.747
2248.002765	106.822
2280.700718	106.892
2313.874274	106.957
2347.530351	107.016
2381.675966	107.072
2416.318240	107.125
2451.464399	107.173
2487.121769	107.219
2523.297789	107.263
2560.000000	107.308
2597.236057	107.349
2635.013726	107.387
2673.340883	107.421
2712.225522	107.453
2751.675750	107.482
2791.699796	107.510
2832.306004	107.537
2873.502844	107.565
2915.298905	107.594
2957.702904	107.624
3000.723683	107.656
3044.370214	107.691
3088.651599	107.732
3133.577071	107.780
3179.155999	107.837
3225.397888	107.905
3272.312380	107.980
3319.909260	108.064
3368.198452	108.154
3417.190027	108.251
3466.894200	108.355
3517.321337	108.464
3568.481954	108.577
3620.386720	108.691
3673.046457	108.802
3726.472148	108.907
3780.674934	108.996
3835.666117	109.069
3891.457165	109.107
3948.059713	109.120
4005.485564	109.075
4063.746693	108.977
4122.855250	108.829
4182.823560	108.648
4243.664130	108.448
4305.389646	108.256
4368.012981	108.094
4431.547192	107.990
4496.005531	107.948
4561.401437	107.984
4627.748549	108.076
4695.060701	108.200
4763.351932	108.303
4832.636481	108.339
4902.928797	108.262
4974.243539	108.087
5046.595577	107.801
5120.000000	107.445
5194.472115	107.035
5270.027452	106.599
5346.681766	106.162
5424.451043	105.725
5503.351500	105.286
5583.399591	104.855
5664.612008	104.448
5747.005687	104.063
5830.597810	103.705
5915.405808	103.376
6001.447367	103.080
6088.740429	102.825
6177.303198	102.607
6267.154142	102.430
6358.311998	102.304
6450.795775	102.225
6544.624761	102.195
6639.818520	102.215
6736.396904	102.287
6834.380053	102.415
6933.788400	102.604
7034.642675	102.858
7136.963909	103.180
7240.773439	103.570
7346.092914	104.021
7452.944296	104.520
7561.349867	105.044
7671.332234	105.554
7782.914330	106.005
7896.119426	106.338
8010.971128	106.482
8127.493386	106.414
8245.710500	106.163
8365.647121	105.803
8487.328260	105.436
8610.779292	105.134
8736.025961	104.919
8863.094385	104.744
8992.011061	104.552
9122.802874	104.286
9255.497097	103.941
9390.121402	103.562
9526.703863	103.203
9665.272962	102.918
9805.857594	102.737
9948.487077	102.686
10093.191154	102.789
10240.000000	103.032
10388.944230	103.410
10540.054903	103.916
10693.363532	104.509
10848.902086	105.154
11006.703001	105.793
11166.799182	106.371
11329.224017	106.817
11494.011375	107.140
11661.195620	107.265
11830.811616	107.277
12002.894734	107.141
12177.480858	106.902
12354.606395	106.445
12534.308283	105.761
12716.623996	104.722
12901.591551	103.302
13089.249521	101.705
13279.637040	99.958
13472.793808	98.126
13668.760107	96.319
13867.576801	94.594
14069.285350	92.998
14273.927818	91.507
14481.546879	90.191
14692.185828	89.051
14905.888592	88.030
15122.699734	87.137
15342.664467	86.384
15565.828661	85.791
15792.238852	85.387
16021.942256	85.243
16254.986772	85.438
16491.420999	85.923
16731.294241	86.621
16974.656520	87.481
17221.558584	88.427
17472.051922	89.377
17726.188769	90.274
17984.022122	91.098
18245.605748	91.892
18510.994194	92.736
18780.242805	93.477
19053.407727	93.592
19330.545924	92.874
19611.715189	91.570
19896.974155	90.272
20186.382308	89.874
