20 94.93
20.2909066988 94.93
20.5860447329 94.95
20.8854756485 94.98
21.1892618872 95.00
21.4974667984 95.02
21.8101546533 95.05
22.1273906578 95.07
22.4492409662 95.10
22.7757726951 95.12
23.1070539374 95.13
23.4431537764 95.14
23.7841423001 95.15
24.130090616 95.16
24.4810708661 95.17
24.8371562415 95.19
25.1984209979 95.20
25.5649404712 95.22
25.936791093 95.23
26.3140504067 95.24
26.6967970834 95.25
27.0851109387 95.26
27.4790729492 95.26
27.878765269 95.26
28.2842712475 95.26
28.6956754462 95.27
29.1130636568 95.27
29.5365229188 95.28
29.9661415375 95.29
30.402009103 95.29
30.8442165082 95.28
31.2928559682 95.28
31.7480210394 95.27
32.209806639 95.27
32.6783090648 95.26
33.1536260154 95.26
33.6358566101 95.25
34.1251014105 95.24
34.6214624402 95.23
35.1250432075 95.22
35.6359487256 95.20
36.1542855356 95.19
36.6801617282 95.18
37.2136869661 95.17
37.7549725073 95.15
38.3041312279 95.14
38.8612776461 95.12
39.4265279456 95.10
40 95.08
40.5818133975 95.05
41.1720894657 95.02
41.7709512971 94.99
42.3785237744 94.97
42.9949335968 94.95
43.6203093066 94.92
44.2547813156 94.89
44.8984819324 94.86
45.5515453903 94.83
46.2141078749 94.79
46.8863075528 94.76
47.5682846001 94.73
48.260181232 94.69
48.9621417322 94.66
49.6743124829 94.62
50.3968419958 94.58
51.1298809424 94.55
51.873582186 94.51
52.6281008133 94.48
53.3935941668 94.44
54.1702218775 94.40
54.9581458983 94.36
55.757530538 94.32
56.5685424949 94.29
57.3913508924 94.25
58.2261273137 94.20
59.0730458376 94.16
59.9322830751 94.11
60.804018206 94.07
61.6884330163 94.02
62.5857119363 93.98
63.4960420787 93.93
64.419613278 93.88
65.3566181296 93.82
66.3072520307 93.77
67.2717132203 93.72
68.2502028209 93.66
69.2429248805 93.60
70.2500864149 93.55
71.2718974512 93.49
72.3085710713 93.43
73.3603234564 93.37
74.4273739322 93.31
75.5099450145 93.25
76.6082624559 93.19
77.7225552923 93.12
78.8530558912 93.06
80 92.99
81.163626795 92.93
82.3441789315 92.86
83.5419025942 92.80
84.7570475487 92.73
85.9898671937 92.66
87.2406186132 92.60
88.5095626311 92.53
89.7969638648 92.46
91.1030907805 92.38
92.4282157498 92.31
93.7726151055 92.23
95.1365692002 92.16
96.520362464 92.09
97.9242834644 92.01
99.3486249659 91.93
100.7936839916 91.85
102.2597618848 91.77
103.7471643721 91.69
105.2562016267 91.61
106.7871883336 91.53
108.340443755 91.45
109.9162917966 91.37
111.5150610759 91.28
113.1370849898 91.19
114.7827017849 91.09
116.4522546274 91.01
118.1460916752 90.92
119.8645661501 90.84
121.6080364119 90.77
123.3768660326 90.69
125.1714238726 90.62
126.9920841575 90.54
128.8392265559 90.46
130.7132362593 90.37
132.6145040614 90.29
134.5434264406 90.21
136.5004056418 90.16
138.485849761 90.14
140.5001728299 90.15
142.5437949025 90.18
144.6171421426 90.22
146.7206469127 90.23
148.8547478643 90.23
151.0198900291 90.20
153.2165249118 90.15
155.4451105846 90.09
157.7061117824 90.03
160 89.95
162.32725359 89.87
164.688357863 89.79
167.0838051884 89.71
169.5140950975 89.62
171.9797343873 89.54
174.4812372264 89.45
177.0191252622 89.37
179.5939277295 89.28
182.2061815611 89.20
184.8564314996 89.12
187.5452302111 89.03
190.2731384004 88.94
193.0407249281 88.85
195.8485669287 88.77
198.6972499318 88.68
201.5873679832 88.59
204.5195237697 88.50
207.4943287442 88.41
210.5124032534 88.32
213.5743766672 88.23
216.6808875099 88.14
219.8325835933 88.05
223.0301221518 87.97
226.2741699797 87.88
229.5654035698 87.79
232.9045092548 87.70
236.2921833503 87.60
239.7291323003 87.51
243.2160728239 87.41
246.7537320653 87.32
250.3428477452 87.24
253.9841683149 87.19
257.6784531119 87.17
261.4264725186 87.18
265.2290081229 87.19
269.0868528812 87.18
273.0008112836 87.14
276.971699522 87.08
281.0003456597 87.00
285.0875898049 86.92
289.2342842852 86.83
293.4412938255 86.74
297.7094957287 86.66
302.0397800581 86.57
306.4330498235 86.49
310.8902211692 86.41
315.4122235649 86.33
320 86.26
324.65450718 86.18
329.3767157259 86.11
334.1676103768 86.03
339.028190195 85.96
343.9594687746 85.89
348.9624744529 85.82
354.0382505244 85.75
359.187855459 85.68
364.4123631221 85.62
369.7128629991 85.55
375.0904604222 85.49
380.5462768009 85.43
386.0814498562 85.36
391.6971338575 85.30
397.3944998635 85.24
403.1747359664 85.18
409.0390475393 85.12
414.9886574883 85.06
421.0248065068 85.00
427.1487533344 84.95
433.3617750198 84.89
439.6651671866 84.84
446.0602443037 84.78
452.5483399594 84.73
459.1308071395 84.67
465.8090185095 84.62
472.5843667007 84.56
479.4582646005 84.51
486.4321456477 84.47
493.5074641306 84.42
500.6856954905 84.37
507.9683366298 84.33
515.3569062238 84.28
522.8529450372 84.24
530.4580162458 84.19
538.1737057624 84.15
546.0016225673 84.12
553.9433990439 84.08
562.0006913195 84.04
570.1751796098 84.00
578.4685685703 83.97
586.882587651 83.94
595.4189914574 83.91
604.0795601163 83.88
612.8660996471 83.85
621.7804423383 83.82
630.8244471297 83.79
640 83.77
649.30901436 83.75
658.7534314519 83.74
668.3352207536 83.73
678.05638039 83.71
687.9189375493 83.70
697.9249489058 83.69
708.0765010489 83.68
718.375710918 83.68
728.8247262443 83.68
739.4257259983 83.68
750.1809208443 83.69
761.0925536018 83.69
772.1628997124 83.71
783.394267715 83.73
794.7889997271 83.75
806.3494719327 83.77
818.0780950787 83.79
829.9773149767 83.82
842.0496130136 83.85
854.2975066688 83.88
866.7235500396 83.93
879.3303343732 83.98
892.1204886074 84.03
905.0966799188 84.09
918.2616142791 84.16
931.618037019 84.23
945.1687334013 84.30
958.9165292011 84.38
972.8642912955 84.47
987.0149282611 84.56
1001.371390981 84.64
1015.9366732597 84.73
1030.7138124476 84.81
1045.7058900743 84.90
1060.9160324916 84.99
1076.3474115248 85.10
1092.0032451345 85.21
1107.8867980879 85.34
1124.0013826389 85.48
1140.3503592197 85.64
1156.9371371406 85.82
1173.765175302 86.01
1190.8379829148 86.22
1208.1591202326 86.42
1225.7321992942 86.62
1243.5608846767 86.80
1261.6488942595 86.94
1280 87.06
1298.6180287201 87.14
1317.5068629037 87.22
1336.6704415071 87.29
1356.1127607799 87.35
1375.8378750985 87.42
1395.8498978116 87.49
1416.1530020977 87.56
1436.751421836 87.63
1457.6494524886 87.71
1478.8514519966 87.78
1500.3618416887 87.86
1522.1851072035 87.95
1544.3257994247 88.04
1566.78853543 88.13
1589.5779994541 88.23
1612.6989438655 88.33
1636.1561901574 88.45
1659.9546299533 88.57
1684.0992260271 88.69
1708.5950133377 88.82
1733.4471000793 88.96
1758.6606687464 89.10
1784.2409772148 89.24
1810.1933598376 89.39
1836.5232285581 89.55
1863.2360740381 89.71
1890.3374668026 89.87
1917.8330584022 90.04
1945.7285825909 90.21
1974.0298565222 90.38
2002.742781962 90.56
2031.8733465194 90.74
2061.4276248951 90.92
2091.4117801487 91.10
2121.8320649832 91.29
2152.6948230496 91.48
2184.0064902691 91.67
2215.7735961758 91.86
2248.0027652779 92.05
2280.7007184393 92.23
2313.8742742813 92.42
2347.530350604 92.60
2381.6759658296 92.77
2416.3182404652 92.94
2451.4643985884 93.11
2487.1217693533 93.27
2523.297788519 93.42
2560.0000000001 93.57
2597.2360574402 93.70
2635.0137258074 93.82
2673.3408830143 93.93
2712.2255215599 94.03
2751.6757501971 94.11
2791.6997956232 94.17
2832.3060041955 94.22
2873.5028436721 94.25
2915.2989049772 94.27
2957.7029039931 94.27
3000.7236833774 94.26
3044.3702144071 94.24
3088.6515988494 94.22
3133.57707086 94.20
3179.1559989082 94.20
3225.397887731 94.21
3272.3123803148 94.23
3319.9092599067 94.25
3368.1984520542 94.26
3417.1900266754 94.28
3466.8942001586 94.29
3517.3213374928 94.30
3568.4819544296 94.31
3620.3867196753 94.33
3673.0464571163 94.35
3726.4721480761 94.38
3780.6749336053 94.43
3835.6661168044 94.48
3891.4571651819 94.55
3948.0597130445 94.63
4005.4855639241 94.72
4063.7466930387 94.81
4122.8552497902 94.92
4182.8235602974 95.04
4243.6641299665 95.17
4305.3896460992 95.32
4368.0129805382 95.48
4431.5471923516 95.66
4496.0055305558 95.83
4561.4014368787 96.01
4627.7485485626 96.17
4695.0607012081 96.31
4763.3519316592 96.41
4832.6364809305 96.43
4902.9287971769 96.37
4974.2435387067 96.26
5046.595577038 96.15
5120.0000000002 96.10
5194.4721148803 96.09
5270.0274516149 96.04
5346.6817660286 95.88
5424.4510431198 95.61
5503.3515003942 95.26
5583.3995912463 94.88
5664.6120083911 94.49
5747.0056873442 94.11
5830.5978099545 93.73
5915.4058079863 93.37
6001.4473667548 93.04
6088.7404288142 92.73
6177.3031976989 92.46
6267.1541417201 92.21
6358.3119978165 92.01
6450.795775462 91.84
6544.6247606297 91.72
6639.8185198134 91.63
6736.3969041085 91.60
6834.3800533509 91.62
6933.7884003172 91.71
7034.6426749857 91.88
7136.9639088592 92.14
7240.7734393506 92.49
7346.0929142326 92.94
7452.9442961523 93.50
7561.3498672106 94.16
7671.3322336089 94.90
7782.9143303638 95.65
7896.119426089 96.33
8010.9711278481 96.74
8127.4933860775 96.70
8245.7104995805 96.15
8365.6471205948 95.10
8487.328259933 93.76
8610.7792921984 92.30
8736.0259610765 90.84
8863.0943847033 89.47
8992.0110611117 88.21
9122.8028737575 87.07
9255.4970971253 86.05
9390.1214024162 85.14
9526.7038633184 84.35
9665.272961861 83.64
9805.8575943538 83.03
9948.4870774134 82.51
10093.191154076 82.09
10240.0000000005 81.75
10388.9442297607 81.50
10540.0549032298 81.35
10693.3635320572 81.29
10848.9020862397 81.34
11006.7030007884 81.49
11166.7991824927 81.76
11329.2240167822 82.20
11494.0113746885 82.80
11661.1956199091 83.68
11830.8116159726 84.79
12002.8947335097 86.27
12177.4808576284 87.99
12354.6063953979 89.93
12534.3082834402 91.71
12716.6239956331 92.81
12901.5915509241 92.58
13089.2495212594 91.65
13279.637039627 90.07
13472.7938082171 88.15
13668.7601067018 86.37
13867.5768006344 84.86
14069.2853499715 83.67
14273.9278177184 82.72
14481.5468787012 82.07
14692.1858284653 81.71
14905.8885923047 81.59
15122.6997344212 81.71
15342.6644672179 82.04
15565.8286607277 82.50
15792.2388521781 82.95
16021.9422556964 83.21
16254.9867721551 83.07
16491.4209991611 82.36
16731.2942411897 81.22
16974.656519866 79.91
17221.5585843969 78.67
17472.0519221531 77.62
17726.1887694067 76.85
17984.0221222235 76.38
18245.605747515 76.22
18510.9941942506 76.39
18780.2428048326 76.77
19053.4077266369 77.03
19330.545923722 76.66
19611.7151887077 75.32
19896.9741548268 73.48
20186.382308152 72.83
