20.000000	84.170
20.290907	84.170
20.586045	84.163
20.885476	84.151
21.189262	84.133
21.497467	84.111
21.810155	84.090
22.127391	84.076
22.449241	84.067
22.775773	84.067
23.107054	84.070
23.443154	84.071
23.784142	84.062
24.130091	84.043
24.481071	84.016
24.837156	83.986
25.198421	83.959
25.564940	83.937
25.936791	83.921
26.314050	83.907
26.696797	83.894
27.085111	83.880
27.479073	83.863
27.878765	83.842
28.284271	83.813
28.695675	83.779
29.113064	83.743
29.536523	83.708
29.966142	83.680
30.402009	83.658
30.844217	83.635
31.292856	83.607
31.748021	83.571
32.209807	83.532
32.678309	83.491
33.153626	83.454
33.635857	83.418
34.125101	83.382
34.621462	83.347
35.125043	83.314
35.635949	83.279
36.154286	83.241
36.680162	83.198
37.213687	83.152
37.754973	83.107
38.304131	83.058
38.861278	83.004
39.426528	82.953
40.000000	82.914
40.581813	82.879
41.172089	82.836
41.770951	82.784
42.378524	82.734
42.994934	82.689
43.620309	82.644
44.254781	82.595
44.898482	82.538
45.551545	82.474
46.214108	82.413
46.886308	82.359
47.568285	82.303
48.260181	82.239
48.962142	82.179
49.674312	82.124
50.396842	82.066
51.129881	82.010
51.873582	81.962
52.628101	81.909
53.393594	81.845
54.170222	81.775
54.958146	81.708
55.757531	81.648
56.568542	81.590
57.391351	81.533
58.226127	81.474
59.073046	81.409
59.932283	81.337
60.804018	81.272
61.688433	81.210
62.585712	81.142
63.496042	81.067
64.419613	80.998
65.356618	80.939
66.307252	80.877
67.271713	80.803
68.250203	80.729
69.242925	80.658
70.250086	80.583
71.271897	80.500
72.308571	80.408
73.360323	80.329
74.427374	80.271
75.509945	80.209
76.608262	80.129
77.722555	80.040
78.853056	79.961
80.000000	79.892
81.163627	79.814
82.344179	79.735
83.541903	79.650
84.757048	79.566
85.989867	79.490
87.240619	79.407
88.509563	79.323
89.796964	79.244
91.103091	79.157
92.428216	79.074
93.772615	79.005
95.136569	78.933
96.520362	78.851
97.924283	78.770
99.348625	78.687
100.793684	78.592
102.259762	78.497
103.747164	78.412
105.256202	78.336
106.787188	78.259
108.340444	78.179
109.916292	78.096
111.515061	78.007
113.137085	77.914
114.782702	77.819
116.452255	77.728
118.146092	77.641
119.864566	77.557
121.608036	77.475
123.376866	77.391
125.171424	77.301
126.992084	77.210
128.839227	77.119
130.713236	77.024
132.614504	76.924
134.543426	76.825
136.500406	76.740
138.485850	76.665
140.500173	76.576
142.543795	76.472
144.617142	76.382
146.720647	76.287
148.854748	76.187
151.019890	76.095
153.216525	76.013
155.445111	75.931
157.706112	75.844
160.000000	75.741
162.327254	75.639
164.688358	75.550
167.083805	75.467
169.514095	75.387
171.979734	75.308
174.481237	75.217
177.019125	75.122
179.593928	75.035
182.206182	74.951
184.856431	74.857
187.545230	74.765
190.273138	74.681
193.040725	74.582
195.848567	74.489
198.697250	74.403
201.587368	74.318
204.519524	74.228
207.494329	74.136
210.512403	74.048
213.574377	73.970
216.680888	73.881
219.832584	73.774
223.030122	73.682
226.274170	73.614
229.565404	73.543
232.904509	73.453
236.292183	73.360
239.729132	73.243
243.216073	73.123
246.753732	73.035
250.342848	72.965
253.984168	72.893
257.678453	72.808
261.426473	72.720
265.229008	72.620
269.086853	72.527
273.000811	72.452
276.971700	72.366
281.000346	72.268
285.087590	72.184
289.234284	72.113
293.441294	72.027
297.709496	71.937
302.039780	71.850
306.433050	71.767
310.890221	71.682
315.412224	71.606
320.000000	71.521
324.654507	71.433
329.376716	71.356
334.167610	71.286
339.028190	71.216
343.959469	71.136
348.962474	71.053
354.038251	70.980
359.187855	70.913
364.412363	70.839
369.712863	70.768
375.090460	70.704
380.546277	70.631
386.081450	70.563
391.697134	70.500
397.394500	70.436
403.174736	70.366
409.039048	70.293
414.988657	70.218
421.024807	70.147
427.148753	70.081
433.361775	70.018
439.665167	69.956
446.060244	69.889
452.548340	69.813
459.130807	69.759
465.809019	69.723
472.584367	69.680
479.458265	69.621
486.432146	69.553
493.507464	69.494
500.685695	69.454
507.968337	69.407
515.356906	69.353
522.852945	69.288
530.458016	69.226
538.173706	69.188
546.001623	69.145
553.943399	69.107
562.000691	69.075
570.175180	69.039
578.468569	68.997
586.882588	68.954
595.418991	68.917
604.079560	68.881
612.866100	68.847
621.780442	68.818
630.824447	68.786
640.000000	68.755
649.309014	68.744
658.753431	68.736
668.335221	68.724
678.056380	68.709
687.918938	68.700
697.924949	68.702
708.076501	68.703
718.375711	68.706
728.824726	68.713
739.425726	68.711
750.180921	68.710
761.092554	68.720
772.162900	68.737
783.394268	68.768
794.789000	68.798
806.349472	68.822
818.078095	68.853
829.977315	68.894
842.049613	68.941
854.297507	68.995
866.723550	69.061
879.330334	69.132
892.120489	69.200
905.096680	69.274
918.261614	69.355
931.618037	69.445
945.168733	69.538
958.916529	69.636
972.864291	69.753
987.014928	69.876
1001.371391	69.991
1015.936673	70.096
1030.713812	70.203
1045.705890	70.318
1060.916032	70.438
1076.347412	70.555
1092.003245	70.670
1107.886798	70.797
1124.001383	70.925
1140.350359	71.048
1156.937137	71.172
1173.765175	71.302
1190.837983	71.431
1208.159120	71.560
1225.732199	71.685
1243.560885	71.809
1261.648894	71.943
1280.000000	72.087
1298.618029	72.228
1317.506863	72.371
1336.670442	72.518
1356.112761	72.669
1375.837875	72.815
1395.849898	72.960
1416.153002	73.111
1436.751422	73.266
1457.649452	73.427
1478.851452	73.591
1500.361842	73.758
1522.185107	73.932
1544.325799	74.110
1566.788535	74.297
1589.577999	74.495
1612.698944	74.706
1636.156190	74.925
1659.954630	75.146
1684.099226	75.369
1708.595013	75.600
1733.447100	75.844
1758.660669	76.102
1784.240977	76.370
1810.193360	76.646
1836.523229	76.933
1863.236074	77.232
1890.337467	77.543
1917.833058	77.863
1945.728583	78.190
1974.029857	78.531
2002.742782	78.882
2031.873347	79.230
2061.427625	79.586
2091.411780	79.953
2121.832065	80.316
2152.694823	80.669
2184.006490	81.019
2215.773596	81.357
2248.002765	81.687
2280.700718	81.987
2313.874274	82.254
2347.530351	82.486
2381.675966	82.679
2416.318240	82.843
2451.464399	82.967
2487.121769	83.063
2523.297789	83.122
2560.000000	83.146
2597.236057	83.131
2635.013726	83.085
2673.340883	83.014
2712.225522	82.924
2751.675750	82.816
2791.699796	82.695
2832.306004	82.569
2873.502844	82.442
2915.298905	82.320
2957.702904	82.203
3000.723683	82.095
3044.370214	82.004
3088.651599	81.923
3133.577071	81.864
3179.155999	81.838
3225.397888	81.839
3272.312380	81.863
3319.909260	81.911
3368.198452	81.986
3417.190027	82.088
3466.894200	82.215
3517.321337	82.364
3568.481954	82.531
3620.386720	82.709
3673.046457	82.894
3726.472148	83.079
3780.674934	83.255
3835.666117	83.417
3891.457165	83.539
3948.059713	83.626
4005.485564	83.629
4063.746693	83.543
4122.855250	83.358
4182.823560	83.080
4243.664130	82.713
4305.389646	82.277
4368.012981	81.786
4431.547192	81.267
4496.005531	80.749
4561.401437	80.262
4627.748549	79.825
4695.060701	79.459
4763.351932	79.143
4832.636481	78.842
4902.928797	78.503
4974.243539	78.114
5046.595577	77.671
5120.000000	77.206
5194.472115	76.743
5270.027452	76.306
5346.681766	75.906
5424.451043	75.546
5503.351500	75.229
5583.399591	74.953
5664.612008	74.716
5747.005687	74.519
5830.597810	74.365
5915.405808	74.254
6001.447367	74.195
6088.740429	74.176
6177.303198	74.194
6267.154142	74.265
6358.311998	74.395
6450.795775	74.575
6544.624761	74.803
6639.818520	75.082
6736.396904	75.417
6834.380053	75.803
6933.788400	76.245
7034.642675	76.744
7136.963909	77.303
7240.773439	77.917
7346.092914	78.575
7452.944296	79.258
7561.349867	79.936
7671.332234	80.572
7782.914330	81.125
7896.119426	81.545
8010.971128	81.769
8127.493386	81.777
8245.710500	81.576
8365.647121	81.200
8487.328260	80.716
8610.779292	80.181
8736.025961	79.664
8863.094385	79.203
8992.011061	78.798
9122.802874	78.445
9255.497097	78.160
9390.121402	77.952
9526.703863	77.827
9665.272962	77.792
9805.857594	77.848
9948.487077	77.998
10093.191154	78.246
10240.000000	78.574
10388.944230	78.972
10540.054903	79.417
10693.363532	79.867
10848.902086	80.267
11006.703001	80.560
11166.799182	80.722
11329.224017	80.689
11494.011375	80.465
11661.195620	79.970
11830.811616	79.374
12002.894734	78.693
12177.480858	78.021
12354.606395	77.402
12534.308283	76.809
12716.623996	76.248
12901.591551	75.792
13089.249521	75.399
13279.637040	74.996
13472.793808	74.481
13668.760107	73.749
13867.576801	72.777
14069.285350	71.580
14273.927818	70.248
14481.546879	68.828
14692.185828	67.381
14905.888592	65.968
15122.699734	64.627
15342.664467	63.382
15565.828661	62.252
15792.238852	61.272
16021.942256	60.500
16254.986772	59.990
16491.420999	59.691
16731.294241	59.539
16974.656520	59.573
17221.558584	59.753
17472.051922	60.016
17726.188769	60.287
17984.022122	60.497
18245.605748	60.457
18510.994194	59.858
18780.242805	57.938
19053.407727	53.343
19330.545924	46.960
19611.715189	44.422
19896.974155	47.116
20186.382308	48.294
