20.000000	94.859
20.290907	94.859
20.586045	94.866
20.885476	94.872
21.189262	94.878
21.497467	94.886
21.810155	94.894
22.127391	94.902
22.449241	94.910
22.775773	94.914
23.107054	94.915
23.443154	94.914
23.784142	94.910
24.130091	94.906
24.481071	94.901
24.837156	94.895
25.198421	94.889
25.564940	94.882
25.936791	94.874
26.314050	94.867
26.696797	94.861
27.085111	94.857
27.479073	94.851
27.878765	94.845
28.284271	94.835
28.695675	94.823
29.113064	94.810
29.536523	94.797
29.966142	94.783
30.402009	94.768
30.844217	94.750
31.292856	94.729
31.748021	94.709
32.209807	94.689
32.678309	94.668
33.153626	94.646
33.635857	94.625
34.125101	94.604
34.621462	94.586
35.125043	94.565
35.635949	94.537
36.154286	94.505
36.680162	94.474
37.213687	94.450
37.754973	94.427
38.304131	94.401
38.861278	94.368
39.426528	94.333
40.000000	94.305
40.581813	94.280
41.172089	94.247
41.770951	94.205
42.378524	94.164
42.994934	94.130
43.620309	94.098
44.254781	94.062
44.898482	94.025
45.551545	93.989
46.214108	93.948
46.886308	93.898
47.568285	93.849
48.260181	93.808
48.962142	93.770
49.674312	93.728
50.396842	93.683
51.129881	93.637
51.873582	93.592
52.628101	93.549
53.393594	93.506
54.170222	93.463
54.958146	93.418
55.757531	93.368
56.568542	93.323
57.391351	93.282
58.226127	93.237
59.073046	93.178
59.932283	93.120
60.804018	93.074
61.688433	93.029
62.585712	92.982
63.496042	92.934
64.419613	92.882
65.356618	92.826
66.307252	92.771
67.271713	92.717
68.250203	92.660
69.242925	92.599
70.250086	92.540
71.271897	92.483
72.308571	92.426
73.360323	92.367
74.427374	92.303
75.509945	92.240
76.608262	92.181
77.722555	92.121
78.853056	92.059
80.000000	91.997
81.163627	91.934
82.344179	91.870
83.541903	91.807
84.757048	91.748
85.989867	91.689
87.240619	91.626
88.509563	91.564
89.796964	91.501
91.103091	91.440
92.428216	91.377
93.772615	91.311
95.136569	91.245
96.520362	91.180
97.924283	91.120
99.348625	91.059
100.793684	90.994
102.259762	90.931
103.747164	90.864
105.256202	90.796
106.787188	90.729
108.340444	90.664
109.916292	90.598
111.515061	90.530
113.137085	90.463
114.782702	90.396
116.452255	90.327
118.146092	90.256
119.864566	90.188
121.608036	90.125
123.376866	90.060
125.171424	89.991
126.992084	89.921
128.839227	89.849
130.713236	89.779
132.614504	89.710
134.543426	89.643
136.500406	89.573
138.485850	89.502
140.500173	89.433
142.543795	89.366
144.617142	89.296
146.720647	89.227
148.854748	89.160
151.019890	89.092
153.216525	89.022
155.445111	88.952
157.706112	88.884
160.000000	88.816
162.327254	88.750
164.688358	88.687
167.083805	88.624
169.514095	88.559
171.979734	88.495
174.481237	88.432
177.019125	88.373
179.593928	88.316
182.206182	88.261
184.856431	88.210
187.545230	88.163
190.273138	88.119
193.040725	88.069
195.848567	88.012
198.697250	87.950
201.587368	87.884
204.519524	87.817
207.494329	87.751
210.512403	87.688
213.574377	87.625
216.680888	87.564
219.832584	87.503
223.030122	87.442
226.274170	87.382
229.565404	87.322
232.904509	87.263
236.292183	87.203
239.729132	87.141
243.216073	87.083
246.753732	87.033
250.342848	86.985
253.984168	86.933
257.678453	86.878
261.426473	86.825
265.229008	86.771
269.086853	86.719
273.000811	86.668
276.971700	86.618
281.000346	86.569
285.087590	86.519
289.234284	86.471
293.441294	86.423
297.709496	86.376
302.039780	86.329
306.433050	86.283
310.890221	86.239
315.412224	86.194
320.000000	86.152
324.654507	86.113
329.376716	86.075
334.167610	86.034
339.028190	85.993
343.959469	85.955
348.962474	85.917
354.038251	85.880
359.187855	85.845
364.412363	85.811
369.712863	85.774
375.090460	85.737
380.546277	85.704
386.081450	85.672
391.697134	85.643
397.394500	85.614
403.174736	85.584
409.039048	85.555
414.988657	85.526
421.024807	85.498
427.148753	85.473
433.361775	85.445
439.665167	85.419
446.060244	85.394
452.548340	85.370
459.130807	85.346
465.809019	85.324
472.584367	85.304
479.458265	85.285
486.432146	85.266
493.507464	85.247
500.685695	85.229
507.968337	85.213
515.356906	85.198
522.852945	85.186
530.458016	85.176
538.173706	85.166
546.001623	85.157
553.943399	85.149
562.000691	85.143
570.175180	85.138
578.468569	85.131
586.882588	85.127
595.418991	85.126
604.079560	85.126
612.866100	85.127
621.780442	85.128
630.824447	85.133
640.000000	85.140
649.309014	85.149
658.753431	85.164
668.335221	85.178
678.056380	85.194
687.918938	85.213
697.924949	85.235
708.076501	85.259
718.375711	85.286
728.824726	85.316
739.425726	85.348
750.180921	85.382
761.092554	85.422
772.162900	85.470
783.394268	85.518
794.789000	85.570
806.349472	85.626
818.078095	85.684
829.977315	85.744
842.049613	85.809
854.297507	85.882
866.723550	85.960
879.330334	86.041
892.120489	86.135
905.096680	86.239
918.261614	86.349
931.618037	86.459
945.168733	86.566
958.916529	86.664
972.864291	86.743
987.014928	86.806
1001.371391	86.861
1015.936673	86.924
1030.713812	86.993
1045.705890	87.076
1060.916032	87.177
1076.347412	87.295
1092.003245	87.427
1107.886798	87.564
1124.001383	87.707
1140.350359	87.851
1156.937137	88.000
1173.765175	88.150
1190.837983	88.302
1208.159120	88.456
1225.732199	88.612
1243.560885	88.771
1261.648894	88.935
1280.000000	89.102
1298.618029	89.264
1317.506863	89.427
1336.670442	89.581
1356.112761	89.727
1375.837875	89.865
1395.849898	89.996
1416.153002	90.121
1436.751422	90.244
1457.649452	90.365
1478.851452	90.487
1500.361842	90.610
1522.185107	90.735
1544.325799	90.863
1566.788535	90.997
1589.577999	91.136
1612.698944	91.282
1636.156190	91.435
1659.954630	91.594
1684.099226	91.758
1708.595013	91.926
1733.447100	92.095
1758.660669	92.268
1784.240977	92.443
1810.193360	92.621
1836.523229	92.801
1863.236074	92.982
1890.337467	93.165
1917.833058	93.348
1945.728583	93.531
1974.029857	93.713
2002.742782	93.891
2031.873347	94.063
2061.427625	94.232
2091.411780	94.395
2121.832065	94.553
2152.694823	94.700
2184.006490	94.843
2215.773596	94.972
2248.002765	95.092
2280.700718	95.192
2313.874274	95.276
2347.530351	95.347
2381.675966	95.410
2416.318240	95.463
2451.464399	95.500
2487.121769	95.526
2523.297789	95.541
2560.000000	95.546
2597.236057	95.540
2635.013726	95.523
2673.340883	95.496
2712.225522	95.461
2751.675750	95.418
2791.699796	95.369
2832.306004	95.316
2873.502844	95.262
2915.298905	95.207
2957.702904	95.153
3000.723683	95.103
3044.370214	95.052
3088.651599	95.008
3133.577071	94.972
3179.155999	94.949
3225.397888	94.937
3272.312380	94.936
3319.909260	94.946
3368.198452	94.966
3417.190027	94.999
3466.894200	95.043
3517.321337	95.101
3568.481954	95.171
3620.386720	95.254
3673.046457	95.350
3726.472148	95.458
3780.674934	95.577
3835.666117	95.704
3891.457165	95.837
3948.059713	95.973
4005.485564	96.099
4063.746693	96.208
4122.855250	96.297
4182.823560	96.360
4243.664130	96.390
4305.389646	96.378
4368.012981	96.314
4431.547192	96.184
4496.005531	95.992
4561.401437	95.726
4627.748549	95.397
4695.060701	95.001
4763.351932	94.551
4832.636481	94.056
4902.928797	93.520
4974.243539	92.957
5046.595577	92.361
5120.000000	91.741
5194.472115	91.100
5270.027452	90.434
5346.681766	89.786
5424.451043	89.276
5503.351500	88.932
5583.399591	88.556
5664.612008	88.097
5747.005687	87.623
5830.597810	87.165
5915.405808	86.742
6001.447367	86.363
6088.740429	86.046
6177.303198	85.810
6267.154142	85.679
6358.311998	85.679
6450.795775	85.797
6544.624761	86.012
6639.818520	86.272
6736.396904	86.524
6834.380053	86.729
6933.788400	86.875
7034.642675	86.978
7136.963909	87.069
7240.773439	87.175
7346.092914	87.316
7452.944296	87.510
7561.349867	87.778
7671.332234	88.126
7782.914330	88.561
7896.119426	89.096
8010.971128	89.746
8127.493386	90.519
8245.710500	91.412
8365.647121	92.400
8487.328260	93.404
8610.779292	94.322
8736.025961	95.034
8863.094385	95.486
8992.011061	95.683
9122.802874	95.705
9255.497097	95.643
9390.121402	95.562
9526.703863	95.461
9665.272962	95.318
9805.857594	95.133
9948.487077	94.932
10093.191154	94.771
10240.000000	94.696
10388.944230	94.737
10540.054903	94.912
10693.363532	95.173
10848.902086	95.436
11006.703001	95.538
11166.799182	95.333
11329.224017	94.647
11494.011375	93.597
11661.195620	92.169
11830.811616	90.667
12002.894734	89.165
12177.480858	87.757
12354.606395	86.553
12534.308283	85.495
12716.623996	84.633
12901.591551	84.013
13089.249521	83.510
13279.637040	83.155
13472.793808	82.898
13668.760107	82.612
13867.576801	82.213
14069.285350	81.724
14273.927818	81.227
14481.546879	80.850
14692.185828	80.632
14905.888592	80.493
15122.699734	80.301
15342.664467	79.900
15565.828661	79.178
15792.238852	78.122
16021.942256	76.856
16254.986772	75.584
16491.420999	74.405
16731.294241	73.343
16974.656520	72.405
17221.558584	71.628
17472.051922	71.101
17726.188769	70.900
17984.022122	70.955
18245.605748	71.085
18510.994194	71.115
18780.242805	70.838
19053.407727	70.118
19330.545924	68.929
19611.715189	67.389
19896.974155	66.024
20186.382308	65.628
