20 99.80
20.2909066988 99.80
20.5860447329 99.82
20.8854756485 99.84
21.1892618872 99.86
21.4974667984 99.87
21.8101546533 99.89
22.1273906578 99.90
22.4492409662 99.92
22.7757726951 99.94
23.1070539374 99.95
23.4431537764 99.97
23.7841423001 99.98
24.130090616 100.00
24.4810708661 100.01
24.8371562415 100.03
25.1984209979 100.04
25.5649404712 100.05
25.936791093 100.06
26.3140504067 100.08
26.6967970834 100.09
27.0851109387 100.10
27.4790729492 100.11
27.878765269 100.12
28.2842712475 100.12
28.6956754462 100.13
29.1130636568 100.13
29.5365229188 100.13
29.9661415375 100.13
30.402009103 100.12
30.8442165082 100.11
31.2928559682 100.10
31.7480210394 100.10
32.209806639 100.10
32.6783090648 100.10
33.1536260154 100.09
33.6358566101 100.09
34.1251014105 100.08
34.6214624402 100.06
35.1250432075 100.04
35.6359487256 100.04
36.1542855356 100.03
36.6801617282 100.03
37.2136869661 100.02
37.7549725073 100.00
38.3041312279 99.98
38.8612776461 99.97
39.4265279456 99.96
40 99.94
40.5818133975 99.91
41.1720894657 99.89
41.7709512971 99.87
42.3785237744 99.85
42.9949335968 99.83
43.6203093066 99.80
44.2547813156 99.78
44.8984819324 99.75
45.5515453903 99.72
46.2141078749 99.69
46.8863075528 99.65
47.5682846001 99.63
48.260181232 99.59
48.9621417322 99.56
49.6743124829 99.53
50.3968419958 99.50
51.1298809424 99.47
51.873582186 99.44
52.6281008133 99.41
53.3935941668 99.37
54.1702218775 99.34
54.9581458983 99.31
55.757530538 99.28
56.5685424949 99.24
57.3913508924 99.21
58.2261273137 99.17
59.0730458376 99.13
59.9322830751 99.09
60.804018206 99.05
61.6884330163 99.01
62.5857119363 98.97
63.4960420787 98.93
64.419613278 98.89
65.3566181296 98.84
66.3072520307 98.79
67.2717132203 98.74
68.2502028209 98.69
69.2429248805 98.65
70.2500864149 98.60
71.2718974512 98.55
72.3085710713 98.50
73.3603234564 98.45
74.4273739322 98.39
75.5099450145 98.34
76.6082624559 98.29
77.7225552923 98.24
78.8530558912 98.19
80 98.14
81.163626795 98.08
82.3441789315 98.02
83.5419025942 97.97
84.7570475487 97.91
85.9898671937 97.86
87.2406186132 97.80
88.5095626311 97.74
89.7969638648 97.69
91.1030907805 97.64
92.4282157498 97.57
93.7726151055 97.52
95.1365692002 97.46
96.520362464 97.40
97.9242834644 97.34
99.3486249659 97.29
100.7936839916 97.22
102.2597618848 97.16
103.7471643721 97.10
105.2562016267 97.04
106.7871883336 96.96
108.340443755 96.91
109.9162917966 96.86
111.5150610759 96.78
113.1370849898 96.71
114.7827017849 96.66
116.4522546274 96.61
118.1460916752 96.54
119.8645661501 96.44
121.6080364119 96.36
123.3768660326 96.33
125.1714238726 96.31
126.9920841575 96.24
128.8392265559 96.13
130.7132362593 96.01
132.6145040614 95.92
134.5434264406 95.88
136.5004056418 95.88
138.485849761 95.89
140.5001728299 95.89
142.5437949025 95.86
144.6171421426 95.79
146.7206469127 95.68
148.8547478643 95.55
151.0198900291 95.41
153.2165249118 95.27
155.4451105846 95.13
157.7061117824 95.01
160 94.92
162.32725359 94.88
164.688357863 94.88
167.0838051884 94.92
169.5140950975 94.95
171.9797343873 94.91
174.4812372264 94.79
177.0191252622 94.68
179.5939277295 94.63
182.2061815611 94.61
184.8564314996 94.57
187.5452302111 94.49
190.2731384004 94.42
193.0407249281 94.38
195.8485669287 94.32
198.6972499318 94.26
201.5873679832 94.21
204.5195237697 94.15
207.4943287442 94.09
210.5124032534 94.03
213.5743766672 93.97
216.6808875099 93.90
219.8325835933 93.84
223.0301221518 93.78
226.2741699797 93.72
229.5654035698 93.65
232.9045092548 93.59
236.2921833503 93.53
239.7291323003 93.46
243.2160728239 93.40
246.7537320653 93.34
250.3428477452 93.28
253.9841683149 93.23
257.6784531119 93.20
261.4264725186 93.15
265.2290081229 93.06
269.0868528812 92.99
273.0008112836 92.93
276.971699522 92.87
281.0003456597 92.82
285.0875898049 92.76
289.2342842852 92.70
293.4412938255 92.64
297.7094957287 92.58
302.0397800581 92.53
306.4330498235 92.47
310.8902211692 92.42
315.4122235649 92.36
320 92.31
324.65450718 92.26
329.3767157259 92.21
334.1676103768 92.16
339.028190195 92.11
343.9594687746 92.06
348.9624744529 92.01
354.0382505244 91.97
359.187855459 91.92
364.4123631221 91.87
369.7128629991 91.83
375.0904604222 91.78
380.5462768009 91.74
386.0814498562 91.70
391.6971338575 91.66
397.3944998635 91.62
403.1747359664 91.58
409.0390475393 91.54
414.9886574883 91.50
421.0248065068 91.47
427.1487533344 91.43
433.3617750198 91.40
439.6651671866 91.36
446.0602443037 91.33
452.5483399594 91.30
459.1308071395 91.27
465.8090185095 91.23
472.5843667007 91.20
479.4582646005 91.17
486.4321456477 91.14
493.5074641306 91.11
500.6856954905 91.09
507.9683366298 91.06
515.3569062238 91.04
522.8529450372 91.01
530.4580162458 90.99
538.1737057624 90.97
546.0016225673 90.96
553.9433990439 90.94
562.0006913195 90.92
570.1751796098 90.90
578.4685685703 90.89
586.882587651 90.88
595.4189914574 90.87
604.0795601163 90.87
612.8660996471 90.86
621.7804423383 90.85
630.8244471297 90.84
640 90.84
649.30901436 90.84
658.7534314519 90.84
668.3352207536 90.85
678.05638039 90.85
687.9189375493 90.87
697.9249489058 90.88
708.0765010489 90.89
718.375710918 90.91
728.8247262443 90.93
739.4257259983 90.95
750.1809208443 90.98
761.0925536018 91.01
772.1628997124 91.04
783.394267715 91.08
794.7889997271 91.11
806.3494719327 91.16
818.0780950787 91.20
829.9773149767 91.25
842.0496130136 91.30
854.2975066688 91.36
866.7235500396 91.42
879.3303343732 91.49
892.1204886074 91.56
905.0966799188 91.64
918.2616142791 91.73
931.618037019 91.82
945.1687334013 91.91
958.9165292011 92.01
972.8642912955 92.12
987.0149282611 92.22
1001.371390981 92.32
1015.9366732597 92.44
1030.7138124476 92.56
1045.7058900743 92.67
1060.9160324916 92.79
1076.3474115248 92.91
1092.0032451345 93.05
1107.8867980879 93.19
1124.0013826389 93.34
1140.3503592197 93.48
1156.9371371406 93.61
1173.765175302 93.74
1190.8379829148 93.86
1208.1591202326 93.99
1225.7321992942 94.11
1243.5608846767 94.23
1261.6488942595 94.36
1280 94.49
1298.6180287201 94.62
1317.5068629037 94.75
1336.6704415071 94.88
1356.1127607799 95.01
1375.8378750985 95.14
1395.8498978116 95.27
1416.1530020977 95.40
1436.751421836 95.53
1457.6494524886 95.67
1478.8514519966 95.81
1500.3618416887 95.95
1522.1851072035 96.09
1544.3257994247 96.24
1566.78853543 96.39
1589.5779994541 96.55
1612.6989438655 96.71
1636.1561901574 96.89
1659.9546299533 97.06
1684.0992260271 97.25
1708.5950133377 97.44
1733.4471000793 97.63
1758.6606687464 97.83
1784.2409772148 98.03
1810.1933598376 98.23
1836.5232285581 98.44
1863.2360740381 98.66
1890.3374668026 98.87
1917.8330584022 99.09
1945.7285825909 99.31
1974.0298565222 99.54
2002.742781962 99.76
2031.8733465194 99.98
2061.4276248951 100.20
2091.4117801487 100.41
2121.8320649832 100.63
2152.6948230496 100.83
2184.0064902691 101.03
2215.7735961758 101.22
2248.0027652779 101.40
2280.7007184393 101.56
2313.8742742813 101.71
2347.530350604 101.85
2381.6759658296 101.97
2416.3182404652 102.07
2451.4643985884 102.14
2487.1217693533 102.20
2523.297788519 102.25
2560.0000000001 102.27
2597.2360574402 102.28
2635.0137258074 102.28
2673.3408830143 102.25
2712.2255215599 102.21
2751.6757501971 102.16
2791.6997956232 102.10
2832.3060041955 102.02
2873.5028436721 101.94
2915.2989049772 101.85
2957.7029039931 101.76
3000.7236833774 101.67
3044.3702144071 101.58
3088.6515988494 101.50
3133.57707086 101.43
3179.1559989082 101.36
3225.397887731 101.30
3272.3123803148 101.26
3319.9092599067 101.22
3368.1984520542 101.20
3417.1900266754 101.19
3466.8942001586 101.19
3517.3213374928 101.21
3568.4819544296 101.24
3620.3867196753 101.29
3673.0464571163 101.35
3726.4721480761 101.43
3780.6749336053 101.53
3835.6661168044 101.65
3891.4571651819 101.78
3948.0597130445 101.93
4005.4855639241 102.09
4063.7466930387 102.25
4122.8552497902 102.42
4182.8235602974 102.60
4243.6641299665 102.78
4305.3896460992 102.96
4368.0129805382 103.12
4431.5471923516 103.27
4496.0055305558 103.40
4561.4014368787 103.48
4627.7485485626 103.52
4695.0607012081 103.49
4763.3519316592 103.38
4832.6364809305 103.20
4902.9287971769 102.93
4974.2435387067 102.60
5046.595577038 102.23
5120.0000000002 101.83
5194.4721148803 101.38
5270.0274516149 100.91
5346.6817660286 100.45
5424.4510431198 99.98
5503.3515003942 99.50
5583.3995912463 99.04
5664.6120083911 98.59
5747.0056873442 98.18
5830.5978099545 97.80
5915.4058079863 97.47
6001.4473667548 97.19
6088.7404288142 96.97
6177.3031976989 96.82
6267.1541417201 96.75
6358.3119978165 96.78
6450.795775462 96.91
6544.6247606297 97.15
6639.8185198134 97.49
6736.3969041085 97.94
6834.3800533509 98.50
6933.7884003172 99.14
7034.6426749857 99.84
7136.9639088592 100.58
7240.7734393506 101.32
7346.0929142326 102.03
7452.9442961523 102.67
7561.3498672106 103.24
7671.3322336089 103.72
7782.9143303638 104.10
7896.119426089 104.36
8010.9711278481 104.48
8127.4933860775 104.42
8245.7104995805 104.19
8365.6471205948 103.77
8487.328259933 103.22
8610.7792921984 102.57
8736.0259610765 101.86
8863.0943847033 101.14
8992.0110611117 100.45
9122.8028737575 99.83
9255.4970971253 99.30
9390.1214024162 98.87
9526.7038633184 98.56
9665.272961861 98.37
9805.8575943538 98.32
9948.4870774134 98.43
10093.191154076 98.75
10240.0000000005 99.29
10388.9442297607 100.05
10540.0549032298 101.03
10693.3635320572 102.07
10848.9020862397 102.95
11006.7030007884 103.40
11166.7991824927 103.31
11329.2240167822 102.48
11494.0113746885 101.13
11661.1956199091 99.22
11830.8116159726 97.26
12002.8947335097 95.38
12177.4808576284 93.69
12354.6063953979 92.31
12534.3082834402 91.09
12716.6239956331 90.07
12901.5915509241 89.26
13089.2495212594 88.54
13279.637039627 87.99
13472.7938082171 87.60
13668.7601067018 87.37
13867.5768006344 87.28
14069.2853499715 87.36
14273.9278177184 87.58
14481.5468787012 87.97
14692.1858284653 88.51
14905.8885923047 89.13
15122.6997344212 89.73
15342.6644672179 90.22
15565.8286607277 90.50
15792.2388521781 90.50
16021.9422556964 90.30
16254.9867721551 90.07
16491.4209991611 89.90
16731.2942411897 89.83
16974.656519866 89.76
17221.5585843969 89.44
17472.0519221531 88.57
17726.1887694067 86.97
17984.0221222235 84.74
18245.605747515 82.16
18510.9941942506 79.52
18780.2428048326 77.04
19053.4077266369 74.81
19330.545923722 72.89
19611.7151887077 71.51
19896.9741548268 71.11
20186.382308152 71.14
