20 72.51
20.2909066988 72.52
20.5860447329 72.54
20.8854756485 72.55
21.1892618872 72.57
21.4974667984 72.58
21.8101546533 72.59
22.1273906578 72.60
22.4492409662 72.60
22.7757726951 72.60
23.1070539374 72.60
23.4431537764 72.60
23.7841423001 72.61
24.130090616 72.61
24.4810708661 72.61
24.8371562415 72.61
25.1984209979 72.61
25.5649404712 72.60
25.936791093 72.60
26.3140504067 72.60
26.6967970834 72.60
27.0851109387 72.60
27.4790729492 72.59
27.878765269 72.59
28.2842712475 72.58
28.6956754462 72.58
29.1130636568 72.59
29.5365229188 72.60
29.9661415375 72.61
30.402009103 72.60
30.8442165082 72.60
31.2928559682 72.59
31.7480210394 72.59
32.209806639 72.59
32.6783090648 72.58
33.1536260154 72.58
33.6358566101 72.57
34.1251014105 72.57
34.6214624402 72.56
35.1250432075 72.55
35.6359487256 72.54
36.1542855356 72.52
36.6801617282 72.51
37.2136869661 72.50
37.7549725073 72.49
38.3041312279 72.47
38.8612776461 72.46
39.4265279456 72.44
40 72.44
40.5818133975 72.44
41.1720894657 72.43
41.7709512971 72.43
42.3785237744 72.42
42.9949335968 72.41
43.6203093066 72.39
44.2547813156 72.37
44.8984819324 72.36
45.5515453903 72.34
46.2141078749 72.32
46.8863075528 72.31
47.5682846001 72.29
48.260181232 72.27
48.9621417322 72.26
49.6743124829 72.24
50.3968419958 72.22
51.1298809424 72.20
51.873582186 72.18
52.6281008133 72.16
53.3935941668 72.14
54.1702218775 72.12
54.9581458983 72.09
55.757530538 72.07
56.5685424949 72.05
57.3913508924 72.02
58.2261273137 72.00
59.0730458376 71.98
59.9322830751 71.95
60.804018206 71.92
61.6884330163 71.89
62.5857119363 71.86
63.4960420787 71.83
64.419613278 71.80
65.3566181296 71.77
66.3072520307 71.74
67.2717132203 71.71
68.2502028209 71.68
69.2429248805 71.65
70.2500864149 71.61
71.2718974512 71.58
72.3085710713 71.55
73.3603234564 71.51
74.4273739322 71.48
75.5099450145 71.44
76.6082624559 71.40
77.7225552923 71.36
78.8530558912 71.32
80 71.28
81.163626795 71.24
82.3441789315 71.20
83.5419025942 71.16
84.7570475487 71.12
85.9898671937 71.07
87.2406186132 71.03
88.5095626311 70.98
89.7969638648 70.94
91.1030907805 70.89
92.4282157498 70.84
93.7726151055 70.79
95.1365692002 70.74
96.520362464 70.69
97.9242834644 70.64
99.3486249659 70.59
100.7936839916 70.53
102.2597618848 70.48
103.7471643721 70.43
105.2562016267 70.37
106.7871883336 70.32
108.340443755 70.26
109.9162917966 70.21
111.5150610759 70.15
113.1370849898 70.09
114.7827017849 70.03
116.4522546274 69.97
118.1460916752 69.91
119.8645661501 69.85
121.6080364119 69.78
123.3768660326 69.72
125.1714238726 69.66
126.9920841575 69.60
128.8392265559 69.53
130.7132362593 69.46
132.6145040614 69.39
134.5434264406 69.32
136.5004056418 69.25
138.485849761 69.18
140.5001728299 69.12
142.5437949025 69.05
144.6171421426 68.98
146.7206469127 68.90
148.8547478643 68.83
151.0198900291 68.76
153.2165249118 68.68
155.4451105846 68.61
157.7061117824 68.53
160 68.46
162.32725359 68.38
164.688357863 68.30
167.0838051884 68.23
169.5140950975 68.15
171.9797343873 68.07
174.4812372264 67.99
177.0191252622 67.91
179.5939277295 67.83
182.2061815611 67.75
184.8564314996 67.66
187.5452302111 67.58
190.2731384004 67.50
193.0407249281 67.42
195.8485669287 67.33
198.6972499318 67.25
201.5873679832 67.16
204.5195237697 67.08
207.4943287442 66.99
210.5124032534 66.90
213.5743766672 66.82
216.6808875099 66.73
219.8325835933 66.64
223.0301221518 66.55
226.2741699797 66.47
229.5654035698 66.38
232.9045092548 66.29
236.2921833503 66.20
239.7291323003 66.11
243.2160728239 66.02
246.7537320653 65.93
250.3428477452 65.84
253.9841683149 65.75
257.6784531119 65.66
261.4264725186 65.57
265.2290081229 65.48
269.0868528812 65.38
273.0008112836 65.29
276.971699522 65.20
281.0003456597 65.11
285.0875898049 65.02
289.2342842852 64.92
293.4412938255 64.83
297.7094957287 64.74
302.0397800581 64.65
306.4330498235 64.55
310.8902211692 64.46
315.4122235649 64.37
320 64.28
324.65450718 64.18
329.3767157259 64.09
334.1676103768 64.00
339.028190195 63.90
343.9594687746 63.81
348.9624744529 63.72
354.0382505244 63.62
359.187855459 63.53
364.4123631221 63.44
369.7128629991 63.34
375.0904604222 63.25
380.5462768009 63.15
386.0814498562 63.06
391.6971338575 62.97
397.3944998635 62.88
403.1747359664 62.79
409.0390475393 62.71
414.9886574883 62.63
421.0248065068 62.55
427.1487533344 62.48
433.3617750198 62.40
439.6651671866 62.33
446.0602443037 62.24
452.5483399594 62.16
459.1308071395 62.08
465.8090185095 61.99
472.5843667007 61.90
479.4582646005 61.82
486.4321456477 61.73
493.5074641306 61.65
500.6856954905 61.57
507.9683366298 61.48
515.3569062238 61.40
522.8529450372 61.32
530.4580162458 61.24
538.1737057624 61.16
546.0016225673 61.08
553.9433990439 61.01
562.0006913195 60.93
570.1751796098 60.86
578.4685685703 60.78
586.882587651 60.71
595.4189914574 60.64
604.0795601163 60.57
612.8660996471 60.50
621.7804423383 60.43
630.8244471297 60.37
640 60.30
649.30901436 60.24
658.7534314519 60.18
668.3352207536 60.12
678.05638039 60.06
687.9189375493 60.00
697.9249489058 59.95
708.0765010489 59.90
718.375710918 59.85
728.8247262443 59.80
739.4257259983 59.76
750.1809208443 59.72
761.0925536018 59.68
772.1628997124 59.64
783.394267715 59.61
794.7889997271 59.59
806.3494719327 59.56
818.0780950787 59.54
829.9773149767 59.52
842.0496130136 59.50
854.2975066688 59.48
866.7235500396 59.46
879.3303343732 59.45
892.1204886074 59.46
905.0966799188 59.48
918.2616142791 59.52
931.618037019 59.59
945.1687334013 59.66
958.9165292011 59.74
972.8642912955 59.83
987.0149282611 59.92
1001.371390981 60.01
1015.9366732597 60.11
1030.7138124476 60.20
1045.7058900743 60.30
1060.9160324916 60.41
1076.3474115248 60.51
1092.0032451345 60.62
1107.8867980879 60.73
1124.0013826389 60.85
1140.3503592197 60.96
1156.9371371406 61.08
1173.765175302 61.20
1190.8379829148 61.32
1208.1591202326 61.43
1225.7321992942 61.55
1243.5608846767 61.67
1261.6488942595 61.78
1280 61.90
1298.6180287201 62.02
1317.5068629037 62.13
1336.6704415071 62.25
1356.1127607799 62.37
1375.8378750985 62.49
1395.8498978116 62.61
1416.1530020977 62.74
1436.751421836 62.87
1457.6494524886 63.00
1478.8514519966 63.14
1500.3618416887 63.28
1522.1851072035 63.42
1544.3257994247 63.57
1566.78853543 63.73
1589.5779994541 63.89
1612.6989438655 64.06
1636.1561901574 64.24
1659.9546299533 64.42
1684.0992260271 64.61
1708.5950133377 64.81
1733.4471000793 65.01
1758.6606687464 65.23
1784.2409772148 65.45
1810.1933598376 65.68
1836.5232285581 65.92
1863.2360740381 66.17
1890.3374668026 66.42
1917.8330584022 66.68
1945.7285825909 66.94
1974.0298565222 67.21
2002.742781962 67.48
2031.8733465194 67.76
2061.4276248951 68.03
2091.4117801487 68.30
2121.8320649832 68.56
2152.6948230496 68.82
2184.0064902691 69.06
2215.7735961758 69.28
2248.0027652779 69.48
2280.7007184393 69.66
2313.8742742813 69.81
2347.530350604 69.93
2381.6759658296 70.02
2416.3182404652 70.07
2451.4643985884 70.09
2487.1217693533 70.08
2523.297788519 70.03
2560.0000000001 69.96
2597.2360574402 69.86
2635.0137258074 69.74
2673.3408830143 69.59
2712.2255215599 69.44
2751.6757501971 69.27
2791.6997956232 69.10
2832.3060041955 68.93
2873.5028436721 68.75
2915.2989049772 68.59
2957.7029039931 68.42
3000.7236833774 68.27
3044.3702144071 68.12
3088.6515988494 67.99
3133.57707086 67.87
3179.1559989082 67.77
3225.397887731 67.69
3272.3123803148 67.62
3319.9092599067 67.57
3368.1984520542 67.55
3417.1900266754 67.54
3466.8942001586 67.56
3517.3213374928 67.61
3568.4819544296 67.68
3620.3867196753 67.79
3673.0464571163 67.92
3726.4721480761 68.09
3780.6749336053 68.30
3835.6661168044 68.54
3891.4571651819 68.81
3948.0597130445 69.12
4005.4855639241 69.46
4063.7466930387 69.83
4122.8552497902 70.22
4182.8235602974 70.62
4243.6641299665 71.01
4305.3896460992 71.39
4368.0129805382 71.72
4431.5471923516 71.97
4496.0055305558 72.14
4561.4014368787 72.17
4627.7485485626 72.09
4695.0607012081 71.86
4763.3519316592 71.50
4832.6364809305 71.03
4902.9287971769 70.46
4974.2435387067 69.84
5046.595577038 69.18
5120.0000000002 68.50
5194.4721148803 67.82
5270.0274516149 67.17
5346.6817660286 66.54
5424.4510431198 65.94
5503.3515003942 65.38
5583.3995912463 64.88
5664.6120083911 64.44
5747.0056873442 64.07
5830.5978099545 63.75
5915.4058079863 63.46
6001.4473667548 63.20
6088.7404288142 62.99
6177.3031976989 62.84
6267.1541417201 62.74
6358.3119978165 62.70
6450.795775462 62.73
6544.6247606297 62.82
6639.8185198134 62.98
6736.3969041085 63.23
6834.3800533509 63.56
6933.7884003172 63.99
7034.6426749857 64.54
7136.9639088592 65.22
7240.7734393506 66.04
7346.0929142326 67.01
7452.9442961523 68.09
7561.3498672106 69.23
7671.3322336089 70.29
7782.9143303638 71.15
7896.119426089 71.64
8010.9711278481 71.58
8127.4933860775 70.97
8245.7104995805 69.88
8365.6471205948 68.50
8487.328259933 67.01
8610.7792921984 65.56
8736.0259610765 64.25
8863.0943847033 63.12
8992.0110611117 62.17
9122.8028737575 61.41
9255.4970971253 60.84
9390.1214024162 60.44
9526.7038633184 60.21
9665.272961861 60.17
9805.8575943538 60.33
9948.4870774134 60.70
10093.191154076 61.37
10240.0000000005 62.35
10388.9442297607 63.63
10540.0549032298 65.16
10693.3635320572 66.69
10848.9020862397 67.91
11006.7030007884 68.45
11166.7991824927 68.14
11329.2240167822 66.90
11494.0113746885 65.12
11661.1956199091 62.99
11830.8116159726 60.93
12002.8947335097 59.10
12177.4808576284 57.56
12354.6063953979 56.47
12534.3082834402 55.69
12716.6239956331 55.31
12901.5915509241 55.45
13089.2495212594 55.87
13279.637039627 56.84
13472.7938082171 58.36
13668.7601067018 60.14
13867.5768006344 61.72
14069.2853499715 62.45
14273.9278177184 62.28
14481.5468787012 60.82
14692.1858284653 58.38
14905.8885923047 55.58
15122.6997344212 52.77
15342.6644672179 50.21
15565.8286607277 48.05
15792.2388521781 46.29
16021.9422556964 44.84
16254.9867721551 43.63
16491.4209991611 42.66
16731.2942411897 42.01
16974.656519866 41.82
17221.5585843969 42.26
17472.0519221531 43.40
17726.1887694067 45.07
17984.0221222235 46.89
18245.605747515 48.43
18510.9941942506 49.23
18780.2428048326 48.99
19053.4077266369 47.63
19330.545923722 45.31
19611.7151887077 42.34
19896.9741548268 39.53
20186.382308152 38.65
