20.000000	107.549
20.290907	107.544
20.586045	107.567
20.885476	107.597
21.189262	107.612
21.497467	107.597
21.810155	107.562
22.127391	107.509
22.449241	107.456
22.775773	107.413
23.107054	107.380
23.443154	107.350
23.784142	107.314
24.130091	107.271
24.481071	107.222
24.837156	107.173
25.198421	107.130
25.564940	107.092
25.936791	107.053
26.314050	107.011
26.696797	106.960
27.085111	106.907
27.479073	106.856
27.878765	106.811
28.284271	106.772
28.695675	106.737
29.113064	106.704
29.536523	106.668
29.966142	106.628
30.402009	106.586
30.844217	106.541
31.292856	106.496
31.748021	106.451
32.209807	106.405
32.678309	106.359
33.153626	106.310
33.635857	106.259
34.125101	106.206
34.621462	106.152
35.125043	106.095
35.635949	106.035
36.154286	105.972
36.680162	105.907
37.213687	105.847
37.754973	105.795
38.304131	105.748
38.861278	105.701
39.426528	105.651
40.000000	105.597
40.581813	105.544
41.172089	105.488
41.770951	105.423
42.378524	105.354
42.994934	105.288
43.620309	105.230
44.254781	105.173
44.898482	105.110
45.551545	105.043
46.214108	104.977
46.886308	104.915
47.568285	104.850
48.260181	104.781
48.962142	104.714
49.674312	104.652
50.396842	104.591
51.129881	104.531
51.873582	104.472
52.628101	104.410
53.393594	104.341
54.170222	104.267
54.958146	104.198
55.757531	104.139
56.568542	104.082
57.391351	104.018
58.226127	103.946
59.073046	103.868
59.932283	103.792
60.804018	103.719
61.688433	103.647
62.585712	103.576
63.496042	103.503
64.419613	103.428
65.356618	103.352
66.307252	103.277
67.271713	103.202
68.250203	103.129
69.242925	103.057
70.250086	102.984
71.271897	102.912
72.308571	102.838
73.360323	102.765
74.427374	102.693
75.509945	102.621
76.608262	102.549
77.722555	102.477
78.853056	102.404
80.000000	102.331
81.163627	102.257
82.344179	102.185
83.541903	102.112
84.757048	102.039
85.989867	101.964
87.240619	101.889
88.509563	101.814
89.796964	101.740
91.103091	101.665
92.428216	101.590
93.772615	101.516
95.136569	101.442
96.520362	101.368
97.924283	101.295
99.348625	101.221
100.793684	101.148
102.259762	101.074
103.747164	101.001
105.256202	100.928
106.787188	100.855
108.340444	100.782
109.916292	100.710
111.515061	100.638
113.137085	100.568
114.782702	100.497
116.452255	100.427
118.146092	100.356
119.864566	100.285
121.608036	100.215
123.376866	100.145
125.171424	100.074
126.992084	100.004
128.839227	99.935
130.713236	99.866
132.614504	99.797
134.543426	99.729
136.500406	99.661
138.485850	99.594
140.500173	99.529
142.543795	99.464
144.617142	99.398
146.720647	99.334
148.854748	99.270
151.019890	99.206
153.216525	99.142
155.445111	99.077
157.706112	99.013
160.000000	98.950
162.327254	98.888
164.688358	98.826
167.083805	98.765
169.514095	98.705
171.979734	98.645
174.481237	98.585
177.019125	98.526
179.593928	98.469
182.206182	98.412
184.856431	98.357
187.545230	98.301
190.273138	98.246
193.040725	98.190
195.848567	98.135
198.697250	98.080
201.587368	98.025
204.519524	97.971
207.494329	97.918
210.512403	97.865
213.574377	97.814
216.680888	97.763
219.832584	97.710
223.030122	97.657
226.274170	97.604
229.565404	97.553
232.904509	97.502
236.292183	97.455
239.729132	97.411
243.216073	97.375
246.753732	97.346
250.342848	97.327
253.984168	97.312
257.678453	97.297
261.426473	97.278
265.229008	97.254
269.086853	97.224
273.000811	97.190
276.971700	97.154
281.000346	97.116
285.087590	97.078
289.234284	97.041
293.441294	97.003
297.709496	96.966
302.039780	96.931
306.433050	96.896
310.890221	96.863
315.412224	96.829
320.000000	96.796
324.654507	96.765
329.376716	96.738
334.167610	96.711
339.028190	96.686
343.959469	96.662
348.962474	96.639
354.038251	96.617
359.187855	96.596
364.412363	96.576
369.712863	96.556
375.090460	96.536
380.546277	96.515
386.081450	96.494
391.697134	96.474
397.394500	96.453
403.174736	96.433
409.039048	96.414
414.988657	96.397
421.024807	96.380
427.148753	96.364
433.361775	96.348
439.665167	96.334
446.060244	96.321
452.548340	96.308
459.130807	96.296
465.809019	96.285
472.584367	96.275
479.458265	96.265
486.432146	96.257
493.507464	96.249
500.685695	96.241
507.968337	96.234
515.356906	96.229
522.852945	96.225
530.458016	96.222
538.173706	96.220
546.001623	96.220
553.943399	96.222
562.000691	96.225
570.175180	96.230
578.468569	96.238
586.882588	96.250
595.418991	96.264
604.079560	96.280
612.866100	96.298
621.780442	96.318
630.824447	96.342
640.000000	96.368
649.309014	96.397
658.753431	96.429
668.335221	96.463
678.056380	96.500
687.918938	96.539
697.924949	96.579
708.076501	96.621
718.375711	96.664
728.824726	96.709
739.425726	96.754
750.180921	96.801
761.092554	96.849
772.162900	96.898
783.394268	96.949
794.789000	97.000
806.349472	97.052
818.078095	97.105
829.977315	97.159
842.049613	97.217
854.297507	97.277
866.723550	97.342
879.330334	97.410
892.120489	97.485
905.096680	97.564
918.261614	97.648
931.618037	97.739
945.168733	97.837
958.916529	97.940
972.864291	98.050
987.014928	98.166
1001.371391	98.288
1015.936673	98.416
1030.713812	98.550
1045.705890	98.688
1060.916032	98.831
1076.347412	98.978
1092.003245	99.126
1107.886798	99.278
1124.001383	99.431
1140.350359	99.585
1156.937137	99.738
1173.765175	99.892
1190.837983	100.044
1208.159120	100.197
1225.732199	100.346
1243.560885	100.496
1261.648894	100.643
1280.000000	100.789
1298.618029	100.932
1317.506863	101.076
1336.670442	101.218
1356.112761	101.358
1375.837875	101.498
1395.849898	101.637
1416.153002	101.776
1436.751422	101.915
1457.649452	102.054
1478.851452	102.194
1500.361842	102.334
1522.185107	102.477
1544.325799	102.619
1566.788535	102.763
1589.577999	102.909
1612.698944	103.055
1636.156190	103.203
1659.954630	103.352
1684.099226	103.502
1708.595013	103.653
1733.447100	103.804
1758.660669	103.954
1784.240977	104.103
1810.193360	104.251
1836.523229	104.397
1863.236074	104.539
1890.337467	104.678
1917.833058	104.812
1945.728583	104.940
1974.029857	105.062
2002.742782	105.174
2031.873347	105.278
2061.427625	105.372
2091.411780	105.455
2121.832065	105.526
2152.694823	105.580
2184.006490	105.626
2215.773596	105.652
2248.002765	105.668
2280.700718	105.666
2313.874274	105.650
2347.530351	105.619
2381.675966	105.572
2416.318240	105.514
2451.464399	105.441
2487.121769	105.357
2523.297789	105.262
2560.000000	105.157
2597.236057	105.045
2635.013726	104.926
2673.340883	104.802
2712.225522	104.673
2751.675750	104.541
2791.699796	104.408
2832.306004	104.275
2873.502844	104.142
2915.298905	104.011
2957.702904	103.884
3000.723683	103.758
3044.370214	103.637
3088.651599	103.523
3133.577071	103.414
3179.155999	103.311
3225.397888	103.216
3272.312380	103.130
3319.909260	103.054
3368.198452	102.990
3417.190027	102.941
3466.894200	102.908
3517.321337	102.894
3568.481954	102.898
3620.386720	102.918
3673.046457	102.953
3726.472148	102.999
3780.674934	103.058
3835.666117	103.128
3891.457165	103.215
3948.059713	103.317
4005.485564	103.440
4063.746693	103.578
4122.855250	103.726
4182.823560	103.877
4243.664130	104.036
4305.389646	104.214
4368.012981	104.430
4431.547192	104.690
4496.005531	104.979
4561.401437	105.276
4627.748549	105.565
4695.060701	105.828
4763.351932	106.061
4832.636481	106.254
4902.928797	106.382
4974.243539	106.438
5046.595577	106.392
5120.000000	106.257
5194.472115	106.023
5270.027452	105.701
5346.681766	105.311
5424.451043	104.866
5503.351500	104.377
5583.399591	103.854
5664.612008	103.309
5747.005687	102.753
5830.597810	102.192
5915.405808	101.634
6001.447367	101.090
6088.740429	100.579
6177.303198	100.111
6267.154142	99.694
6358.311998	99.327
6450.795775	98.999
6544.624761	98.706
6639.818520	98.446
6736.396904	98.221
6834.380053	98.035
6933.788400	97.891
7034.642675	97.796
7136.963909	97.759
7240.773439	97.787
7346.092914	97.885
7452.944296	98.053
7561.349867	98.295
7671.332234	98.610
7782.914330	99.004
7896.119426	99.488
8010.971128	100.083
8127.493386	100.805
8245.710500	101.668
8365.647121	102.682
8487.328260	103.811
8610.779292	105.004
8736.025961	106.143
8863.094385	107.082
8992.011061	107.690
9122.802874	107.841
9255.497097	107.495
9390.121402	106.751
9526.703863	105.755
9665.272962	104.677
9805.857594	103.647
9948.487077	102.752
10093.191154	102.061
10240.000000	101.572
10388.944230	101.294
10540.054903	101.240
10693.363532	101.380
10848.902086	101.695
11006.703001	102.103
11166.799182	102.483
11329.224017	102.642
11494.011375	102.510
11661.195620	101.812
11830.811616	100.770
12002.894734	99.303
12177.480858	97.665
12354.606395	95.902
12534.308283	94.167
12716.623996	92.544
12901.591551	91.119
13089.249521	89.784
13279.637040	88.608
13472.793808	87.605
13668.760107	86.743
13867.576801	86.007
14069.285350	85.391
14273.927818	84.856
14481.546879	84.449
14692.185828	84.236
14905.888592	84.234
15122.699734	84.466
15342.664467	84.951
15565.828661	85.703
15792.238852	86.714
16021.942256	87.915
16254.986772	89.126
16491.420999	90.042
16731.294241	90.356
16974.656520	89.912
17221.558584	88.742
17472.051922	87.042
17726.188769	85.062
17984.022122	83.019
18245.605748	81.055
18510.994194	79.276
18780.242805	77.800
19053.407727	76.905
19330.545924	76.905
19611.715189	76.905
19896.974155	76.905
20186.382308	76.905
