20 107.21
20.2909066988 107.23
20.5860447329 107.24
20.8854756485 107.26
21.1892618872 107.27
21.4974667984 107.28
21.8101546533 107.29
22.1273906578 107.30
22.4492409662 107.31
22.7757726951 107.32
23.1070539374 107.33
23.4431537764 107.34
23.7841423001 107.34
24.130090616 107.35
24.4810708661 107.35
24.8371562415 107.35
25.1984209979 107.35
25.5649404712 107.36
25.936791093 107.36
26.3140504067 107.36
26.6967970834 107.36
27.0851109387 107.36
27.4790729492 107.36
27.878765269 107.37
28.2842712475 107.37
28.6956754462 107.37
29.1130636568 107.37
29.5365229188 107.36
29.9661415375 107.35
30.402009103 107.35
30.8442165082 107.35
31.2928559682 107.35
31.7480210394 107.36
32.209806639 107.37
32.6783090648 107.38
33.1536260154 107.39
33.6358566101 107.39
34.1251014105 107.39
34.6214624402 107.39
35.1250432075 107.39
35.6359487256 107.39
36.1542855356 107.39
36.6801617282 107.39
37.2136869661 107.39
37.7549725073 107.38
38.3041312279 107.38
38.8612776461 107.37
39.4265279456 107.37
40 107.37
40.5818133975 107.36
41.1720894657 107.35
41.7709512971 107.35
42.3785237744 107.34
42.9949335968 107.33
43.6203093066 107.33
44.2547813156 107.32
44.8984819324 107.31
45.5515453903 107.31
46.2141078749 107.30
46.8863075528 107.30
47.5682846001 107.29
48.260181232 107.29
48.9621417322 107.28
49.6743124829 107.27
50.3968419958 107.27
51.1298809424 107.26
51.873582186 107.25
52.6281008133 107.24
53.3935941668 107.23
54.1702218775 107.22
54.9581458983 107.20
55.757530538 107.19
56.5685424949 107.18
57.3913508924 107.17
58.2261273137 107.16
59.0730458376 107.15
59.9322830751 107.14
60.804018206 107.12
61.6884330163 107.11
62.5857119363 107.10
63.4960420787 107.08
64.419613278 107.07
65.3566181296 107.05
66.3072520307 107.04
67.2717132203 107.02
68.2502028209 107.01
69.2429248805 106.99
70.2500864149 106.97
71.2718974512 106.96
72.3085710713 106.94
73.3603234564 106.92
74.4273739322 106.89
75.5099450145 106.87
76.6082624559 106.85
77.7225552923 106.83
78.8530558912 106.81
80 106.78
81.163626795 106.76
82.3441789315 106.73
83.5419025942 106.71
84.7570475487 106.68
85.9898671937 106.66
87.2406186132 106.63
88.5095626311 106.60
89.7969638648 106.57
91.1030907805 106.54
92.4282157498 106.50
93.7726151055 106.47
95.1365692002 106.43
96.520362464 106.39
97.9242834644 106.35
99.3486249659 106.31
100.7936839916 106.27
102.2597618848 106.22
103.7471643721 106.17
105.2562016267 106.12
106.7871883336 106.07
108.340443755 106.02
109.9162917966 105.96
111.5150610759 105.90
113.1370849898 105.84
114.7827017849 105.79
116.4522546274 105.73
118.1460916752 105.67
119.8645661501 105.61
121.6080364119 105.55
123.3768660326 105.49
125.1714238726 105.42
126.9920841575 105.36
128.8392265559 105.31
130.7132362593 105.24
132.6145040614 105.18
134.5434264406 105.12
136.5004056418 105.05
138.485849761 104.99
140.5001728299 104.93
142.5437949025 104.87
144.6171421426 104.82
146.7206469127 104.76
148.8547478643 104.70
151.0198900291 104.64
153.2165249118 104.58
155.4451105846 104.52
157.7061117824 104.46
160 104.39
162.32725359 104.34
164.688357863 104.28
167.0838051884 104.22
169.5140950975 104.17
171.9797343873 104.11
174.4812372264 104.05
177.0191252622 103.99
179.5939277295 103.93
182.2061815611 103.87
184.8564314996 103.82
187.5452302111 103.78
190.2731384004 103.73
193.0407249281 103.69
195.8485669287 103.65
198.6972499318 103.62
201.5873679832 103.59
204.5195237697 103.56
207.4943287442 103.52
210.5124032534 103.49
213.5743766672 103.44
216.6808875099 103.40
219.8325835933 103.35
223.0301221518 103.30
226.2741699797 103.26
229.5654035698 103.21
232.9045092548 103.17
236.2921833503 103.12
239.7291323003 103.08
243.2160728239 103.03
246.7537320653 102.99
250.3428477452 102.95
253.9841683149 102.91
257.6784531119 102.87
261.4264725186 102.84
265.2290081229 102.80
269.0868528812 102.76
273.0008112836 102.73
276.971699522 102.69
281.0003456597 102.66
285.0875898049 102.62
289.2342842852 102.59
293.4412938255 102.56
297.7094957287 102.53
302.0397800581 102.49
306.4330498235 102.46
310.8902211692 102.43
315.4122235649 102.40
320 102.37
324.65450718 102.34
329.3767157259 102.31
334.1676103768 102.28
339.028190195 102.25
343.9594687746 102.23
348.9624744529 102.21
354.0382505244 102.18
359.187855459 102.16
364.4123631221 102.15
369.7128629991 102.13
375.0904604222 102.11
380.5462768009 102.10
386.0814498562 102.09
391.6971338575 102.08
397.3944998635 102.07
403.1747359664 102.07
409.0390475393 102.07
414.9886574883 102.07
421.0248065068 102.07
427.1487533344 102.07
433.3617750198 102.08
439.6651671866 102.09
446.0602443037 102.10
452.5483399594 102.12
459.1308071395 102.14
465.8090185095 102.16
472.5843667007 102.19
479.4582646005 102.22
486.4321456477 102.25
493.5074641306 102.29
500.6856954905 102.33
507.9683366298 102.38
515.3569062238 102.42
522.8529450372 102.48
530.4580162458 102.54
538.1737057624 102.60
546.0016225673 102.67
553.9433990439 102.74
562.0006913195 102.81
570.1751796098 102.89
578.4685685703 102.97
586.882587651 103.06
595.4189914574 103.14
604.0795601163 103.23
612.8660996471 103.32
621.7804423383 103.42
630.8244471297 103.51
640 103.61
649.30901436 103.70
658.7534314519 103.80
668.3352207536 103.89
678.05638039 103.98
687.9189375493 104.06
697.9249489058 104.14
708.0765010489 104.22
718.375710918 104.28
728.8247262443 104.35
739.4257259983 104.40
750.1809208443 104.44
761.0925536018 104.47
772.1628997124 104.50
783.394267715 104.52
794.7889997271 104.53
806.3494719327 104.53
818.0780950787 104.53
829.9773149767 104.53
842.0496130136 104.52
854.2975066688 104.51
866.7235500396 104.50
879.3303343732 104.49
892.1204886074 104.48
905.0966799188 104.48
918.2616142791 104.48
931.618037019 104.49
945.1687334013 104.50
958.9165292011 104.53
972.8642912955 104.55
987.0149282611 104.59
1001.371390981 104.63
1015.9366732597 104.68
1030.7138124476 104.73
1045.7058900743 104.79
1060.9160324916 104.85
1076.3474115248 104.92
1092.0032451345 104.99
1107.8867980879 105.06
1124.0013826389 105.13
1140.3503592197 105.21
1156.9371371406 105.28
1173.765175302 105.36
1190.8379829148 105.44
1208.1591202326 105.51
1225.7321992942 105.59
1243.5608846767 105.66
1261.6488942595 105.73
1280 105.80
1298.6180287201 105.86
1317.5068629037 105.93
1336.6704415071 105.99
1356.1127607799 106.05
1375.8378750985 106.10
1395.8498978116 106.16
1416.1530020977 106.21
1436.751421836 106.26
1457.6494524886 106.31
1478.8514519966 106.35
1500.3618416887 106.40
1522.1851072035 106.44
1544.3257994247 106.48
1566.78853543 106.52
1589.5779994541 106.56
1612.6989438655 106.60
1636.1561901574 106.64
1659.9546299533 106.68
1684.0992260271 106.71
1708.5950133377 106.75
1733.4471000793 106.78
1758.6606687464 106.82
1784.2409772148 106.85
1810.1933598376 106.88
1836.5232285581 106.91
1863.2360740381 106.94
1890.3374668026 106.97
1917.8330584022 107.00
1945.7285825909 107.03
1974.0298565222 107.05
2002.742781962 107.07
2031.8733465194 107.09
2061.4276248951 107.11
2091.4117801487 107.12
2121.8320649832 107.13
2152.6948230496 107.13
2184.0064902691 107.13
2215.7735961758 107.12
2248.0027652779 107.11
2280.7007184393 107.09
2313.8742742813 107.07
2347.530350604 107.04
2381.6759658296 107.00
2416.3182404652 106.97
2451.4643985884 106.93
2487.1217693533 106.88
2523.297788519 106.84
2560.0000000001 106.79
2597.2360574402 106.74
2635.0137258074 106.70
2673.3408830143 106.66
2712.2255215599 106.62
2751.6757501971 106.59
2791.6997956232 106.57
2832.3060041955 106.55
2873.5028436721 106.54
2915.2989049772 106.54
2957.7029039931 106.56
3000.7236833774 106.57
3044.3702144071 106.59
3088.6515988494 106.62
3133.57707086 106.66
3179.1559989082 106.69
3225.397887731 106.72
3272.3123803148 106.75
3319.9092599067 106.78
3368.1984520542 106.80
3417.1900266754 106.81
3466.8942001586 106.81
3517.3213374928 106.79
3568.4819544296 106.76
3620.3867196753 106.71
3673.0464571163 106.65
3726.4721480761 106.59
3780.6749336053 106.52
3835.6661168044 106.46
3891.4571651819 106.41
3948.0597130445 106.37
4005.4855639241 106.34
4063.7466930387 106.35
4122.8552497902 106.37
4182.8235602974 106.40
4243.6641299665 106.43
4305.3896460992 106.46
4368.0129805382 106.49
4431.5471923516 106.50
4496.0055305558 106.52
4561.4014368787 106.50
4627.7485485626 106.48
4695.0607012081 106.44
4763.3519316592 106.39
4832.6364809305 106.32
4902.9287971769 106.24
4974.2435387067 106.16
5046.595577038 106.06
5120.0000000002 105.96
5194.4721148803 105.86
5270.0274516149 105.76
5346.6817660286 105.68
5424.4510431198 105.60
5503.3515003942 105.54
5583.3995912463 105.48
5664.6120083911 105.47
5747.0056873442 105.46
5830.5978099545 105.47
5915.4058079863 105.51
6001.4473667548 105.55
6088.7404288142 105.61
6177.3031976989 105.67
6267.1541417201 105.74
6358.3119978165 105.80
6450.795775462 105.87
6544.6247606297 105.94
6639.8185198134 106.01
6736.3969041085 106.09
6834.3800533509 106.17
6933.7884003172 106.27
7034.6426749857 106.36
7136.9639088592 106.47
7240.7734393506 106.58
7346.0929142326 106.69
7452.9442961523 106.80
7561.3498672106 106.90
7671.3322336089 106.98
7782.9143303638 107.05
7896.119426089 107.05
8010.9711278481 107.03
8127.4933860775 106.84
8245.7104995805 106.65
8365.6471205948 106.11
8487.328259933 105.54
8610.7792921984 104.62
8736.0259610765 103.64
8863.0943847033 102.52
8992.0110611117 101.37
9122.8028737575 100.33
9255.4970971253 99.29
9390.1214024162 98.56
9526.7038633184 97.89
9665.272961861 97.53
9805.8575943538 97.24
9948.4870774134 97.08
10093.191154076 96.95
10240.0000000005 96.84
10388.9442297607 96.73
10540.0549032298 96.64
10693.3635320572 96.57
10848.9020862397 96.51
11006.7030007884 96.48
11166.7991824927 96.46
11329.2240167822 96.46
11494.0113746885 96.46
11661.1956199091 96.54
11830.8116159726 96.64
12002.8947335097 96.85
12177.4808576284 97.07
12354.6063953979 97.34
12534.3082834402 97.63
12716.6239956331 97.91
12901.5915509241 98.16
13089.2495212594 98.39
13279.637039627 98.58
13472.7938082171 98.72
13668.7601067018 98.84
13867.5768006344 98.92
14069.2853499715 99.02
14273.9278177184 99.16
14481.5468787012 99.31
14692.1858284653 99.73
14905.8885923047 100.18
15122.6997344212 100.81
15342.6644672179 101.58
15565.8286607277 102.22
15792.2388521781 102.52
16021.9422556964 102.72
16254.9867721551 101.80
16491.4209991611 100.86
16731.2942411897 99.18
16974.656519866 97.45
17221.5585843969 96.01
17472.0519221531 94.59
17726.1887694067 94.02
17984.0221222235 93.55
18245.605747515 93.48
18510.9941942506 93.42
18780.2428048326 93.25
19053.4077266369 93.11
19330.545923722 93.09
19611.7151887077 93.16
19896.9741548268 93.38
20186.382308152 93.46
