20 92.30
20.2909066988 92.35
20.5860447329 92.41
20.8854756485 92.45
21.1892618872 92.50
21.4974667984 92.55
21.8101546533 92.59
22.1273906578 92.64
22.4492409662 92.68
22.7757726951 92.73
23.1070539374 92.77
23.4431537764 92.82
23.7841423001 92.86
24.130090616 92.90
24.4810708661 92.94
24.8371562415 92.97
25.1984209979 93.01
25.5649404712 93.04
25.936791093 93.07
26.3140504067 93.10
26.6967970834 93.13
27.0851109387 93.16
27.4790729492 93.18
27.878765269 93.20
28.2842712475 93.22
28.6956754462 93.24
29.1130636568 93.26
29.5365229188 93.27
29.9661415375 93.29
30.402009103 93.31
30.8442165082 93.33
31.2928559682 93.34
31.7480210394 93.36
32.209806639 93.37
32.6783090648 93.38
33.1536260154 93.39
33.6358566101 93.39
34.1251014105 93.40
34.6214624402 93.40
35.1250432075 93.41
35.6359487256 93.41
36.1542855356 93.41
36.6801617282 93.41
37.2136869661 93.41
37.7549725073 93.40
38.3041312279 93.40
38.8612776461 93.39
39.4265279456 93.39
40 93.38
40.5818133975 93.37
41.1720894657 93.36
41.7709512971 93.35
42.3785237744 93.34
42.9949335968 93.32
43.6203093066 93.31
44.2547813156 93.30
44.8984819324 93.28
45.5515453903 93.26
46.2141078749 93.24
46.8863075528 93.22
47.5682846001 93.20
48.260181232 93.18
48.9621417322 93.16
49.6743124829 93.13
50.3968419958 93.11
51.1298809424 93.08
51.873582186 93.05
52.6281008133 93.02
53.3935941668 92.99
54.1702218775 92.97
54.9581458983 92.93
55.757530538 92.90
56.5685424949 92.86
57.3913508924 92.82
58.2261273137 92.79
59.0730458376 92.75
59.9322830751 92.71
60.804018206 92.67
61.6884330163 92.63
62.5857119363 92.59
63.4960420787 92.54
64.419613278 92.50
65.3566181296 92.45
66.3072520307 92.40
67.2717132203 92.35
68.2502028209 92.29
69.2429248805 92.24
70.2500864149 92.19
71.2718974512 92.14
72.3085710713 92.09
73.3603234564 92.03
74.4273739322 91.97
75.5099450145 91.91
76.6082624559 91.85
77.7225552923 91.80
78.8530558912 91.74
80 91.68
81.163626795 91.61
82.3441789315 91.55
83.5419025942 91.49
84.7570475487 91.42
85.9898671937 91.36
87.2406186132 91.29
88.5095626311 91.22
89.7969638648 91.15
91.1030907805 91.08
92.4282157498 91.00
93.7726151055 90.93
95.1365692002 90.86
96.520362464 90.79
97.9242834644 90.73
99.3486249659 90.65
100.7936839916 90.57
102.2597618848 90.48
103.7471643721 90.40
105.2562016267 90.32
106.7871883336 90.25
108.340443755 90.17
109.9162917966 90.10
111.5150610759 90.02
113.1370849898 89.93
114.7827017849 89.84
116.4522546274 89.76
118.1460916752 89.67
119.8645661501 89.59
121.6080364119 89.50
123.3768660326 89.42
125.1714238726 89.33
126.9920841575 89.24
128.8392265559 89.16
130.7132362593 89.08
132.6145040614 88.99
134.5434264406 88.90
136.5004056418 88.82
138.485849761 88.73
140.5001728299 88.65
142.5437949025 88.56
144.6171421426 88.48
146.7206469127 88.39
148.8547478643 88.30
151.0198900291 88.22
153.2165249118 88.13
155.4451105846 88.04
157.7061117824 87.96
160 87.87
162.32725359 87.79
164.688357863 87.71
167.0838051884 87.62
169.5140950975 87.54
171.9797343873 87.46
174.4812372264 87.38
177.0191252622 87.31
179.5939277295 87.23
182.2061815611 87.15
184.8564314996 87.07
187.5452302111 86.99
190.2731384004 86.91
193.0407249281 86.83
195.8485669287 86.75
198.6972499318 86.66
201.5873679832 86.58
204.5195237697 86.50
207.4943287442 86.42
210.5124032534 86.35
213.5743766672 86.27
216.6808875099 86.20
219.8325835933 86.13
223.0301221518 86.06
226.2741699797 85.99
229.5654035698 85.92
232.9045092548 85.85
236.2921833503 85.78
239.7291323003 85.72
243.2160728239 85.66
246.7537320653 85.60
250.3428477452 85.54
253.9841683149 85.48
257.6784531119 85.43
261.4264725186 85.37
265.2290081229 85.32
269.0868528812 85.27
273.0008112836 85.22
276.971699522 85.17
281.0003456597 85.12
285.0875898049 85.08
289.2342842852 85.04
293.4412938255 85.00
297.7094957287 84.96
302.0397800581 84.92
306.4330498235 84.88
310.8902211692 84.85
315.4122235649 84.81
320 84.78
324.65450718 84.75
329.3767157259 84.73
334.1676103768 84.70
339.028190195 84.68
343.9594687746 84.66
348.9624744529 84.64
354.0382505244 84.62
359.187855459 84.60
364.4123631221 84.58
369.7128629991 84.56
375.0904604222 84.54
380.5462768009 84.52
386.0814498562 84.50
391.6971338575 84.49
397.3944998635 84.47
403.1747359664 84.46
409.0390475393 84.44
414.9886574883 84.42
421.0248065068 84.41
427.1487533344 84.39
433.3617750198 84.37
439.6651671866 84.35
446.0602443037 84.33
452.5483399594 84.31
459.1308071395 84.29
465.8090185095 84.27
472.5843667007 84.25
479.4582646005 84.23
486.4321456477 84.21
493.5074641306 84.19
500.6856954905 84.17
507.9683366298 84.15
515.3569062238 84.13
522.8529450372 84.10
530.4580162458 84.08
538.1737057624 84.05
546.0016225673 84.02
553.9433990439 83.99
562.0006913195 83.96
570.1751796098 83.93
578.4685685703 83.89
586.882587651 83.87
595.4189914574 83.85
604.0795601163 83.82
612.8660996471 83.81
621.7804423383 83.79
630.8244471297 83.77
640 83.76
649.30901436 83.74
658.7534314519 83.73
668.3352207536 83.71
678.05638039 83.70
687.9189375493 83.69
697.9249489058 83.68
708.0765010489 83.67
718.375710918 83.66
728.8247262443 83.66
739.4257259983 83.66
750.1809208443 83.66
761.0925536018 83.67
772.1628997124 83.68
783.394267715 83.69
794.7889997271 83.71
806.3494719327 83.72
818.0780950787 83.75
829.9773149767 83.78
842.0496130136 83.81
854.2975066688 83.85
866.7235500396 83.89
879.3303343732 83.94
892.1204886074 83.99
905.0966799188 84.05
918.2616142791 84.12
931.618037019 84.19
945.1687334013 84.27
958.9165292011 84.35
972.8642912955 84.44
987.0149282611 84.53
1001.371390981 84.63
1015.9366732597 84.73
1030.7138124476 84.83
1045.7058900743 84.93
1060.9160324916 85.03
1076.3474115248 85.14
1092.0032451345 85.25
1107.8867980879 85.36
1124.0013826389 85.46
1140.3503592197 85.57
1156.9371371406 85.67
1173.765175302 85.78
1190.8379829148 85.87
1208.1591202326 85.97
1225.7321992942 86.06
1243.5608846767 86.15
1261.6488942595 86.24
1280 86.33
1298.6180287201 86.41
1317.5068629037 86.49
1336.6704415071 86.57
1356.1127607799 86.65
1375.8378750985 86.73
1395.8498978116 86.81
1416.1530020977 86.88
1436.751421836 86.95
1457.6494524886 87.03
1478.8514519966 87.10
1500.3618416887 87.18
1522.1851072035 87.25
1544.3257994247 87.33
1566.78853543 87.41
1589.5779994541 87.49
1612.6989438655 87.57
1636.1561901574 87.65
1659.9546299533 87.73
1684.0992260271 87.82
1708.5950133377 87.91
1733.4471000793 88.00
1758.6606687464 88.10
1784.2409772148 88.20
1810.1933598376 88.30
1836.5232285581 88.40
1863.2360740381 88.51
1890.3374668026 88.61
1917.8330584022 88.73
1945.7285825909 88.84
1974.0298565222 88.95
2002.742781962 89.07
2031.8733465194 89.19
2061.4276248951 89.31
2091.4117801487 89.43
2121.8320649832 89.55
2152.6948230496 89.68
2184.0064902691 89.80
2215.7735961758 89.92
2248.0027652779 90.04
2280.7007184393 90.16
2313.8742742813 90.28
2347.530350604 90.40
2381.6759658296 90.52
2416.3182404652 90.64
2451.4643985884 90.75
2487.1217693533 90.87
2523.297788519 90.98
2560.0000000001 91.09
2597.2360574402 91.19
2635.0137258074 91.29
2673.3408830143 91.39
2712.2255215599 91.49
2751.6757501971 91.57
2791.6997956232 91.66
2832.3060041955 91.73
2873.5028436721 91.81
2915.2989049772 91.87
2957.7029039931 91.93
3000.7236833774 91.99
3044.3702144071 92.04
3088.6515988494 92.09
3133.57707086 92.14
3179.1559989082 92.18
3225.397887731 92.22
3272.3123803148 92.26
3319.9092599067 92.30
3368.1984520542 92.33
3417.1900266754 92.36
3466.8942001586 92.38
3517.3213374928 92.37
3568.4819544296 92.36
3620.3867196753 92.31
3673.0464571163 92.25
3726.4721480761 92.15
3780.6749336053 92.03
3835.6661168044 91.89
3891.4571651819 91.72
3948.0597130445 91.53
4005.4855639241 91.33
4063.7466930387 91.11
4122.8552497902 90.88
4182.8235602974 90.64
4243.6641299665 90.40
4305.3896460992 90.17
4368.0129805382 89.93
4431.5471923516 89.72
4496.0055305558 89.50
4561.4014368787 89.32
4627.7485485626 89.14
4695.0607012081 89.00
4763.3519316592 88.87
4832.6364809305 88.77
4902.9287971769 88.68
4974.2435387067 88.60
5046.595577038 88.52
5120.0000000002 88.43
5194.4721148803 88.29
5270.0274516149 88.13
5346.6817660286 87.91
5424.4510431198 87.64
5503.3515003942 87.33
5583.3995912463 86.99
5664.6120083911 86.67
5747.0056873442 86.35
5830.5978099545 86.07
5915.4058079863 85.87
6001.4473667548 85.68
6088.7404288142 85.62
6177.3031976989 85.60
6267.1541417201 85.66
6358.3119978165 85.80
6450.795775462 85.99
6544.6247606297 86.22
6639.8185198134 86.50
6736.3969041085 86.77
6834.3800533509 87.01
6933.7884003172 87.19
7034.6426749857 87.25
7136.9639088592 87.31
7240.7734393506 87.39
7346.0929142326 87.68
7452.9442961523 88.24
7561.3498672106 88.96
7671.3322336089 89.81
7782.9143303638 90.56
7896.119426089 91.04
8010.9711278481 91.47
8127.4933860775 91.34
8245.7104995805 91.21
8365.6471205948 90.73
8487.328259933 90.23
8610.7792921984 89.66
8736.0259610765 89.08
8863.0943847033 88.58
8992.0110611117 88.08
9122.8028737575 87.74
9255.4970971253 87.41
9390.1214024162 87.20
9526.7038633184 87.00
9665.272961861 86.85
9805.8575943538 86.70
9948.4870774134 86.55
10093.191154076 86.44
10240.0000000005 86.35
10388.9442297607 86.30
10540.0549032298 86.27
10693.3635320572 86.26
10848.9020862397 86.24
11006.7030007884 86.18
11166.7991824927 86.11
11329.2240167822 85.98
11494.0113746885 85.84
11661.1956199091 85.71
11830.8116159726 85.60
12002.8947335097 85.61
12177.4808576284 85.63
12354.6063953979 85.81
12534.3082834402 86.02
12716.6239956331 86.25
12901.5915509241 86.37
13089.2495212594 86.39
13279.637039627 86.27
13472.7938082171 85.97
13668.7601067018 85.61
13867.5768006344 85.13
14069.2853499715 84.69
14273.9278177184 84.33
14481.5468787012 83.96
14692.1858284653 84.18
14905.8885923047 84.45
15122.6997344212 84.97
15342.6644672179 85.70
15565.8286607277 86.34
15792.2388521781 86.78
16021.9422556964 87.14
16254.9867721551 86.63
16491.4209991611 86.10
16731.2942411897 84.83
16974.656519866 83.50
17221.5585843969 82.11
17472.0519221531 80.70
17726.1887694067 79.65
17984.0221222235 78.63
18245.605747515 78.08
18510.9941942506 77.58
18780.2428048326 77.44
19053.4077266369 77.31
19330.545923722 77.25
19611.7151887077 77.16
19896.9741548268 77.02
20186.382308152 76.98
