20 106.14
20.2909066988 106.20
20.5860447329 106.27
20.8854756485 106.33
21.1892618872 106.38
21.4974667984 106.42
21.8101546533 106.46
22.1273906578 106.49
22.4492409662 106.52
22.7757726951 106.55
23.1070539374 106.58
23.4431537764 106.62
23.7841423001 106.65
24.130090616 106.69
24.4810708661 106.72
24.8371562415 106.75
25.1984209979 106.78
25.5649404712 106.81
25.936791093 106.83
26.3140504067 106.85
26.6967970834 106.88
27.0851109387 106.90
27.4790729492 106.91
27.878765269 106.92
28.2842712475 106.94
28.6956754462 106.95
29.1130636568 106.96
29.5365229188 106.98
29.9661415375 106.99
30.402009103 107.01
30.8442165082 107.03
31.2928559682 107.05
31.7480210394 107.07
32.209806639 107.08
32.6783090648 107.09
33.1536260154 107.10
33.6358566101 107.11
34.1251014105 107.11
34.6214624402 107.10
35.1250432075 107.10
35.6359487256 107.09
36.1542855356 107.08
36.6801617282 107.07
37.2136869661 107.05
37.7549725073 107.03
38.3041312279 107.01
38.8612776461 107.00
39.4265279456 106.98
40 106.96
40.5818133975 106.95
41.1720894657 106.93
41.7709512971 106.92
42.3785237744 106.90
42.9949335968 106.89
43.6203093066 106.88
44.2547813156 106.86
44.8984819324 106.85
45.5515453903 106.83
46.2141078749 106.81
46.8863075528 106.78
47.5682846001 106.76
48.260181232 106.74
48.9621417322 106.71
49.6743124829 106.69
50.3968419958 106.67
51.1298809424 106.64
51.873582186 106.60
52.6281008133 106.57
53.3935941668 106.53
54.1702218775 106.48
54.9581458983 106.44
55.757530538 106.39
56.5685424949 106.35
57.3913508924 106.30
58.2261273137 106.26
59.0730458376 106.22
59.9322830751 106.18
60.804018206 106.14
61.6884330163 106.09
62.5857119363 106.05
63.4960420787 106.01
64.419613278 105.97
65.3566181296 105.92
66.3072520307 105.88
67.2717132203 105.83
68.2502028209 105.78
69.2429248805 105.72
70.2500864149 105.67
71.2718974512 105.62
72.3085710713 105.57
73.3603234564 105.51
74.4273739322 105.46
75.5099450145 105.41
76.6082624559 105.36
77.7225552923 105.31
78.8530558912 105.25
80 105.20
81.163626795 105.13
82.3441789315 105.07
83.5419025942 105.00
84.7570475487 104.94
85.9898671937 104.88
87.2406186132 104.81
88.5095626311 104.75
89.7969638648 104.68
91.1030907805 104.61
92.4282157498 104.55
93.7726151055 104.48
95.1365692002 104.41
96.520362464 104.34
97.9242834644 104.27
99.3486249659 104.21
100.7936839916 104.14
102.2597618848 104.07
103.7471643721 104.00
105.2562016267 103.93
106.7871883336 103.86
108.340443755 103.78
109.9162917966 103.70
111.5150610759 103.63
113.1370849898 103.55
114.7827017849 103.47
116.4522546274 103.40
118.1460916752 103.32
119.8645661501 103.25
121.6080364119 103.17
123.3768660326 103.09
125.1714238726 103.01
126.9920841575 102.93
128.8392265559 102.85
130.7132362593 102.77
132.6145040614 102.69
134.5434264406 102.60
136.5004056418 102.52
138.485849761 102.44
140.5001728299 102.35
142.5437949025 102.27
144.6171421426 102.19
146.7206469127 102.10
148.8547478643 102.02
151.0198900291 101.94
153.2165249118 101.86
155.4451105846 101.78
157.7061117824 101.70
160 101.63
162.32725359 101.56
164.688357863 101.49
167.0838051884 101.42
169.5140950975 101.35
171.9797343873 101.29
174.4812372264 101.22
177.0191252622 101.17
179.5939277295 101.11
182.2061815611 101.04
184.8564314996 100.98
187.5452302111 100.91
190.2731384004 100.84
193.0407249281 100.76
195.8485669287 100.69
198.6972499318 100.62
201.5873679832 100.54
204.5195237697 100.47
207.4943287442 100.39
210.5124032534 100.31
213.5743766672 100.24
216.6808875099 100.16
219.8325835933 100.08
223.0301221518 100.00
226.2741699797 99.92
229.5654035698 99.84
232.9045092548 99.76
236.2921833503 99.68
239.7291323003 99.61
243.2160728239 99.53
246.7537320653 99.45
250.3428477452 99.38
253.9841683149 99.30
257.6784531119 99.23
261.4264725186 99.16
265.2290081229 99.08
269.0868528812 99.01
273.0008112836 98.94
276.971699522 98.87
281.0003456597 98.80
285.0875898049 98.73
289.2342842852 98.66
293.4412938255 98.58
297.7094957287 98.51
302.0397800581 98.44
306.4330498235 98.37
310.8902211692 98.31
315.4122235649 98.24
320 98.17
324.65450718 98.11
329.3767157259 98.05
334.1676103768 97.99
339.028190195 97.94
343.9594687746 97.88
348.9624744529 97.82
354.0382505244 97.77
359.187855459 97.70
364.4123631221 97.64
369.7128629991 97.58
375.0904604222 97.52
380.5462768009 97.46
386.0814498562 97.39
391.6971338575 97.33
397.3944998635 97.27
403.1747359664 97.21
409.0390475393 97.16
414.9886574883 97.10
421.0248065068 97.05
427.1487533344 97.00
433.3617750198 96.95
439.6651671866 96.91
446.0602443037 96.86
452.5483399594 96.82
459.1308071395 96.78
465.8090185095 96.73
472.5843667007 96.69
479.4582646005 96.65
486.4321456477 96.62
493.5074641306 96.58
500.6856954905 96.54
507.9683366298 96.50
515.3569062238 96.46
522.8529450372 96.42
530.4580162458 96.38
538.1737057624 96.34
546.0016225673 96.30
553.9433990439 96.26
562.0006913195 96.22
570.1751796098 96.20
578.4685685703 96.17
586.882587651 96.14
595.4189914574 96.12
604.0795601163 96.10
612.8660996471 96.07
621.7804423383 96.05
630.8244471297 96.03
640 96.02
649.30901436 96.00
658.7534314519 95.99
668.3352207536 95.98
678.05638039 95.97
687.9189375493 95.96
697.9249489058 95.96
708.0765010489 95.97
718.375710918 95.97
728.8247262443 95.98
739.4257259983 96.00
750.1809208443 96.02
761.0925536018 96.04
772.1628997124 96.07
783.394267715 96.11
794.7889997271 96.15
806.3494719327 96.20
818.0780950787 96.25
829.9773149767 96.31
842.0496130136 96.37
854.2975066688 96.44
866.7235500396 96.50
879.3303343732 96.58
892.1204886074 96.65
905.0966799188 96.73
918.2616142791 96.81
931.618037019 96.90
945.1687334013 96.99
958.9165292011 97.08
972.8642912955 97.18
987.0149282611 97.28
1001.371390981 97.38
1015.9366732597 97.48
1030.7138124476 97.59
1045.7058900743 97.69
1060.9160324916 97.80
1076.3474115248 97.91
1092.0032451345 98.02
1107.8867980879 98.14
1124.0013826389 98.25
1140.3503592197 98.36
1156.9371371406 98.48
1173.765175302 98.59
1190.8379829148 98.70
1208.1591202326 98.82
1225.7321992942 98.93
1243.5608846767 99.04
1261.6488942595 99.15
1280 99.26
1298.6180287201 99.37
1317.5068629037 99.48
1336.6704415071 99.58
1356.1127607799 99.69
1375.8378750985 99.79
1395.8498978116 99.90
1416.1530020977 100.00
1436.751421836 100.11
1457.6494524886 100.21
1478.8514519966 100.32
1500.3618416887 100.43
1522.1851072035 100.53
1544.3257994247 100.64
1566.78853543 100.75
1589.5779994541 100.86
1612.6989438655 100.98
1636.1561901574 101.09
1659.9546299533 101.20
1684.0992260271 101.32
1708.5950133377 101.44
1733.4471000793 101.55
1758.6606687464 101.68
1784.2409772148 101.80
1810.1933598376 101.93
1836.5232285581 102.06
1863.2360740381 102.19
1890.3374668026 102.32
1917.8330584022 102.46
1945.7285825909 102.59
1974.0298565222 102.73
2002.742781962 102.87
2031.8733465194 103.01
2061.4276248951 103.15
2091.4117801487 103.29
2121.8320649832 103.43
2152.6948230496 103.57
2184.0064902691 103.71
2215.7735961758 103.85
2248.0027652779 103.99
2280.7007184393 104.12
2313.8742742813 104.24
2347.530350604 104.37
2381.6759658296 104.48
2416.3182404652 104.60
2451.4643985884 104.71
2487.1217693533 104.82
2523.297788519 104.92
2560.0000000001 105.03
2597.2360574402 105.13
2635.0137258074 105.23
2673.3408830143 105.33
2712.2255215599 105.41
2751.6757501971 105.48
2791.6997956232 105.55
2832.3060041955 105.60
2873.5028436721 105.65
2915.2989049772 105.69
2957.7029039931 105.72
3000.7236833774 105.74
3044.3702144071 105.75
3088.6515988494 105.75
3133.57707086 105.75
3179.1559989082 105.73
3225.397887731 105.70
3272.3123803148 105.67
3319.9092599067 105.64
3368.1984520542 105.60
3417.1900266754 105.56
3466.8942001586 105.51
3517.3213374928 105.47
3568.4819544296 105.43
3620.3867196753 105.39
3673.0464571163 105.35
3726.4721480761 105.32
3780.6749336053 105.29
3835.6661168044 105.26
3891.4571651819 105.24
3948.0597130445 105.22
4005.4855639241 105.20
4063.7466930387 105.18
4122.8552497902 105.16
4182.8235602974 105.14
4243.6641299665 105.12
4305.3896460992 105.10
4368.0129805382 105.07
4431.5471923516 105.03
4496.0055305558 104.99
4561.4014368787 104.94
4627.7485485626 104.88
4695.0607012081 104.81
4763.3519316592 104.74
4832.6364809305 104.65
4902.9287971769 104.55
4974.2435387067 104.43
5046.595577038 104.29
5120.0000000002 104.15
5194.4721148803 103.98
5270.0274516149 103.79
5346.6817660286 103.59
5424.4510431198 103.37
5503.3515003942 103.14
5583.3995912463 102.91
5664.6120083911 102.68
5747.0056873442 102.45
5830.5978099545 102.23
5915.4058079863 102.02
6001.4473667548 101.81
6088.7404288142 101.63
6177.3031976989 101.47
6267.1541417201 101.34
6358.3119978165 101.25
6450.795775462 101.18
6544.6247606297 101.15
6639.8185198134 101.17
6736.3969041085 101.23
6834.3800533509 101.36
6933.7884003172 101.54
7034.6426749857 101.81
7136.9639088592 102.14
7240.7734393506 102.55
7346.0929142326 103.00
7452.9442961523 103.51
7561.3498672106 104.02
7671.3322336089 104.52
7782.9143303638 104.98
7896.119426089 105.31
8010.9711278481 105.60
8127.4933860775 105.55
8245.7104995805 105.51
8365.6471205948 105.03
8487.328259933 104.54
8610.7792921984 103.70
8736.0259610765 102.81
8863.0943847033 101.71
8992.0110611117 100.58
9122.8028737575 99.39
9255.4970971253 98.19
9390.1214024162 97.07
9526.7038633184 95.97
9665.272961861 95.02
9805.8575943538 94.13
9948.4870774134 93.38
10093.191154076 92.76
10240.0000000005 92.21
10388.9442297607 91.79
10540.0549032298 91.46
10693.3635320572 91.25
10848.9020862397 91.12
11006.7030007884 91.14
11166.7991824927 91.22
11329.2240167822 91.48
11494.0113746885 91.78
11661.1956199091 92.30
11830.8116159726 92.86
12002.8947335097 93.57
12177.4808576284 94.29
12354.6063953979 95.04
12534.3082834402 95.79
12716.6239956331 96.43
12901.5915509241 96.90
13089.2495212594 97.22
13279.637039627 97.36
13472.7938082171 97.22
13668.7601067018 96.94
13867.5768006344 96.42
14069.2853499715 95.83
14273.9278177184 95.12
14481.5468787012 94.41
14692.1858284653 93.81
14905.8885923047 93.21
15122.6997344212 92.75
15342.6644672179 92.40
15565.8286607277 92.09
15792.2388521781 91.85
16021.9422556964 91.61
16254.9867721551 91.26
16491.4209991611 90.90
16731.2942411897 90.31
16974.656519866 89.71
17221.5585843969 88.93
17472.0519221531 88.12
17726.1887694067 87.27
17984.0221222235 86.41
18245.605747515 85.66
18510.9941942506 84.92
18780.2428048326 84.46
19053.4077266369 84.06
19330.545923722 83.93
19611.7151887077 83.86
19896.9741548268 83.87
20186.382308152 83.88
