20 105.09
20.2909066988 105.13
20.5860447329 105.16
20.8854756485 105.17
21.1892618872 105.18
21.4974667984 105.19
21.8101546533 105.20
22.1273906578 105.23
22.4492409662 105.27
22.7757726951 105.31
23.1070539374 105.35
23.4431537764 105.38
23.7841423001 105.41
24.130090616 105.45
24.4810708661 105.48
24.8371562415 105.52
25.1984209979 105.54
25.5649404712 105.56
25.936791093 105.57
26.3140504067 105.56
26.6967970834 105.56
27.0851109387 105.57
27.4790729492 105.59
27.878765269 105.62
28.2842712475 105.63
28.6956754462 105.62
29.1130636568 105.62
29.5365229188 105.61
29.9661415375 105.59
30.402009103 105.60
30.8442165082 105.60
31.2928559682 105.59
31.7480210394 105.58
32.209806639 105.56
32.6783090648 105.55
33.1536260154 105.54
33.6358566101 105.53
34.1251014105 105.51
34.6214624402 105.49
35.1250432075 105.48
35.6359487256 105.47
36.1542855356 105.46
36.6801617282 105.45
37.2136869661 105.43
37.7549725073 105.41
38.3041312279 105.38
38.8612776461 105.36
39.4265279456 105.35
40 105.33
40.5818133975 105.32
41.1720894657 105.30
41.7709512971 105.27
42.3785237744 105.23
42.9949335968 105.20
43.6203093066 105.17
44.2547813156 105.14
44.8984819324 105.11
45.5515453903 105.07
46.2141078749 105.03
46.8863075528 104.99
47.5682846001 104.95
48.260181232 104.91
48.9621417322 104.87
49.6743124829 104.82
50.3968419958 104.77
51.1298809424 104.72
51.873582186 104.68
52.6281008133 104.63
53.3935941668 104.58
54.1702218775 104.52
54.9581458983 104.47
55.757530538 104.43
56.5685424949 104.37
57.3913508924 104.31
58.2261273137 104.26
59.0730458376 104.20
59.9322830751 104.14
60.804018206 104.08
61.6884330163 104.02
62.5857119363 103.96
63.4960420787 103.90
64.419613278 103.84
65.3566181296 103.78
66.3072520307 103.71
67.2717132203 103.64
68.2502028209 103.57
69.2429248805 103.50
70.2500864149 103.43
71.2718974512 103.36
72.3085710713 103.28
73.3603234564 103.21
74.4273739322 103.13
75.5099450145 103.06
76.6082624559 102.98
77.7225552923 102.90
78.8530558912 102.82
80 102.74
81.163626795 102.66
82.3441789315 102.57
83.5419025942 102.48
84.7570475487 102.40
85.9898671937 102.31
87.2406186132 102.22
88.5095626311 102.13
89.7969638648 102.03
91.1030907805 101.94
92.4282157498 101.85
93.7726151055 101.75
95.1365692002 101.66
96.520362464 101.56
97.9242834644 101.46
99.3486249659 101.37
100.7936839916 101.27
102.2597618848 101.17
103.7471643721 101.07
105.2562016267 100.97
106.7871883336 100.87
108.340443755 100.77
109.9162917966 100.67
111.5150610759 100.56
113.1370849898 100.46
114.7827017849 100.36
116.4522546274 100.26
118.1460916752 100.15
119.8645661501 100.05
121.6080364119 99.94
123.3768660326 99.83
125.1714238726 99.72
126.9920841575 99.61
128.8392265559 99.50
130.7132362593 99.39
132.6145040614 99.28
134.5434264406 99.17
136.5004056418 99.06
138.485849761 98.95
140.5001728299 98.85
142.5437949025 98.74
144.6171421426 98.64
146.7206469127 98.54
148.8547478643 98.43
151.0198900291 98.33
153.2165249118 98.23
155.4451105846 98.12
157.7061117824 98.02
160 97.92
162.32725359 97.82
164.688357863 97.72
167.0838051884 97.62
169.5140950975 97.52
171.9797343873 97.42
174.4812372264 97.33
177.0191252622 97.24
179.5939277295 97.14
182.2061815611 97.06
184.8564314996 96.98
187.5452302111 96.90
190.2731384004 96.82
193.0407249281 96.75
195.8485669287 96.67
198.6972499318 96.60
201.5873679832 96.53
204.5195237697 96.46
207.4943287442 96.40
210.5124032534 96.33
213.5743766672 96.27
216.6808875099 96.20
219.8325835933 96.14
223.0301221518 96.09
226.2741699797 96.03
229.5654035698 95.97
232.9045092548 95.91
236.2921833503 95.85
239.7291323003 95.80
243.2160728239 95.74
246.7537320653 95.69
250.3428477452 95.64
253.9841683149 95.60
257.6784531119 95.55
261.4264725186 95.51
265.2290081229 95.47
269.0868528812 95.44
273.0008112836 95.41
276.971699522 95.38
281.0003456597 95.35
285.0875898049 95.33
289.2342842852 95.31
293.4412938255 95.29
297.7094957287 95.28
302.0397800581 95.26
306.4330498235 95.25
310.8902211692 95.24
315.4122235649 95.23
320 95.22
324.65450718 95.21
329.3767157259 95.21
334.1676103768 95.20
339.028190195 95.20
343.9594687746 95.19
348.9624744529 95.19
354.0382505244 95.19
359.187855459 95.20
364.4123631221 95.20
369.7128629991 95.21
375.0904604222 95.22
380.5462768009 95.22
386.0814498562 95.22
391.6971338575 95.22
397.3944998635 95.21
403.1747359664 95.21
409.0390475393 95.20
414.9886574883 95.20
421.0248065068 95.21
427.1487533344 95.22
433.3617750198 95.24
439.6651671866 95.25
446.0602443037 95.27
452.5483399594 95.28
459.1308071395 95.30
465.8090185095 95.32
472.5843667007 95.33
479.4582646005 95.35
486.4321456477 95.37
493.5074641306 95.38
500.6856954905 95.40
507.9683366298 95.42
515.3569062238 95.43
522.8529450372 95.45
530.4580162458 95.46
538.1737057624 95.47
546.0016225673 95.49
553.9433990439 95.50
562.0006913195 95.51
570.1751796098 95.52
578.4685685703 95.52
586.882587651 95.53
595.4189914574 95.53
604.0795601163 95.53
612.8660996471 95.54
621.7804423383 95.54
630.8244471297 95.54
640 95.55
649.30901436 95.55
658.7534314519 95.56
668.3352207536 95.56
678.05638039 95.57
687.9189375493 95.57
697.9249489058 95.58
708.0765010489 95.58
718.375710918 95.59
728.8247262443 95.59
739.4257259983 95.60
750.1809208443 95.61
761.0925536018 95.63
772.1628997124 95.64
783.394267715 95.67
794.7889997271 95.70
806.3494719327 95.73
818.0780950787 95.77
829.9773149767 95.81
842.0496130136 95.85
854.2975066688 95.91
866.7235500396 95.96
879.3303343732 96.03
892.1204886074 96.09
905.0966799188 96.17
918.2616142791 96.26
931.618037019 96.36
945.1687334013 96.46
958.9165292011 96.57
972.8642912955 96.69
987.0149282611 96.82
1001.371390981 96.96
1015.9366732597 97.11
1030.7138124476 97.26
1045.7058900743 97.43
1060.9160324916 97.60
1076.3474115248 97.78
1092.0032451345 97.97
1107.8867980879 98.18
1124.0013826389 98.39
1140.3503592197 98.60
1156.9371371406 98.82
1173.765175302 99.05
1190.8379829148 99.28
1208.1591202326 99.52
1225.7321992942 99.77
1243.5608846767 100.01
1261.6488942595 100.26
1280 100.51
1298.6180287201 100.75
1317.5068629037 101.00
1336.6704415071 101.25
1356.1127607799 101.49
1375.8378750985 101.73
1395.8498978116 101.97
1416.1530020977 102.18
1436.751421836 102.40
1457.6494524886 102.60
1478.8514519966 102.77
1500.3618416887 102.95
1522.1851072035 103.10
1544.3257994247 103.24
1566.78853543 103.36
1589.5779994541 103.46
1612.6989438655 103.55
1636.1561901574 103.62
1659.9546299533 103.67
1684.0992260271 103.71
1708.5950133377 103.74
1733.4471000793 103.76
1758.6606687464 103.77
1784.2409772148 103.76
1810.1933598376 103.76
1836.5232285581 103.75
1863.2360740381 103.74
1890.3374668026 103.74
1917.8330584022 103.73
1945.7285825909 103.73
1974.0298565222 103.74
2002.742781962 103.74
2031.8733465194 103.76
2061.4276248951 103.77
2091.4117801487 103.79
2121.8320649832 103.81
2152.6948230496 103.84
2184.0064902691 103.87
2215.7735961758 103.91
2248.0027652779 103.95
2280.7007184393 104.01
2313.8742742813 104.06
2347.530350604 104.11
2381.6759658296 104.15
2416.3182404652 104.19
2451.4643985884 104.22
2487.1217693533 104.25
2523.297788519 104.25
2560.0000000001 104.25
2597.2360574402 104.24
2635.0137258074 104.21
2673.3408830143 104.16
2712.2255215599 104.11
2751.6757501971 104.04
2791.6997956232 103.96
2832.3060041955 103.88
2873.5028436721 103.80
2915.2989049772 103.73
2957.7029039931 103.66
3000.7236833774 103.60
3044.3702144071 103.55
3088.6515988494 103.50
3133.57707086 103.46
3179.1559989082 103.41
3225.397887731 103.35
3272.3123803148 103.31
3319.9092599067 103.26
3368.1984520542 103.22
3417.1900266754 103.18
3466.8942001586 103.14
3517.3213374928 103.10
3568.4819544296 103.07
3620.3867196753 103.03
3673.0464571163 103.01
3726.4721480761 102.98
3780.6749336053 102.96
3835.6661168044 102.94
3891.4571651819 102.92
3948.0597130445 102.90
4005.4855639241 102.87
4063.7466930387 102.82
4122.8552497902 102.77
4182.8235602974 102.67
4243.6641299665 102.56
4305.3896460992 102.39
4368.0129805382 102.20
4431.5471923516 101.92
4496.0055305558 101.64
4561.4014368787 101.28
4627.7485485626 100.92
4695.0607012081 100.52
4763.3519316592 100.13
4832.6364809305 99.74
4902.9287971769 99.35
4974.2435387067 98.99
5046.595577038 98.65
5120.0000000002 98.32
5194.4721148803 98.03
5270.0274516149 97.75
5346.6817660286 97.51
5424.4510431198 97.29
5503.3515003942 97.11
5583.3995912463 96.95
5664.6120083911 96.86
5747.0056873442 96.80
5830.5978099545 96.77
5915.4058079863 96.83
6001.4473667548 96.88
6088.7404288142 97.05
6177.3031976989 97.25
6267.1541417201 97.54
6358.3119978165 97.92
6450.795775462 98.34
6544.6247606297 98.79
6639.8185198134 99.27
6736.3969041085 99.72
6834.3800533509 100.09
6933.7884003172 100.38
7034.6426749857 100.51
7136.9639088592 100.56
7240.7734393506 100.49
7346.0929142326 100.37
7452.9442961523 100.19
7561.3498672106 99.92
7671.3322336089 99.58
7782.9143303638 99.20
7896.119426089 98.72
8010.9711278481 98.31
8127.4933860775 98.66
8245.7104995805 99.01
8365.6471205948 99.96
8487.328259933 100.95
8610.7792921984 101.33
8736.0259610765 101.63
8863.0943847033 101.23
8992.0110611117 100.73
9122.8028737575 100.01
9255.4970971253 99.26
9390.1214024162 98.71
9526.7038633184 98.22
9665.272961861 98.00
9805.8575943538 97.93
9948.4870774134 98.07
10093.191154076 98.39
10240.0000000005 98.80
10388.9442297607 99.26
10540.0549032298 99.74
10693.3635320572 100.05
10848.9020862397 100.24
11006.7030007884 100.01
11166.7991824927 99.58
11329.2240167822 98.70
11494.0113746885 97.69
11661.1956199091 96.51
11830.8116159726 95.35
12002.8947335097 94.38
12177.4808576284 93.39
12354.6063953979 92.73
12534.3082834402 92.18
12716.6239956331 91.91
12901.5915509241 91.88
13089.2495212594 92.04
13279.637039627 92.43
13472.7938082171 93.15
13668.7601067018 94.05
13867.5768006344 95.26
14069.2853499715 96.40
14273.9278177184 97.39
14481.5468787012 98.40
14692.1858284653 98.33
14905.8885923047 98.15
15122.6997344212 97.96
15342.6644672179 97.75
15565.8286607277 97.78
15792.2388521781 98.43
16021.9422556964 99.06
16254.9867721551 99.56
16491.4209991611 100.06
16731.2942411897 99.72
16974.656519866 99.35
17221.5585843969 98.13
17472.0519221531 96.79
17726.1887694067 95.10
17984.0221222235 93.33
18245.605747515 91.72
18510.9941942506 90.11
18780.2428048326 88.94
19053.4077266369 87.83
19330.545923722 87.04
19611.7151887077 86.41
19896.9741548268 86.03
20186.382308152 85.89
