20 111.42
20.2909066988 111.44
20.5860447329 111.46
20.8854756485 111.52
21.1892618872 111.58
21.4974667984 111.65
21.8101546533 111.73
22.1273906578 111.79
22.4492409662 111.86
22.7757726951 111.91
23.1070539374 111.96
23.4431537764 112.01
23.7841423001 112.06
24.130090616 112.10
24.4810708661 112.14
24.8371562415 112.18
25.1984209979 112.22
25.5649404712 112.26
25.936791093 112.29
26.3140504067 112.33
26.6967970834 112.37
27.0851109387 112.40
27.4790729492 112.43
27.878765269 112.46
28.2842712475 112.49
28.6956754462 112.52
29.1130636568 112.55
29.5365229188 112.58
29.9661415375 112.60
30.402009103 112.63
30.8442165082 112.66
31.2928559682 112.70
31.7480210394 112.73
32.209806639 112.77
32.6783090648 112.79
33.1536260154 112.81
33.6358566101 112.82
34.1251014105 112.83
34.6214624402 112.84
35.1250432075 112.87
35.6359487256 112.88
36.1542855356 112.88
36.6801617282 112.88
37.2136869661 112.88
37.7549725073 112.89
38.3041312279 112.92
38.8612776461 112.95
39.4265279456 112.96
40 112.97
40.5818133975 112.96
41.1720894657 112.96
41.7709512971 112.96
42.3785237744 112.97
42.9949335968 112.96
43.6203093066 112.96
44.2547813156 112.96
44.8984819324 112.96
45.5515453903 112.96
46.2141078749 112.95
46.8863075528 112.95
47.5682846001 112.94
48.260181232 112.93
48.9621417322 112.92
49.6743124829 112.92
50.3968419958 112.91
51.1298809424 112.90
51.873582186 112.89
52.6281008133 112.87
53.3935941668 112.86
54.1702218775 112.85
54.9581458983 112.84
55.757530538 112.82
56.5685424949 112.81
57.3913508924 112.80
58.2261273137 112.79
59.0730458376 112.77
59.9322830751 112.76
60.804018206 112.74
61.6884330163 112.72
62.5857119363 112.69
63.4960420787 112.67
64.419613278 112.64
65.3566181296 112.62
66.3072520307 112.60
67.2717132203 112.58
68.2502028209 112.55
69.2429248805 112.52
70.2500864149 112.49
71.2718974512 112.46
72.3085710713 112.43
73.3603234564 112.39
74.4273739322 112.35
75.5099450145 112.31
76.6082624559 112.29
77.7225552923 112.26
78.8530558912 112.24
80 112.21
81.163626795 112.18
82.3441789315 112.14
83.5419025942 112.11
84.7570475487 112.07
85.9898671937 112.04
87.2406186132 112.00
88.5095626311 111.97
89.7969638648 111.93
91.1030907805 111.89
92.4282157498 111.85
93.7726151055 111.81
95.1365692002 111.77
96.520362464 111.72
97.9242834644 111.68
99.3486249659 111.64
100.7936839916 111.59
102.2597618848 111.55
103.7471643721 111.50
105.2562016267 111.46
106.7871883336 111.41
108.340443755 111.36
109.9162917966 111.32
111.5150610759 111.27
113.1370849898 111.22
114.7827017849 111.18
116.4522546274 111.12
118.1460916752 111.07
119.8645661501 111.02
121.6080364119 110.96
123.3768660326 110.91
125.1714238726 110.86
126.9920841575 110.81
128.8392265559 110.75
130.7132362593 110.70
132.6145040614 110.64
134.5434264406 110.58
136.5004056418 110.52
138.485849761 110.45
140.5001728299 110.39
142.5437949025 110.33
144.6171421426 110.27
146.7206469127 110.20
148.8547478643 110.14
151.0198900291 110.07
153.2165249118 109.99
155.4451105846 109.91
157.7061117824 109.84
160 109.76
162.32725359 109.71
164.688357863 109.66
167.0838051884 109.63
169.5140950975 109.60
171.9797343873 109.57
174.4812372264 109.54
177.0191252622 109.49
179.5939277295 109.43
182.2061815611 109.37
184.8564314996 109.30
187.5452302111 109.23
190.2731384004 109.16
193.0407249281 109.10
195.8485669287 109.03
198.6972499318 108.97
201.5873679832 108.91
204.5195237697 108.84
207.4943287442 108.78
210.5124032534 108.71
213.5743766672 108.65
216.6808875099 108.58
219.8325835933 108.52
223.0301221518 108.45
226.2741699797 108.38
229.5654035698 108.30
232.9045092548 108.23
236.2921833503 108.16
239.7291323003 108.10
243.2160728239 108.03
246.7537320653 107.96
250.3428477452 107.90
253.9841683149 107.83
257.6784531119 107.76
261.4264725186 107.69
265.2290081229 107.62
269.0868528812 107.55
273.0008112836 107.49
276.971699522 107.42
281.0003456597 107.35
285.0875898049 107.29
289.2342842852 107.22
293.4412938255 107.15
297.7094957287 107.09
302.0397800581 107.02
306.4330498235 106.95
310.8902211692 106.89
315.4122235649 106.83
320 106.76
324.65450718 106.69
329.3767157259 106.62
334.1676103768 106.56
339.028190195 106.49
343.9594687746 106.42
348.9624744529 106.35
354.0382505244 106.29
359.187855459 106.22
364.4123631221 106.16
369.7128629991 106.09
375.0904604222 106.03
380.5462768009 105.96
386.0814498562 105.90
391.6971338575 105.84
397.3944998635 105.78
403.1747359664 105.72
409.0390475393 105.67
414.9886574883 105.61
421.0248065068 105.55
427.1487533344 105.49
433.3617750198 105.43
439.6651671866 105.38
446.0602443037 105.32
452.5483399594 105.26
459.1308071395 105.21
465.8090185095 105.15
472.5843667007 105.10
479.4582646005 105.05
486.4321456477 104.99
493.5074641306 104.94
500.6856954905 104.89
507.9683366298 104.84
515.3569062238 104.80
522.8529450372 104.75
530.4580162458 104.70
538.1737057624 104.65
546.0016225673 104.61
553.9433990439 104.57
562.0006913195 104.52
570.1751796098 104.48
578.4685685703 104.43
586.882587651 104.39
595.4189914574 104.35
604.0795601163 104.31
612.8660996471 104.27
621.7804423383 104.24
630.8244471297 104.20
640 104.17
649.30901436 104.14
658.7534314519 104.11
668.3352207536 104.08
678.05638039 104.05
687.9189375493 104.02
697.9249489058 103.99
708.0765010489 103.97
718.375710918 103.95
728.8247262443 103.93
739.4257259983 103.91
750.1809208443 103.90
761.0925536018 103.89
772.1628997124 103.87
783.394267715 103.87
794.7889997271 103.88
806.3494719327 103.89
818.0780950787 103.90
829.9773149767 103.91
842.0496130136 103.93
854.2975066688 103.94
866.7235500396 103.97
879.3303343732 103.99
892.1204886074 104.03
905.0966799188 104.07
918.2616142791 104.11
931.618037019 104.16
945.1687334013 104.21
958.9165292011 104.27
972.8642912955 104.33
987.0149282611 104.40
1001.371390981 104.48
1015.9366732597 104.56
1030.7138124476 104.64
1045.7058900743 104.73
1060.9160324916 104.82
1076.3474115248 104.91
1092.0032451345 105.01
1107.8867980879 105.11
1124.0013826389 105.20
1140.3503592197 105.30
1156.9371371406 105.39
1173.765175302 105.49
1190.8379829148 105.58
1208.1591202326 105.67
1225.7321992942 105.77
1243.5608846767 105.86
1261.6488942595 105.96
1280 106.05
1298.6180287201 106.15
1317.5068629037 106.25
1336.6704415071 106.35
1356.1127607799 106.45
1375.8378750985 106.55
1395.8498978116 106.65
1416.1530020977 106.76
1436.751421836 106.87
1457.6494524886 106.98
1478.8514519966 107.10
1500.3618416887 107.22
1522.1851072035 107.35
1544.3257994247 107.48
1566.78853543 107.62
1589.5779994541 107.77
1612.6989438655 107.92
1636.1561901574 108.08
1659.9546299533 108.25
1684.0992260271 108.42
1708.5950133377 108.60
1733.4471000793 108.79
1758.6606687464 108.98
1784.2409772148 109.18
1810.1933598376 109.38
1836.5232285581 109.58
1863.2360740381 109.79
1890.3374668026 110.00
1917.8330584022 110.21
1945.7285825909 110.42
1974.0298565222 110.63
2002.742781962 110.83
2031.8733465194 111.04
2061.4276248951 111.24
2091.4117801487 111.43
2121.8320649832 111.62
2152.6948230496 111.80
2184.0064902691 111.98
2215.7735961758 112.14
2248.0027652779 112.30
2280.7007184393 112.44
2313.8742742813 112.57
2347.530350604 112.69
2381.6759658296 112.79
2416.3182404652 112.88
2451.4643985884 112.96
2487.1217693533 113.03
2523.297788519 113.09
2560.0000000001 113.14
2597.2360574402 113.16
2635.0137258074 113.17
2673.3408830143 113.16
2712.2255215599 113.14
2751.6757501971 113.10
2791.6997956232 113.05
2832.3060041955 113.01
2873.5028436721 112.95
2915.2989049772 112.90
2957.7029039931 112.84
3000.7236833774 112.78
3044.3702144071 112.72
3088.6515988494 112.65
3133.57707086 112.59
3179.1559989082 112.53
3225.397887731 112.47
3272.3123803148 112.43
3319.9092599067 112.39
3368.1984520542 112.37
3417.1900266754 112.35
3466.8942001586 112.35
3517.3213374928 112.36
3568.4819544296 112.38
3620.3867196753 112.41
3673.0464571163 112.45
3726.4721480761 112.49
3780.6749336053 112.55
3835.6661168044 112.60
3891.4571651819 112.66
3948.0597130445 112.71
4005.4855639241 112.76
4063.7466930387 112.79
4122.8552497902 112.82
4182.8235602974 112.80
4243.6641299665 112.78
4305.3896460992 112.70
4368.0129805382 112.62
4431.5471923516 112.47
4496.0055305558 112.33
4561.4014368787 112.13
4627.7485485626 111.91
4695.0607012081 111.66
4763.3519316592 111.38
4832.6364809305 111.08
4902.9287971769 110.75
4974.2435387067 110.41
5046.595577038 110.06
5120.0000000002 109.70
5194.4721148803 109.35
5270.0274516149 108.99
5346.6817660286 108.64
5424.4510431198 108.30
5503.3515003942 107.99
5583.3995912463 107.68
5664.6120083911 107.41
5747.0056873442 107.15
5830.5978099545 106.92
5915.4058079863 106.74
6001.4473667548 106.56
6088.7404288142 106.46
6177.3031976989 106.39
6267.1541417201 106.37
6358.3119978165 106.43
6450.795775462 106.53
6544.6247606297 106.70
6639.8185198134 106.95
6736.3969041085 107.26
6834.3800533509 107.67
6933.7884003172 108.12
7034.6426749857 108.67
7136.9639088592 109.23
7240.7734393506 109.84
7346.0929142326 110.40
7452.9442961523 110.92
7561.3498672106 111.33
7671.3322336089 111.64
7782.9143303638 111.90
7896.119426089 112.02
8010.9711278481 112.13
8127.4933860775 112.04
8245.7104995805 111.95
8365.6471205948 111.57
8487.328259933 111.18
8610.7792921984 110.57
8736.0259610765 109.92
8863.0943847033 109.28
8992.0110611117 108.62
9122.8028737575 108.14
9255.4970971253 107.67
9390.1214024162 107.42
9526.7038633184 107.20
9665.272961861 107.08
9805.8575943538 106.95
9948.4870774134 106.79
10093.191154076 106.61
10240.0000000005 106.41
10388.9442297607 106.30
10540.0549032298 106.27
10693.3635320572 106.29
10848.9020862397 106.35
11006.7030007884 106.45
11166.7991824927 106.56
11329.2240167822 106.66
11494.0113746885 106.76
11661.1956199091 106.72
11830.8116159726 106.64
12002.8947335097 106.42
12177.4808576284 106.20
12354.6063953979 106.01
12534.3082834402 105.85
12716.6239956331 105.85
12901.5915509241 106.03
13089.2495212594 106.37
13279.637039627 106.78
13472.7938082171 107.28
13668.7601067018 107.69
13867.5768006344 107.92
14069.2853499715 108.15
14273.9278177184 108.40
14481.5468787012 108.66
14692.1858284653 109.40
14905.8885923047 110.20
15122.6997344212 110.73
15342.6644672179 111.03
15565.8286607277 111.10
15792.2388521781 110.60
16021.9422556964 110.06
16254.9867721551 109.23
16491.4209991611 108.39
16731.2942411897 107.43
16974.656519866 106.46
17221.5585843969 105.76
17472.0519221531 105.08
17726.1887694067 104.49
17984.0221222235 103.91
18245.605747515 103.10
18510.9941942506 102.25
18780.2428048326 101.32
19053.4077266369 100.37
19330.545923722 99.38
19611.7151887077 98.48
19896.9741548268 97.75
20186.382308152 97.49
