20.000000	116.962
20.290907	117.000
20.586045	117.039
20.885476	117.073
21.189262	117.106
21.497467	117.135
21.810155	117.163
22.127391	117.187
22.449241	117.211
22.775773	117.234
23.107054	117.257
23.443154	117.279
23.784142	117.302
24.130091	117.323
24.481071	117.343
24.837156	117.362
25.198421	117.377
25.564940	117.390
25.936791	117.400
26.314050	117.407
26.696797	117.412
27.085111	117.415
27.479073	117.419
27.878765	117.422
28.284271	117.425
28.695675	117.429
29.113064	117.431
29.536523	117.433
29.966142	117.435
30.402009	117.435
30.844217	117.434
31.292856	117.431
31.748021	117.426
32.209807	117.417
32.678309	117.406
33.153626	117.389
33.635857	117.371
34.125101	117.349
34.621462	117.328
35.125043	117.306
35.635949	117.285
36.154286	117.263
36.680162	117.240
37.213687	117.217
37.754973	117.194
38.304131	117.169
38.861278	117.143
39.426528	117.115
40.000000	117.087
40.581813	117.055
41.172089	117.023
41.770951	116.987
42.378524	116.950
42.994934	116.911
43.620309	116.871
44.254781	116.829
44.898482	116.787
45.551545	116.745
46.214108	116.703
46.886308	116.664
47.568285	116.624
48.260181	116.584
48.962142	116.543
49.674312	116.500
50.396842	116.455
51.129881	116.408
51.873582	116.360
52.628101	116.309
53.393594	116.258
54.170222	116.205
54.958146	116.151
55.757531	116.097
56.568542	116.041
57.391351	115.985
58.226127	115.928
59.073046	115.872
59.932283	115.815
60.804018	115.758
61.688433	115.700
62.585712	115.640
63.496042	115.580
64.419613	115.518
65.356618	115.455
66.307252	115.390
67.271713	115.325
68.250203	115.260
69.242925	115.194
70.250086	115.129
71.271897	115.062
72.308571	114.995
73.360323	114.928
74.427374	114.860
75.509945	114.792
76.608262	114.724
77.722555	114.655
78.853056	114.586
80.000000	114.516
81.163627	114.446
82.344179	114.375
83.541903	114.303
84.757048	114.230
85.989867	114.157
87.240619	114.083
88.509563	114.010
89.796964	113.936
91.103091	113.863
92.428216	113.789
93.772615	113.716
95.136569	113.642
96.520362	113.568
97.924283	113.494
99.348625	113.420
100.793684	113.346
102.259762	113.271
103.747164	113.196
105.256202	113.121
106.787188	113.046
108.340444	112.969
109.916292	112.891
111.515061	112.812
113.137085	112.734
114.782702	112.656
116.452255	112.580
118.146092	112.504
119.864566	112.432
121.608036	112.359
123.376866	112.287
125.171424	112.215
126.992084	112.143
128.839227	112.070
130.713236	111.995
132.614504	111.919
134.543426	111.842
136.500406	111.764
138.485850	111.687
140.500173	111.609
142.543795	111.533
144.617142	111.456
146.720647	111.381
148.854748	111.305
151.019890	111.230
153.216525	111.155
155.445111	111.080
157.706112	111.005
160.000000	110.928
162.327254	110.854
164.688358	110.778
167.083805	110.702
169.514095	110.625
171.979734	110.548
174.481237	110.470
177.019125	110.392
179.593928	110.314
182.206182	110.242
184.856431	110.169
187.545230	110.110
190.273138	110.053
193.040725	110.013
195.848567	109.976
198.697250	109.949
201.587368	109.923
204.519524	109.897
207.494329	109.867
210.512403	109.831
213.574377	109.791
216.680888	109.745
219.832584	109.694
223.030122	109.640
226.274170	109.584
229.565404	109.526
232.904509	109.467
236.292183	109.407
239.729132	109.349
243.216073	109.289
246.753732	109.231
250.342848	109.173
253.984168	109.116
257.678453	109.059
261.426473	109.004
265.229008	108.949
269.086853	108.896
273.000811	108.844
276.971700	108.795
281.000346	108.746
285.087590	108.700
289.234284	108.654
293.441294	108.609
297.709496	108.563
302.039780	108.518
306.433050	108.473
310.890221	108.430
315.412224	108.387
320.000000	108.346
324.654507	108.306
329.376716	108.267
334.167610	108.229
339.028190	108.192
343.959469	108.154
348.962474	108.119
354.038251	108.083
359.187855	108.049
364.412363	108.014
369.712863	107.982
375.090460	107.950
380.546277	107.919
386.081450	107.889
391.697134	107.862
397.394500	107.834
403.174736	107.809
409.039048	107.785
414.988657	107.762
421.024807	107.740
427.148753	107.717
433.361775	107.695
439.665167	107.673
446.060244	107.652
452.548340	107.632
459.130807	107.613
465.809019	107.596
472.584367	107.581
479.458265	107.567
486.432146	107.554
493.507464	107.543
500.685695	107.532
507.968337	107.522
515.356906	107.513
522.852945	107.504
530.458016	107.496
538.173706	107.488
546.001623	107.479
553.943399	107.469
562.000691	107.457
570.175180	107.442
578.468569	107.426
586.882588	107.415
595.418991	107.404
604.079560	107.402
612.866100	107.409
621.780442	107.423
630.824447	107.441
640.000000	107.461
649.309014	107.481
658.753431	107.498
668.335221	107.515
678.056380	107.530
687.918938	107.546
697.924949	107.566
708.076501	107.587
718.375711	107.612
728.824726	107.639
739.425726	107.667
750.180921	107.696
761.092554	107.723
772.162900	107.750
783.394268	107.779
794.789000	107.808
806.349472	107.843
818.078095	107.884
829.977315	107.931
842.049613	107.988
854.297507	108.051
866.723550	108.125
879.330334	108.203
892.120489	108.289
905.096680	108.381
918.261614	108.479
931.618037	108.583
945.168733	108.692
958.916529	108.807
972.864291	108.925
987.014928	109.048
1001.371391	109.174
1015.936673	109.304
1030.713812	109.436
1045.705890	109.572
1060.916032	109.709
1076.347412	109.849
1092.003245	109.991
1107.886798	110.133
1124.001383	110.277
1140.350359	110.421
1156.937137	110.565
1173.765175	110.709
1190.837983	110.852
1208.159120	110.996
1225.732199	111.140
1243.560885	111.283
1261.648894	111.425
1280.000000	111.568
1298.618029	111.707
1317.506863	111.849
1336.670442	111.989
1356.112761	112.130
1375.837875	112.271
1395.849898	112.413
1416.153002	112.554
1436.751422	112.698
1457.649452	112.843
1478.851452	112.989
1500.361842	113.137
1522.185107	113.288
1544.325799	113.440
1566.788535	113.595
1589.577999	113.752
1612.698944	113.913
1636.156190	114.075
1659.954630	114.240
1684.099226	114.408
1708.595013	114.577
1733.447100	114.749
1758.660669	114.923
1784.240977	115.098
1810.193360	115.274
1836.523229	115.450
1863.236074	115.626
1890.337467	115.801
1917.833058	115.973
1945.728583	116.144
1974.029857	116.308
2002.742782	116.471
2031.873347	116.621
2061.427625	116.772
2091.411780	116.905
2121.832065	117.038
2152.694823	117.147
2184.006490	117.254
2215.773596	117.336
2248.002765	117.412
2280.700718	117.463
2313.874274	117.502
2347.530351	117.521
2381.675966	117.519
2416.318240	117.504
2451.464399	117.466
2487.121769	117.414
2523.297789	117.341
2560.000000	117.255
2597.236057	117.155
2635.013726	117.040
2673.340883	116.912
2712.225522	116.774
2751.675750	116.625
2791.699796	116.471
2832.306004	116.309
2873.502844	116.143
2915.298905	115.975
2957.702904	115.805
3000.723683	115.633
3044.370214	115.464
3088.651599	115.296
3133.577071	115.131
3179.155999	114.972
3225.397888	114.814
3272.312380	114.662
3319.909260	114.516
3368.198452	114.374
3417.190027	114.241
3466.894200	114.110
3517.321337	113.989
3568.481954	113.871
3620.386720	113.760
3673.046457	113.652
3726.472148	113.547
3780.674934	113.443
3835.666117	113.339
3891.457165	113.234
3948.059713	113.130
4005.485564	113.028
4063.746693	112.955
4122.855250	112.884
4182.823560	112.863
4243.664130	112.841
4305.389646	112.827
4368.012981	112.814
4431.547192	112.781
4496.005531	112.747
4561.401437	112.691
4627.748549	112.631
4695.060701	112.553
4763.351932	112.470
4832.636481	112.371
4902.928797	112.263
4974.243539	112.145
5046.595577	112.015
5120.000000	111.877
5194.472115	111.730
5270.027452	111.576
5346.681766	111.417
5424.451043	111.254
5503.351500	111.092
5583.399591	110.928
5664.612008	110.775
5747.005687	110.624
5830.597810	110.485
5915.405808	110.367
6001.447367	110.248
6088.740429	110.174
6177.303198	110.116
6267.154142	110.093
6358.311998	110.119
6450.795775	110.174
6544.624761	110.278
6639.818520	110.440
6736.396904	110.648
6834.380053	110.934
6933.788400	111.261
7034.642675	111.665
7136.963909	112.098
7240.773439	112.575
7346.092914	113.045
7452.944296	113.503
7561.349867	113.863
7671.332234	114.148
7782.914330	114.333
7896.119426	114.270
8010.971128	114.168
8127.493386	113.701
8245.710500	113.226
8365.647121	112.440
8487.328260	111.631
8610.779292	110.663
8736.025961	109.664
8863.094385	108.635
8992.011061	107.589
9122.802874	106.615
9255.497097	105.638
9390.121402	104.795
9526.703863	103.975
9665.272962	103.289
9805.857594	102.664
9948.487077	102.139
10093.191154	101.730
10240.000000	101.384
10388.944230	101.154
10540.054903	101.004
10693.363532	100.979
10848.902086	101.035
11006.703001	101.243
11166.799182	101.528
11329.224017	101.996
11494.011375	102.518
11661.195620	103.235
11830.811616	103.988
12002.894734	104.839
12177.480858	105.702
12354.606395	106.517
12534.308283	107.297
12716.623996	107.919
12901.591551	108.359
13089.249521	108.645
13279.637040	108.772
13472.793808	108.672
13668.760107	108.496
13867.576801	108.180
14069.285350	107.868
14273.927818	107.567
14481.546879	107.261
14692.185828	107.081
14905.888592	106.911
15122.699734	106.735
15342.664467	106.552
15565.828661	106.288
15792.238852	105.825
16021.942256	105.324
16254.986772	104.507
16491.420999	103.679
16731.294241	102.653
16974.656520	101.606
17221.558584	100.478
17472.051922	99.326
17726.188769	98.070
17984.022122	96.785
18245.605748	95.327
18510.994194	93.833
18780.242805	92.188
19053.407727	90.533
19330.545924	88.911
19611.715189	87.531
19896.974155	86.542
20186.382308	86.184
