20.000000	114.478
20.290907	114.513
20.586045	114.548
20.885476	114.583
21.189262	114.619
21.497467	114.654
21.810155	114.691
22.127391	114.723
22.449241	114.755
22.775773	114.783
23.107054	114.810
23.443154	114.835
23.784142	114.858
24.130091	114.881
24.481071	114.901
24.837156	114.920
25.198421	114.938
25.564940	114.953
25.936791	114.968
26.314050	114.982
26.696797	114.995
27.085111	115.008
27.479073	115.019
27.878765	115.028
28.284271	115.034
28.695675	115.038
29.113064	115.041
29.536523	115.041
29.966142	115.041
30.402009	115.041
30.844217	115.041
31.292856	115.041
31.748021	115.038
32.209807	115.034
32.678309	115.028
33.153626	115.019
33.635857	115.010
34.125101	115.000
34.621462	114.991
35.125043	114.980
35.635949	114.969
36.154286	114.956
36.680162	114.940
37.213687	114.922
37.754973	114.901
38.304131	114.877
38.861278	114.852
39.426528	114.823
40.000000	114.794
40.581813	114.761
41.172089	114.727
41.770951	114.692
42.378524	114.657
42.994934	114.622
43.620309	114.587
44.254781	114.550
44.898482	114.514
45.551545	114.475
46.214108	114.436
46.886308	114.393
47.568285	114.349
48.260181	114.301
48.962142	114.251
49.674312	114.198
50.396842	114.144
51.129881	114.090
51.873582	114.036
52.628101	113.981
53.393594	113.924
54.170222	113.866
54.958146	113.810
55.757531	113.755
56.568542	113.700
57.391351	113.643
58.226127	113.583
59.073046	113.516
59.932283	113.449
60.804018	113.378
61.688433	113.306
62.585712	113.234
63.496042	113.159
64.419613	113.083
65.356618	113.003
66.307252	112.919
67.271713	112.834
68.250203	112.750
69.242925	112.665
70.250086	112.582
71.271897	112.499
72.308571	112.417
73.360323	112.334
74.427374	112.251
75.509945	112.166
76.608262	112.080
77.722555	111.993
78.853056	111.902
80.000000	111.810
81.163627	111.713
82.344179	111.615
83.541903	111.514
84.757048	111.411
85.989867	111.308
87.240619	111.203
88.509563	111.098
89.796964	110.992
91.103091	110.887
92.428216	110.780
93.772615	110.674
95.136569	110.567
96.520362	110.459
97.924283	110.351
99.348625	110.242
100.793684	110.132
102.259762	110.023
103.747164	109.912
105.256202	109.801
106.787188	109.689
108.340444	109.576
109.916292	109.462
111.515061	109.346
113.137085	109.229
114.782702	109.111
116.452255	108.992
118.146092	108.873
119.864566	108.756
121.608036	108.637
123.376866	108.519
125.171424	108.399
126.992084	108.279
128.839227	108.158
130.713236	108.035
132.614504	107.909
134.543426	107.780
136.500406	107.650
138.485850	107.521
140.500173	107.394
142.543795	107.277
144.617142	107.158
146.720647	107.043
148.854748	106.927
151.019890	106.810
153.216525	106.691
155.445111	106.572
157.706112	106.454
160.000000	106.334
162.327254	106.218
164.688358	106.101
167.083805	105.988
169.514095	105.875
171.979734	105.765
174.481237	105.655
177.019125	105.552
179.593928	105.449
182.206182	105.352
184.856431	105.255
187.545230	105.157
190.273138	105.057
193.040725	104.954
195.848567	104.850
198.697250	104.742
201.587368	104.635
204.519524	104.527
207.494329	104.422
210.512403	104.320
213.574377	104.219
216.680888	104.121
219.832584	104.026
223.030122	103.933
226.274170	103.844
229.565404	103.756
232.904509	103.673
236.292183	103.590
239.729132	103.512
243.216073	103.433
246.753732	103.359
250.342848	103.284
253.984168	103.211
257.678453	103.138
261.426473	103.066
265.229008	102.994
269.086853	102.923
273.000811	102.852
276.971700	102.784
281.000346	102.716
285.087590	102.653
289.234284	102.590
293.441294	102.532
297.709496	102.476
302.039780	102.421
306.433050	102.367
310.890221	102.316
315.412224	102.265
320.000000	102.219
324.654507	102.172
329.376716	102.131
334.167610	102.090
339.028190	102.054
343.959469	102.019
348.962474	101.987
354.038251	101.955
359.187855	101.927
364.412363	101.899
369.712863	101.876
375.090460	101.854
380.546277	101.839
386.081450	101.824
391.697134	101.812
397.394500	101.801
403.174736	101.791
409.039048	101.783
414.988657	101.777
421.024807	101.772
427.148753	101.770
433.361775	101.771
439.665167	101.775
446.060244	101.783
452.548340	101.793
459.130807	101.806
465.809019	101.821
472.584367	101.838
479.458265	101.857
486.432146	101.877
493.507464	101.899
500.685695	101.922
507.968337	101.949
515.356906	101.975
522.852945	102.004
530.458016	102.033
538.173706	102.065
546.001623	102.097
553.943399	102.134
562.000691	102.173
570.175180	102.216
578.468569	102.260
586.882588	102.307
595.418991	102.355
604.079560	102.405
612.866100	102.457
621.780442	102.511
630.824447	102.567
640.000000	102.625
649.309014	102.685
658.753431	102.746
668.335221	102.808
678.056380	102.872
687.918938	102.937
697.924949	103.006
708.076501	103.076
718.375711	103.149
728.824726	103.224
739.425726	103.301
750.180921	103.380
761.092554	103.464
772.162900	103.549
783.394268	103.639
794.789000	103.733
806.349472	103.830
818.078095	103.931
829.977315	104.035
842.049613	104.144
854.297507	104.257
866.723550	104.374
879.330334	104.495
892.120489	104.620
905.096680	104.748
918.261614	104.881
931.618037	105.016
945.168733	105.155
958.916529	105.296
972.864291	105.441
987.014928	105.588
1001.371391	105.737
1015.936673	105.887
1030.713812	106.039
1045.705890	106.189
1060.916032	106.341
1076.347412	106.491
1092.003245	106.641
1107.886798	106.787
1124.001383	106.932
1140.350359	107.073
1156.937137	107.212
1173.765175	107.347
1190.837983	107.477
1208.159120	107.603
1225.732199	107.728
1243.560885	107.846
1261.648894	107.960
1280.000000	108.072
1298.618029	108.175
1317.506863	108.279
1336.670442	108.376
1356.112761	108.473
1375.837875	108.564
1395.849898	108.655
1416.153002	108.741
1436.751422	108.826
1457.649452	108.910
1478.851452	108.991
1500.361842	109.073
1522.185107	109.152
1544.325799	109.232
1566.788535	109.312
1589.577999	109.393
1612.698944	109.475
1636.156190	109.557
1659.954630	109.641
1684.099226	109.727
1708.595013	109.815
1733.447100	109.905
1758.660669	109.998
1784.240977	110.096
1810.193360	110.196
1836.523229	110.301
1863.236074	110.409
1890.337467	110.521
1917.833058	110.639
1945.728583	110.760
1974.029857	110.887
2002.742782	111.019
2031.873347	111.158
2061.427625	111.300
2091.411780	111.452
2121.832065	111.607
2152.694823	111.773
2184.006490	111.943
2215.773596	112.124
2248.002765	112.309
2280.700718	112.503
2313.874274	112.701
2347.530351	112.904
2381.675966	113.109
2416.318240	113.316
2451.464399	113.522
2487.121769	113.728
2523.297789	113.928
2560.000000	114.125
2597.236057	114.316
2635.013726	114.497
2673.340883	114.663
2712.225522	114.821
2751.675750	114.948
2791.699796	115.069
2832.306004	115.146
2873.502844	115.212
2915.298905	115.253
2957.702904	115.249
3000.723683	115.243
3044.370214	115.178
3088.651599	115.091
3133.577071	114.975
3179.155999	114.828
3225.397888	114.661
3272.312380	114.477
3319.909260	114.272
3368.198452	114.059
3417.190027	113.834
3466.894200	113.604
3517.321337	113.371
3568.481954	113.136
3620.386720	112.900
3673.046457	112.665
3726.472148	112.431
3780.674934	112.203
3835.666117	111.979
3891.457165	111.762
3948.059713	111.557
4005.485564	111.353
4063.746693	111.172
4122.855250	110.990
4182.823560	110.833
4243.664130	110.674
4305.389646	110.537
4368.012981	110.401
4431.547192	110.289
4496.005531	110.176
4561.401437	110.082
4627.748549	109.991
4695.060701	109.915
4763.351932	109.841
4832.636481	109.774
4902.928797	109.708
4974.243539	109.641
5046.595577	109.569
5120.000000	109.491
5194.472115	109.401
5270.027452	109.302
5346.681766	109.185
5424.451043	109.055
5503.351500	108.907
5583.399591	108.747
5664.612008	108.568
5747.005687	108.381
5830.597810	108.191
5915.405808	107.995
6001.447367	107.798
6088.740429	107.618
6177.303198	107.448
6267.154142	107.304
6358.311998	107.205
6450.795775	107.131
6544.624761	107.113
6639.818520	107.158
6736.396904	107.260
6834.380053	107.459
6933.788400	107.721
7034.642675	108.103
7136.963909	108.547
7240.773439	109.100
7346.092914	109.691
7452.944296	110.330
7561.349867	110.923
7671.332234	111.483
7782.914330	111.958
7896.119426	112.216
8010.971128	112.436
8127.493386	112.256
8245.710500	112.072
8365.647121	111.453
8487.328260	110.808
8610.779292	109.841
8736.025961	108.823
8863.094385	107.651
8992.011061	106.445
9122.802874	105.364
9255.497097	104.294
9390.121402	103.637
9526.703863	103.056
9665.272962	102.822
9805.857594	102.660
9948.487077	102.610
10093.191154	102.519
10240.000000	102.403
10388.944230	102.167
10540.054903	101.844
10693.363532	101.419
10848.902086	100.925
11006.703001	100.426
11166.799182	99.921
11329.224017	99.558
11494.011375	99.228
11661.195620	99.177
11830.811616	99.199
12002.894734	99.507
12177.480858	99.820
12354.606395	100.418
12534.308283	101.115
12716.623996	102.031
12901.591551	103.084
13089.249521	104.255
13279.637040	105.468
13472.793808	106.735
13668.760107	107.954
13867.576801	109.063
14069.285350	110.029
14273.927818	110.699
14481.546879	111.379
14692.185828	111.523
14905.888592	111.615
15122.699734	111.491
15342.664467	111.195
15565.828661	110.833
15792.238852	110.315
16021.942256	109.763
16254.986772	108.944
16491.420999	108.114
16731.294241	106.943
16974.656520	105.743
17221.558584	104.331
17472.051922	102.877
17726.188769	101.499
17984.022122	100.112
18245.605748	99.290
18510.994194	98.529
18780.242805	98.545
19053.407727	98.629
19330.545924	99.000
19611.715189	99.317
19896.974155	99.548
20186.382308	99.632
