20 81.69
20.2909066988 81.74
20.5860447329 81.78
20.8854756485 81.82
21.1892618872 81.85
21.4974667984 81.87
21.8101546533 81.89
22.1273906578 81.91
22.4492409662 81.92
22.7757726951 81.93
23.1070539374 81.93
23.4431537764 81.93
23.7841423001 81.92
24.130090616 81.92
24.4810708661 81.92
24.8371562415 81.93
25.1984209979 81.94
25.5649404712 81.95
25.936791093 81.95
26.3140504067 81.95
26.6967970834 81.96
27.0851109387 81.97
27.4790729492 81.98
27.878765269 81.97
28.2842712475 81.96
28.6956754462 81.95
29.1130636568 81.95
29.5365229188 81.97
29.9661415375 81.99
30.402009103 81.99
30.8442165082 81.99
31.2928559682 81.97
31.7480210394 81.96
32.209806639 81.94
32.6783090648 81.93
33.1536260154 81.90
33.6358566101 81.87
34.1251014105 81.85
34.6214624402 81.83
35.1250432075 81.81
35.6359487256 81.78
36.1542855356 81.76
36.6801617282 81.74
37.2136869661 81.72
37.7549725073 81.68
38.3041312279 81.65
38.8612776461 81.62
39.4265279456 81.59
40 81.56
40.5818133975 81.52
41.1720894657 81.48
41.7709512971 81.44
42.3785237744 81.39
42.9949335968 81.35
43.6203093066 81.31
44.2547813156 81.28
44.8984819324 81.24
45.5515453903 81.18
46.2141078749 81.13
46.8863075528 81.08
47.5682846001 81.03
48.260181232 80.98
48.9621417322 80.93
49.6743124829 80.89
50.3968419958 80.84
51.1298809424 80.78
51.873582186 80.73
52.6281008133 80.67
53.3935941668 80.61
54.1702218775 80.55
54.9581458983 80.49
55.757530538 80.41
56.5685424949 80.34
57.3913508924 80.29
58.2261273137 80.26
59.0730458376 80.20
59.9322830751 80.12
60.804018206 80.04
61.6884330163 79.96
62.5857119363 79.89
63.4960420787 79.82
64.419613278 79.75
65.3566181296 79.67
66.3072520307 79.59
67.2717132203 79.51
68.2502028209 79.44
69.2429248805 79.36
70.2500864149 79.28
71.2718974512 79.20
72.3085710713 79.12
73.3603234564 79.05
74.4273739322 78.96
75.5099450145 78.87
76.6082624559 78.79
77.7225552923 78.71
78.8530558912 78.62
80 78.54
81.163626795 78.45
82.3441789315 78.36
83.5419025942 78.28
84.7570475487 78.19
85.9898671937 78.10
87.2406186132 78.01
88.5095626311 77.91
89.7969638648 77.83
91.1030907805 77.73
92.4282157498 77.64
93.7726151055 77.55
95.1365692002 77.46
96.520362464 77.37
97.9242834644 77.28
99.3486249659 77.18
100.7936839916 77.09
102.2597618848 77.00
103.7471643721 76.91
105.2562016267 76.81
106.7871883336 76.71
108.340443755 76.62
109.9162917966 76.52
111.5150610759 76.44
113.1370849898 76.35
114.7827017849 76.25
116.4522546274 76.17
118.1460916752 76.07
119.8645661501 75.93
121.6080364119 75.86
123.3768660326 75.79
125.1714238726 75.72
126.9920841575 75.64
128.8392265559 75.54
130.7132362593 75.46
132.6145040614 75.36
134.5434264406 75.25
136.5004056418 75.17
138.485849761 75.10
140.5001728299 75.01
142.5437949025 74.91
144.6171421426 74.84
146.7206469127 74.76
148.8547478643 74.71
151.0198900291 74.59
153.2165249118 74.51
155.4451105846 74.45
157.7061117824 74.38
160 74.31
162.32725359 74.24
164.688357863 74.15
167.0838051884 74.06
169.5140950975 73.99
171.9797343873 73.93
174.4812372264 73.87
177.0191252622 73.79
179.5939277295 73.72
182.2061815611 73.65
184.8564314996 73.59
187.5452302111 73.54
190.2731384004 73.49
193.0407249281 73.44
195.8485669287 73.35
198.6972499318 73.28
201.5873679832 73.22
204.5195237697 73.18
207.4943287442 73.13
210.5124032534 73.08
213.5743766672 73.03
216.6808875099 72.96
219.8325835933 72.91
223.0301221518 72.87
226.2741699797 72.82
229.5654035698 72.77
232.9045092548 72.72
236.2921833503 72.68
239.7291323003 72.65
243.2160728239 72.61
246.7537320653 72.57
250.3428477452 72.53
253.9841683149 72.49
257.6784531119 72.45
261.4264725186 72.42
265.2290081229 72.38
269.0868528812 72.34
273.0008112836 72.30
276.971699522 72.25
281.0003456597 72.23
285.0875898049 72.20
289.2342842852 72.19
293.4412938255 72.14
297.7094957287 72.07
302.0397800581 72.10
306.4330498235 72.06
310.8902211692 72.05
315.4122235649 72.05
320 71.97
324.65450718 71.91
329.3767157259 71.85
334.1676103768 71.87
339.028190195 71.87
343.9594687746 71.84
348.9624744529 71.82
354.0382505244 71.80
359.187855459 71.78
364.4123631221 71.75
369.7128629991 71.73
375.0904604222 71.71
380.5462768009 71.69
386.0814498562 71.68
391.6971338575 71.66
397.3944998635 71.65
403.1747359664 71.63
409.0390475393 71.62
414.9886574883 71.59
421.0248065068 71.56
427.1487533344 71.56
433.3617750198 71.54
439.6651671866 71.53
446.0602443037 71.51
452.5483399594 71.49
459.1308071395 71.48
465.8090185095 71.47
472.5843667007 71.46
479.4582646005 71.45
486.4321456477 71.44
493.5074641306 71.43
500.6856954905 71.42
507.9683366298 71.40
515.3569062238 71.39
522.8529450372 71.41
530.4580162458 71.38
538.1737057624 71.36
546.0016225673 71.37
553.9433990439 71.37
562.0006913195 71.36
570.1751796098 71.35
578.4685685703 71.35
586.882587651 71.35
595.4189914574 71.35
604.0795601163 71.35
612.8660996471 71.35
621.7804423383 71.35
630.8244471297 71.35
640 71.35
649.30901436 71.34
658.7534314519 71.33
668.3352207536 71.34
678.05638039 71.38
687.9189375493 71.43
697.9249489058 71.45
708.0765010489 71.44
718.375710918 71.45
728.8247262443 71.48
739.4257259983 71.50
750.1809208443 71.53
761.0925536018 71.56
772.1628997124 71.59
783.394267715 71.62
794.7889997271 71.66
806.3494719327 71.70
818.0780950787 71.75
829.9773149767 71.80
842.0496130136 71.86
854.2975066688 71.92
866.7235500396 71.99
879.3303343732 72.06
892.1204886074 72.14
905.0966799188 72.23
918.2616142791 72.32
931.618037019 72.41
945.1687334013 72.52
958.9165292011 72.63
972.8642912955 72.74
987.0149282611 72.85
1001.371390981 72.98
1015.9366732597 73.11
1030.7138124476 73.23
1045.7058900743 73.36
1060.9160324916 73.49
1076.3474115248 73.63
1092.0032451345 73.76
1107.8867980879 73.89
1124.0013826389 74.02
1140.3503592197 74.15
1156.9371371406 74.28
1173.765175302 74.40
1190.8379829148 74.51
1208.1591202326 74.63
1225.7321992942 74.74
1243.5608846767 74.85
1261.6488942595 74.95
1280 75.06
1298.6180287201 75.15
1317.5068629037 75.25
1336.6704415071 75.34
1356.1127607799 75.42
1375.8378750985 75.50
1395.8498978116 75.59
1416.1530020977 75.67
1436.751421836 75.74
1457.6494524886 75.82
1478.8514519966 75.90
1500.3618416887 75.97
1522.1851072035 76.05
1544.3257994247 76.12
1566.78853543 76.20
1589.5779994541 76.28
1612.6989438655 76.36
1636.1561901574 76.44
1659.9546299533 76.52
1684.0992260271 76.60
1708.5950133377 76.69
1733.4471000793 76.78
1758.6606687464 76.87
1784.2409772148 76.97
1810.1933598376 77.07
1836.5232285581 77.17
1863.2360740381 77.27
1890.3374668026 77.38
1917.8330584022 77.49
1945.7285825909 77.60
1974.0298565222 77.72
2002.742781962 77.84
2031.8733465194 77.97
2061.4276248951 78.09
2091.4117801487 78.22
2121.8320649832 78.36
2152.6948230496 78.49
2184.0064902691 78.62
2215.7735961758 78.76
2248.0027652779 78.90
2280.7007184393 79.04
2313.8742742813 79.18
2347.530350604 79.31
2381.6759658296 79.45
2416.3182404652 79.58
2451.4643985884 79.71
2487.1217693533 79.83
2523.297788519 79.94
2560.0000000001 80.05
2597.2360574402 80.15
2635.0137258074 80.24
2673.3408830143 80.32
2712.2255215599 80.38
2751.6757501971 80.44
2791.6997956232 80.48
2832.3060041955 80.51
2873.5028436721 80.52
2915.2989049772 80.52
2957.7029039931 80.51
3000.7236833774 80.49
3044.3702144071 80.46
3088.6515988494 80.41
3133.57707086 80.36
3179.1559989082 80.29
3225.397887731 80.20
3272.3123803148 80.09
3319.9092599067 79.96
3368.1984520542 79.79
3417.1900266754 79.60
3466.8942001586 79.36
3517.3213374928 79.09
3568.4819544296 78.79
3620.3867196753 78.47
3673.0464571163 78.12
3726.4721480761 77.77
3780.6749336053 77.40
3835.6661168044 77.02
3891.4571651819 76.64
3948.0597130445 76.26
4005.4855639241 75.89
4063.7466930387 75.57
4122.8552497902 75.29
4182.8235602974 75.07
4243.6641299665 74.92
4305.3896460992 74.84
4368.0129805382 74.80
4431.5471923516 74.78
4496.0055305558 74.77
4561.4014368787 74.72
4627.7485485626 74.63
4695.0607012081 74.51
4763.3519316592 74.40
4832.6364809305 74.36
4902.9287971769 74.40
4974.2435387067 74.53
5046.595577038 74.72
5120.0000000002 74.95
5194.4721148803 75.21
5270.0274516149 75.49
5346.6817660286 75.76
5424.4510431198 76.02
5503.3515003942 76.26
5583.3995912463 76.47
5664.6120083911 76.64
5747.0056873442 76.74
5830.5978099545 76.79
5915.4058079863 76.78
6001.4473667548 76.69
6088.7404288142 76.54
6177.3031976989 76.34
6267.1541417201 76.09
6358.3119978165 75.81
6450.795775462 75.50
6544.6247606297 75.19
6639.8185198134 74.86
6736.3969041085 74.55
6834.3800533509 74.24
6933.7884003172 73.95
7034.6426749857 73.69
7136.9639088592 73.44
7240.7734393506 73.19
7346.0929142326 72.95
7452.9442961523 72.71
7561.3498672106 72.50
7671.3322336089 72.34
7782.9143303638 72.23
7896.119426089 72.22
8010.9711278481 72.36
8127.4933860775 72.70
8245.7104995805 73.32
8365.6471205948 74.25
8487.328259933 75.46
8610.7792921984 76.84
8736.0259610765 78.28
8863.0943847033 79.70
8992.0110611117 80.98
9122.8028737575 81.99
9255.4970971253 82.61
9390.1214024162 82.73
9526.7038633184 82.37
9665.272961861 81.63
9805.8575943538 80.68
9948.4870774134 79.68
10093.191154076 78.71
10240.0000000005 77.83
10388.9442297607 77.08
10540.0549032298 76.47
10693.3635320572 75.99
10848.9020862397 75.64
11006.7030007884 75.40
11166.7991824927 75.27
11329.2240167822 75.21
11494.0113746885 75.20
11661.1956199091 75.21
11830.8116159726 75.22
12002.8947335097 75.18
12177.4808576284 75.08
12354.6063953979 74.92
12534.3082834402 74.71
12716.6239956331 74.44
12901.5915509241 74.11
13089.2495212594 73.69
13279.637039627 73.21
13472.7938082171 72.67
13668.7601067018 72.11
13867.5768006344 71.57
14069.2853499715 71.09
14273.9278177184 70.71
14481.5468787012 70.46
14692.1858284653 70.38
14905.8885923047 70.48
15122.6997344212 70.77
15342.6644672179 71.26
15565.8286607277 71.93
15792.2388521781 72.72
16021.9422556964 73.49
16254.9867721551 74.03
16491.4209991611 74.09
16731.2942411897 73.51
16974.656519866 72.40
17221.5585843969 71.19
17472.0519221531 70.30
17726.1887694067 69.94
17984.0221222235 69.93
18245.605747515 69.86
18510.9941942506 69.43
18780.2428048326 68.69
19053.4077266369 67.81
19330.545923722 66.73
19611.7151887077 65.28
19896.9741548268 63.86
20186.382308152 63.55
