20.299999	94.481
20.600000	94.537
20.900000	94.648
21.200001	94.747
21.400000	94.807
21.799999	94.919
22.000000	94.974
22.400000	95.077
22.700001	95.150
23.000000	95.219
23.299999	95.285
23.600000	95.352
24.000000	95.444
24.299999	95.516
24.700001	95.615
25.000000	95.690
25.400000	95.788
25.799999	95.880
26.200001	95.968
26.500000	96.030
26.900000	96.110
27.200001	96.168
27.600000	96.243
28.000000	96.314
28.500000	96.394
29.000000	96.462
29.500000	96.522
30.000000	96.579
30.400000	96.626
30.700001	96.663
31.100000	96.713
31.500000	96.761
32.000000	96.817
32.500000	96.869
33.000000	96.921
33.500000	96.976
34.000000	97.034
34.500000	97.089
35.000000	97.143
35.500000	97.196
36.000000	97.246
36.500000	97.292
37.000000	97.333
37.500000	97.369
38.200001	97.416
38.700001	97.447
39.500000	97.492
40.000000	97.517
40.599998	97.544
41.200001	97.569
41.799999	97.593
42.500000	97.626
43.099998	97.659
43.700001	97.692
44.400002	97.724
45.000000	97.746
45.500000	97.762
46.200001	97.782
46.799999	97.798
47.500000	97.814
48.200001	97.832
48.700001	97.844
49.400002	97.860
50.000000	97.873
50.799999	97.892
51.500000	97.906
52.200001	97.916
53.000000	97.927
53.799999	97.937
54.500000	97.939
55.200001	97.936
56.000000	97.935
57.000000	97.941
58.000000	97.945
59.000000	97.941
60.000000	97.931
60.799999	97.923
61.500000	97.917
62.200001	97.911
63.000000	97.903
64.000000	97.895
65.000000	97.885
66.000000	97.871
67.000000	97.853
68.000000	97.834
69.000000	97.816
70.000000	97.798
71.000000	97.776
72.000000	97.753
73.000000	97.730
74.000000	97.706
75.000000	97.684
76.199997	97.656
77.500000	97.624
78.800003	97.590
80.000000	97.555
81.199997	97.519
82.500000	97.484
83.800003	97.446
85.000000	97.409
86.199997	97.370
87.500000	97.327
88.500000	97.294
90.000000	97.248
91.199997	97.208
92.500000	97.162
93.800003	97.119
95.000000	97.081
96.199997	97.040
97.500000	96.997
98.800003	96.957
100.000000	96.918
101.500000	96.862
103.000000	96.804
104.400002	96.750
106.000000	96.691
107.500000	96.636
109.000000	96.581
110.599998	96.522
112.000000	96.477
113.800003	96.415
115.000000	96.365
117.199997	96.263
118.000000	96.223
120.599998	96.100
122.000000	96.049
124.099998	95.981
125.000000	95.951
126.500000	95.888
128.000000	95.817
131.500000	95.647
132.000000	95.622
134.000000	95.517
136.000000	95.412
138.000000	95.306
140.000000	95.197
143.000000	95.012
145.000000	94.868
147.500000	94.678
150.000000	94.496
152.500000	94.338
155.000000	94.233
157.500000	94.217
160.000000	94.303
162.500000	94.481
165.000000	94.726
167.500000	94.972
170.000000	95.154
172.500000	95.242
175.000000	95.249
177.500000	95.207
180.000000	95.140
182.500000	95.066
185.000000	94.983
187.500000	94.897
190.000000	94.809
192.500000	94.719
195.000000	94.635
197.500000	94.556
200.000000	94.480
203.000000	94.393
206.000000	94.312
209.000000	94.224
212.000000	94.135
214.000000	94.077
218.000000	93.959
220.000000	93.899
224.000000	93.781
227.000000	93.696
230.000000	93.617
233.000000	93.539
236.000000	93.463
240.000000	93.359
243.000000	93.281
247.000000	93.177
250.000000	93.097
254.000000	93.000
258.000000	92.907
262.000000	92.812
265.000000	92.741
269.000000	92.644
272.000000	92.575
276.000000	92.495
280.000000	92.416
285.000000	92.306
290.000000	92.197
295.000000	92.091
300.000000	91.987
304.000000	91.906
307.000000	91.849
311.000000	91.779
315.000000	91.707
320.000000	91.614
325.000000	91.525
330.000000	91.445
335.000000	91.362
340.000000	91.274
345.000000	91.183
350.000000	91.091
355.000000	91.003
360.000000	90.916
365.000000	90.838
370.000000	90.764
375.000000	90.692
382.000000	90.591
387.000000	90.515
395.000000	90.398
400.000000	90.321
406.000000	90.233
412.000000	90.139
418.000000	90.047
425.000000	89.948
431.000000	89.870
437.000000	89.790
444.000000	89.698
450.000000	89.615
455.000000	89.547
462.000000	89.460
468.000000	89.390
475.000000	89.311
482.000000	89.238
487.000000	89.185
494.000000	89.111
500.000000	89.046
508.000000	88.961
515.000000	88.893
522.000000	88.823
530.000000	88.741
538.000000	88.670
545.000000	88.608
552.000000	88.553
560.000000	88.491
570.000000	88.402
580.000000	88.322
590.000000	88.249
600.000000	88.180
608.000000	88.123
615.000000	88.066
622.000000	88.011
630.000000	87.958
640.000000	87.902
650.000000	87.846
660.000000	87.793
670.000000	87.736
680.000000	87.678
690.000000	87.631
700.000000	87.584
710.000000	87.535
720.000000	87.495
730.000000	87.459
740.000000	87.430
750.000000	87.403
762.000000	87.375
775.000000	87.353
788.000000	87.345
800.000000	87.336
812.000000	87.317
825.000000	87.316
838.000000	87.332
850.000000	87.347
862.000000	87.367
875.000000	87.387
885.000000	87.409
900.000000	87.458
912.000000	87.498
925.000000	87.536
938.000000	87.584
950.000000	87.637
962.000000	87.697
975.000000	87.767
988.000000	87.838
1000.000000	87.906
1015.000000	87.996
1030.000000	88.093
1044.000000	88.187
1060.000000	88.288
1075.000000	88.374
1090.000000	88.463
1106.000000	88.578
1120.000000	88.687
1138.000000	88.822
1150.000000	88.904
1172.000000	89.031
1180.000000	89.072
1206.000000	89.189
1220.000000	89.241
1241.000000	89.325
1250.000000	89.369
1265.000000	89.450
1280.000000	89.536
1315.000000	89.751
1320.000000	89.781
1340.000000	89.895
1360.000000	90.002
1380.000000	90.111
1400.000000	90.220
1430.000000	90.401
1450.000000	90.521
1475.000000	90.674
1500.000000	90.831
1525.000000	90.992
1550.000000	91.153
1575.000000	91.311
1600.000000	91.478
1625.000000	91.654
1650.000000	91.832
1675.000000	92.015
1700.000000	92.208
1725.000000	92.409
1750.000000	92.621
1775.000000	92.848
1800.000000	93.073
1825.000000	93.290
1850.000000	93.495
1875.000000	93.678
1900.000000	93.833
1925.000000	93.954
1950.000000	94.042
1975.000000	94.099
2000.000000	94.126
2030.000000	94.118
2060.000000	94.064
2090.000000	93.957
2120.000000	93.804
2140.000000	93.681
2180.000000	93.406
2200.000000	93.268
2240.000000	93.057
2270.000000	93.003
2300.000000	93.062
2330.000000	93.223
2360.000000	93.453
2400.000000	93.814
2430.000000	94.105
2470.000000	94.522
2500.000000	94.865
2540.000000	95.335
2580.000000	95.754
2620.000000	96.053
2650.000000	96.187
2690.000000	96.262
2720.000000	96.253
2760.000000	96.174
2800.000000	96.038
2850.000000	95.815
2900.000000	95.552
2950.000000	95.267
3000.000000	94.974
3040.000000	94.743
3070.000000	94.575
3110.000000	94.361
3150.000000	94.165
3200.000000	93.947
3250.000000	93.751
3300.000000	93.588
3350.000000	93.462
3400.000000	93.372
3450.000000	93.314
3500.000000	93.278
3550.000000	93.253
3600.000000	93.239
3650.000000	93.239
3700.000000	93.261
3750.000000	93.297
3820.000000	93.369
3870.000000	93.428
3950.000000	93.530
4000.000000	93.597
4060.000000	93.685
4120.000000	93.782
4180.000000	93.887
4250.000000	94.013
4310.000000	94.124
4370.000000	94.232
4440.000000	94.360
4500.000000	94.475
4550.000000	94.575
4620.000000	94.720
4680.000000	94.851
4750.000000	95.017
4820.000000	95.197
4870.000000	95.335
4940.000000	95.543
5000.000000	95.739
5080.000000	96.025
5150.000000	96.297
5220.000000	96.592
5300.000000	96.953
5380.000000	97.332
5450.000000	97.674
5520.000000	98.015
5600.000000	98.395
5700.000000	98.834
5800.000000	99.207
5900.000000	99.491
6000.000000	99.669
6080.000000	99.731
6150.000000	99.724
6220.000000	99.663
6300.000000	99.531
6400.000000	99.288
6500.000000	98.986
6600.000000	98.652
6700.000000	98.322
6800.000000	98.032
6900.000000	97.815
7000.000000	97.692
7100.000000	97.667
7200.000000	97.743
7300.000000	97.926
7400.000000	98.220
7500.000000	98.630
7620.000000	99.269
7750.000000	100.052
7880.000000	100.677
8000.000000	100.901
8120.000000	100.619
8250.000000	99.694
8380.000000	98.264
8500.000000	96.707
8620.000000	95.093
8750.000000	93.389
8850.000000	92.149
9000.000000	90.429
9120.000000	89.180
9250.000000	87.950
9380.000000	86.834
9500.000000	85.890
9620.000000	85.017
9750.000000	84.141
9880.000000	83.329
10000.000000	82.635
10150.000000	81.832
10300.000000	81.098
10440.000000	80.469
10600.000000	79.816
10750.000000	79.275
10900.000000	78.796
11060.000000	78.340
11200.000000	77.997
11380.000000	77.636
11500.000000	77.439
11720.000000	77.175
11800.000000	77.112
12060.000000	77.022
12200.000000	77.032
12410.000000	77.112
12500.000000	77.173
12650.000000	77.326
12800.000000	77.553
13150.000000	78.391
13200.000000	78.549
13400.000000	79.290
13600.000000	80.231
13800.000000	81.408
14000.000000	82.838
14300.000000	85.431
14500.000000	87.226
14750.000000	88.887
15000.000000	89.255
15250.000000	88.335
15500.000000	86.851
15750.000000	85.562
16000.000000	84.790
16250.000000	84.565
16500.000000	84.763
16750.000000	85.053
17000.000000	84.922
17250.000000	83.949
17500.000000	82.091
17750.000000	79.661
18000.000000	77.064
18250.000000	74.591
18500.000000	72.365
18750.000000	70.397
19000.000000	68.676
19250.000000	67.161
19500.000000	65.809
19750.000000	64.711
20000.000000	64.132
