20.299999	98.563
20.600000	98.562
20.900000	98.553
21.200001	98.523
21.400000	98.488
21.799999	98.395
22.000000	98.354
22.400000	98.317
22.700001	98.331
23.000000	98.356
23.299999	98.360
23.600000	98.321
24.000000	98.218
24.299999	98.141
24.700001	98.091
25.000000	98.098
25.400000	98.127
25.799999	98.131
26.200001	98.099
26.500000	98.070
26.900000	98.050
27.200001	98.053
27.600000	98.073
28.000000	98.099
28.500000	98.132
29.000000	98.162
29.500000	98.172
30.000000	98.169
30.400000	98.180
30.700001	98.198
31.100000	98.224
31.500000	98.227
32.000000	98.193
32.500000	98.150
33.000000	98.131
33.500000	98.119
34.000000	98.086
34.500000	98.037
35.000000	97.993
35.500000	97.965
36.000000	97.945
36.500000	97.930
37.000000	97.918
37.500000	97.906
38.200001	97.896
38.700001	97.904
39.500000	97.915
40.000000	97.907
40.599998	97.895
41.200001	97.893
41.799999	97.884
42.500000	97.853
43.099998	97.822
43.700001	97.797
44.400002	97.773
45.000000	97.752
45.500000	97.731
46.200001	97.707
46.799999	97.702
47.500000	97.701
48.200001	97.688
48.700001	97.678
49.400002	97.671
50.000000	97.662
50.799999	97.639
51.500000	97.619
52.200001	97.601
53.000000	97.579
53.799999	97.553
54.500000	97.535
55.200001	97.522
56.000000	97.508
57.000000	97.491
58.000000	97.474
59.000000	97.455
60.000000	97.433
60.799999	97.416
61.500000	97.402
62.200001	97.386
63.000000	97.370
64.000000	97.355
65.000000	97.341
66.000000	97.327
67.000000	97.311
68.000000	97.295
69.000000	97.281
70.000000	97.262
71.000000	97.244
72.000000	97.227
73.000000	97.208
74.000000	97.193
75.000000	97.180
76.199997	97.161
77.500000	97.141
78.800003	97.120
80.000000	97.102
81.199997	97.085
82.500000	97.067
83.800003	97.049
85.000000	97.031
86.199997	97.015
87.500000	96.998
88.500000	96.984
90.000000	96.963
91.199997	96.948
92.500000	96.930
93.800003	96.912
95.000000	96.896
96.199997	96.881
97.500000	96.864
98.800003	96.848
100.000000	96.834
101.500000	96.815
103.000000	96.797
104.400002	96.779
106.000000	96.760
107.500000	96.744
109.000000	96.726
110.599998	96.707
112.000000	96.691
113.800003	96.672
115.000000	96.659
117.199997	96.639
118.000000	96.633
120.599998	96.609
122.000000	96.588
124.099998	96.559
125.000000	96.548
126.500000	96.531
128.000000	96.514
131.500000	96.477
132.000000	96.471
134.000000	96.447
136.000000	96.424
138.000000	96.403
140.000000	96.384
143.000000	96.360
145.000000	96.346
147.500000	96.328
150.000000	96.313
152.500000	96.302
155.000000	96.299
157.500000	96.304
160.000000	96.307
162.500000	96.301
165.000000	96.279
167.500000	96.237
170.000000	96.189
172.500000	96.143
175.000000	96.107
177.500000	96.086
180.000000	96.081
182.500000	96.092
185.000000	96.118
187.500000	96.154
190.000000	96.195
192.500000	96.218
195.000000	96.215
197.500000	96.195
200.000000	96.116
203.000000	95.827
206.000000	95.505
209.000000	95.416
212.000000	95.457
214.000000	95.488
218.000000	95.517
220.000000	95.519
224.000000	95.511
227.000000	95.497
230.000000	95.480
233.000000	95.461
236.000000	95.441
240.000000	95.411
243.000000	95.388
247.000000	95.358
250.000000	95.335
254.000000	95.306
258.000000	95.279
262.000000	95.255
265.000000	95.240
269.000000	95.221
272.000000	95.208
276.000000	95.189
280.000000	95.167
285.000000	95.132
290.000000	95.092
295.000000	95.051
300.000000	95.010
304.000000	94.981
307.000000	94.959
311.000000	94.931
315.000000	94.905
320.000000	94.874
325.000000	94.849
330.000000	94.828
335.000000	94.809
340.000000	94.789
345.000000	94.765
350.000000	94.739
355.000000	94.713
360.000000	94.685
365.000000	94.655
370.000000	94.626
375.000000	94.602
382.000000	94.574
387.000000	94.559
395.000000	94.541
400.000000	94.530
406.000000	94.518
412.000000	94.508
418.000000	94.498
425.000000	94.486
431.000000	94.479
437.000000	94.471
444.000000	94.463
450.000000	94.456
455.000000	94.451
462.000000	94.445
468.000000	94.441
475.000000	94.439
482.000000	94.438
487.000000	94.437
494.000000	94.436
500.000000	94.434
508.000000	94.433
515.000000	94.430
522.000000	94.424
530.000000	94.414
538.000000	94.400
545.000000	94.387
552.000000	94.373
560.000000	94.356
570.000000	94.331
580.000000	94.305
590.000000	94.278
600.000000	94.253
608.000000	94.234
615.000000	94.217
622.000000	94.201
630.000000	94.183
640.000000	94.160
650.000000	94.139
660.000000	94.119
670.000000	94.100
680.000000	94.083
690.000000	94.068
700.000000	94.057
710.000000	94.050
720.000000	94.047
730.000000	94.050
740.000000	94.058
750.000000	94.073
762.000000	94.090
775.000000	94.094
788.000000	94.097
800.000000	94.108
812.000000	94.125
825.000000	94.149
838.000000	94.180
850.000000	94.213
862.000000	94.251
875.000000	94.297
885.000000	94.336
900.000000	94.399
912.000000	94.451
925.000000	94.512
938.000000	94.579
950.000000	94.644
962.000000	94.712
975.000000	94.788
988.000000	94.869
1000.000000	94.945
1015.000000	95.043
1030.000000	95.144
1044.000000	95.239
1060.000000	95.349
1075.000000	95.454
1090.000000	95.560
1106.000000	95.673
1120.000000	95.772
1138.000000	95.902
1150.000000	95.988
1172.000000	96.140
1180.000000	96.195
1206.000000	96.375
1220.000000	96.470
1241.000000	96.611
1250.000000	96.670
1265.000000	96.767
1280.000000	96.864
1315.000000	97.086
1320.000000	97.117
1340.000000	97.241
1360.000000	97.366
1380.000000	97.492
1400.000000	97.617
1430.000000	97.806
1450.000000	97.933
1475.000000	98.094
1500.000000	98.258
1525.000000	98.425
1550.000000	98.595
1575.000000	98.770
1600.000000	98.949
1625.000000	99.131
1650.000000	99.319
1675.000000	99.510
1700.000000	99.705
1725.000000	99.901
1750.000000	100.100
1775.000000	100.302
1800.000000	100.502
1825.000000	100.700
1850.000000	100.896
1875.000000	101.088
1900.000000	101.277
1925.000000	101.461
1950.000000	101.640
1975.000000	101.813
2000.000000	101.976
2030.000000	102.157
2060.000000	102.318
2090.000000	102.454
2120.000000	102.564
2140.000000	102.622
2180.000000	102.687
2200.000000	102.694
2240.000000	102.653
2270.000000	102.575
2300.000000	102.461
2330.000000	102.315
2360.000000	102.139
2400.000000	101.864
2430.000000	101.631
2470.000000	101.295
2500.000000	101.030
2540.000000	100.670
2580.000000	100.315
2620.000000	99.972
2650.000000	99.725
2690.000000	99.415
2720.000000	99.201
2760.000000	98.959
2800.000000	98.794
2850.000000	98.739
2900.000000	98.848
2950.000000	99.032
3000.000000	99.179
3040.000000	99.232
3070.000000	99.235
3110.000000	99.201
3150.000000	99.146
3200.000000	99.074
3250.000000	99.017
3300.000000	98.988
3350.000000	98.987
3400.000000	99.002
3450.000000	99.036
3500.000000	99.090
3550.000000	99.169
3600.000000	99.287
3650.000000	99.447
3700.000000	99.651
3750.000000	99.901
3820.000000	100.317
3870.000000	100.637
3950.000000	101.118
4000.000000	101.339
4060.000000	101.458
4120.000000	101.379
4180.000000	101.070
4250.000000	100.433
4310.000000	99.691
4370.000000	98.817
4440.000000	97.699
4500.000000	96.702
4550.000000	95.869
4620.000000	94.728
4680.000000	93.790
4750.000000	92.750
4820.000000	91.766
4870.000000	91.100
4940.000000	90.222
5000.000000	89.515
5080.000000	88.637
5150.000000	87.924
5220.000000	87.264
5300.000000	86.574
5380.000000	85.938
5450.000000	85.422
5520.000000	84.935
5600.000000	84.416
5700.000000	83.828
5800.000000	83.304
5900.000000	82.843
6000.000000	82.434
6080.000000	82.138
6150.000000	81.909
6220.000000	81.711
6300.000000	81.519
6400.000000	81.328
6500.000000	81.193
6600.000000	81.110
6700.000000	81.077
6800.000000	81.102
6900.000000	81.193
7000.000000	81.348
7100.000000	81.559
7200.000000	81.823
7300.000000	82.160
7400.000000	82.589
7500.000000	83.113
7620.000000	83.851
7750.000000	84.785
7880.000000	85.869
8000.000000	87.026
8120.000000	88.325
8250.000000	89.817
8380.000000	91.251
8500.000000	92.333
8620.000000	93.019
8750.000000	93.241
8850.000000	93.075
9000.000000	92.466
9120.000000	91.846
9250.000000	91.191
9380.000000	90.650
9500.000000	90.291
9620.000000	90.052
9750.000000	89.859
9880.000000	89.656
10000.000000	89.408
10150.000000	89.025
10300.000000	88.690
10440.000000	88.538
10600.000000	88.483
10750.000000	88.315
10900.000000	87.815
11060.000000	86.841
11200.000000	85.703
11380.000000	84.085
11500.000000	83.057
11720.000000	81.538
11800.000000	81.132
12060.000000	80.377
12200.000000	80.337
12410.000000	80.740
12500.000000	81.063
12650.000000	81.711
12800.000000	82.276
13150.000000	81.770
13200.000000	81.448
13400.000000	79.853
13600.000000	78.350
13800.000000	77.442
14000.000000	77.119
14300.000000	77.157
14500.000000	77.052
14750.000000	76.197
15000.000000	74.491
15250.000000	72.514
15500.000000	70.941
15750.000000	70.154
16000.000000	70.099
16250.000000	70.446
16500.000000	71.300
16750.000000	72.718
17000.000000	74.340
17250.000000	75.908
17500.000000	77.137
17750.000000	77.642
18000.000000	77.198
18250.000000	75.886
18500.000000	73.867
18750.000000	71.169
19000.000000	67.944
19250.000000	64.678
19500.000000	62.071
19750.000000	60.537
