20.299999	90.470
20.600000	90.443
20.900000	90.388
21.200001	90.336
21.400000	90.303
21.799999	90.241
22.000000	90.210
22.400000	90.151
22.700001	90.109
23.000000	90.072
23.299999	90.040
23.600000	90.014
24.000000	89.991
24.299999	89.981
24.700001	89.975
25.000000	89.974
25.400000	89.981
25.799999	89.995
26.200001	90.014
26.500000	90.031
26.900000	90.051
27.200001	90.062
27.600000	90.072
28.000000	90.077
28.500000	90.081
29.000000	90.082
29.500000	90.077
30.000000	90.066
30.400000	90.054
30.700001	90.043
31.100000	90.029
31.500000	90.014
32.000000	89.993
32.500000	89.970
33.000000	89.948
33.500000	89.931
34.000000	89.919
34.500000	89.911
35.000000	89.905
35.500000	89.903
36.000000	89.899
36.500000	89.891
37.000000	89.879
37.500000	89.864
38.200001	89.841
38.700001	89.825
39.500000	89.794
40.000000	89.775
40.599998	89.755
41.200001	89.738
41.799999	89.721
42.500000	89.703
43.099998	89.688
43.700001	89.672
44.400002	89.653
45.000000	89.634
45.500000	89.617
46.200001	89.593
46.799999	89.570
47.500000	89.541
48.200001	89.516
48.700001	89.502
49.400002	89.483
50.000000	89.467
50.799999	89.445
51.500000	89.424
52.200001	89.400
53.000000	89.375
53.799999	89.352
54.500000	89.331
55.200001	89.308
56.000000	89.278
57.000000	89.242
58.000000	89.207
59.000000	89.172
60.000000	89.140
60.799999	89.114
61.500000	89.090
62.200001	89.066
63.000000	89.037
64.000000	88.999
65.000000	88.966
66.000000	88.932
67.000000	88.898
68.000000	88.867
69.000000	88.832
70.000000	88.799
71.000000	88.764
72.000000	88.728
73.000000	88.692
74.000000	88.657
75.000000	88.624
76.199997	88.583
77.500000	88.537
78.800003	88.490
80.000000	88.446
81.199997	88.403
82.500000	88.356
83.800003	88.311
85.000000	88.269
86.199997	88.226
87.500000	88.179
88.500000	88.143
90.000000	88.089
91.199997	88.046
92.500000	88.000
93.800003	87.954
95.000000	87.911
96.199997	87.869
97.500000	87.823
98.800003	87.778
100.000000	87.736
101.500000	87.684
103.000000	87.631
104.400002	87.582
106.000000	87.527
107.500000	87.477
109.000000	87.424
110.599998	87.370
112.000000	87.322
113.800003	87.260
115.000000	87.219
117.199997	87.146
118.000000	87.120
120.599998	87.031
122.000000	86.984
124.099998	86.916
125.000000	86.887
126.500000	86.838
128.000000	86.790
131.500000	86.678
132.000000	86.662
134.000000	86.599
136.000000	86.535
138.000000	86.471
140.000000	86.408
143.000000	86.315
145.000000	86.255
147.500000	86.177
150.000000	86.100
152.500000	86.024
155.000000	85.948
157.500000	85.871
160.000000	85.797
162.500000	85.724
165.000000	85.651
167.500000	85.578
170.000000	85.507
172.500000	85.438
175.000000	85.371
177.500000	85.306
180.000000	85.242
182.500000	85.177
185.000000	85.111
187.500000	85.047
190.000000	84.982
192.500000	84.916
195.000000	84.851
197.500000	84.785
200.000000	84.721
203.000000	84.642
206.000000	84.564
209.000000	84.487
212.000000	84.411
214.000000	84.361
218.000000	84.257
220.000000	84.205
224.000000	84.102
227.000000	84.030
230.000000	83.963
233.000000	83.902
236.000000	83.846
240.000000	83.775
243.000000	83.725
247.000000	83.662
250.000000	83.619
254.000000	83.567
258.000000	83.516
262.000000	83.453
265.000000	83.399
269.000000	83.326
272.000000	83.275
276.000000	83.219
280.000000	83.184
285.000000	83.162
290.000000	83.142
295.000000	83.105
300.000000	83.048
304.000000	82.996
307.000000	82.954
311.000000	82.899
315.000000	82.846
320.000000	82.779
325.000000	82.713
330.000000	82.650
335.000000	82.588
340.000000	82.529
345.000000	82.472
350.000000	82.416
355.000000	82.362
360.000000	82.309
365.000000	82.257
370.000000	82.206
375.000000	82.156
382.000000	82.090
387.000000	82.044
395.000000	81.972
400.000000	81.929
406.000000	81.879
412.000000	81.831
418.000000	81.784
425.000000	81.731
431.000000	81.689
437.000000	81.647
444.000000	81.599
450.000000	81.559
455.000000	81.528
462.000000	81.484
468.000000	81.450
475.000000	81.409
482.000000	81.369
487.000000	81.342
494.000000	81.305
500.000000	81.274
508.000000	81.238
515.000000	81.209
522.000000	81.179
530.000000	81.150
538.000000	81.125
545.000000	81.107
552.000000	81.090
560.000000	81.078
570.000000	81.075
580.000000	81.088
590.000000	81.118
600.000000	81.165
608.000000	81.219
615.000000	81.279
622.000000	81.349
630.000000	81.439
640.000000	81.566
650.000000	81.707
660.000000	81.857
670.000000	82.004
680.000000	82.148
690.000000	82.294
700.000000	82.434
710.000000	82.560
720.000000	82.666
730.000000	82.745
740.000000	82.799
750.000000	82.832
762.000000	82.862
775.000000	82.892
788.000000	82.906
800.000000	82.891
812.000000	82.853
825.000000	82.799
838.000000	82.742
850.000000	82.687
862.000000	82.631
875.000000	82.570
885.000000	82.524
900.000000	82.457
912.000000	82.404
925.000000	82.357
938.000000	82.326
950.000000	82.311
962.000000	82.305
975.000000	82.303
988.000000	82.304
1000.000000	82.307
1015.000000	82.314
1030.000000	82.325
1044.000000	82.343
1060.000000	82.374
1075.000000	82.405
1090.000000	82.433
1106.000000	82.463
1120.000000	82.493
1138.000000	82.536
1150.000000	82.566
1172.000000	82.626
1180.000000	82.649
1206.000000	82.730
1220.000000	82.782
1241.000000	82.873
1250.000000	82.912
1265.000000	82.977
1280.000000	83.043
1315.000000	83.196
1320.000000	83.216
1340.000000	83.303
1360.000000	83.392
1380.000000	83.488
1400.000000	83.585
1430.000000	83.731
1450.000000	83.828
1475.000000	83.950
1500.000000	84.071
1525.000000	84.186
1550.000000	84.294
1575.000000	84.397
1600.000000	84.500
1625.000000	84.603
1650.000000	84.706
1675.000000	84.808
1700.000000	84.911
1725.000000	85.013
1750.000000	85.118
1775.000000	85.222
1800.000000	85.325
1825.000000	85.426
1850.000000	85.525
1875.000000	85.622
1900.000000	85.716
1925.000000	85.809
1950.000000	85.898
1975.000000	85.984
2000.000000	86.069
2030.000000	86.163
2060.000000	86.253
2090.000000	86.334
2120.000000	86.407
2140.000000	86.451
2180.000000	86.523
2200.000000	86.550
2240.000000	86.587
2270.000000	86.596
2300.000000	86.592
2330.000000	86.573
2360.000000	86.538
2400.000000	86.470
2430.000000	86.402
2470.000000	86.288
2500.000000	86.187
2540.000000	86.030
2580.000000	85.852
2620.000000	85.654
2650.000000	85.494
2690.000000	85.268
2720.000000	85.090
2760.000000	84.844
2800.000000	84.591
2850.000000	84.269
2900.000000	83.941
2950.000000	83.607
3000.000000	83.267
3040.000000	82.989
3070.000000	82.779
3110.000000	82.496
3150.000000	82.214
3200.000000	81.861
3250.000000	81.516
3300.000000	81.185
3350.000000	80.887
3400.000000	80.641
3450.000000	80.472
3500.000000	80.410
3550.000000	80.476
3600.000000	80.680
3650.000000	81.013
3700.000000	81.438
3750.000000	81.898
3820.000000	82.485
3870.000000	82.809
3950.000000	83.151
4000.000000	83.305
4060.000000	83.494
4120.000000	83.716
4180.000000	83.928
4250.000000	84.044
4310.000000	83.945
4370.000000	83.685
4440.000000	83.358
4500.000000	83.188
4550.000000	83.166
4620.000000	83.309
4680.000000	83.549
4750.000000	83.910
4820.000000	84.325
4870.000000	84.644
4940.000000	85.121
5000.000000	85.560
5080.000000	86.188
5150.000000	86.778
5220.000000	87.402
5300.000000	88.148
5380.000000	88.898
5450.000000	89.525
5520.000000	90.081
5600.000000	90.580
5700.000000	90.925
5800.000000	90.909
5900.000000	90.550
6000.000000	89.938
6080.000000	89.344
6150.000000	88.793
6220.000000	88.237
6300.000000	87.614
6400.000000	86.876
6500.000000	86.208
6600.000000	85.626
6700.000000	85.137
6800.000000	84.745
6900.000000	84.451
7000.000000	84.254
7100.000000	84.145
7200.000000	84.120
7300.000000	84.173
7400.000000	84.291
7500.000000	84.454
7620.000000	84.663
7750.000000	84.805
7880.000000	84.708
8000.000000	84.261
8120.000000	83.343
8250.000000	81.766
8380.000000	79.832
8500.000000	78.430
8620.000000	77.687
8750.000000	77.136
8850.000000	77.380
9000.000000	79.132
9120.000000	80.272
9250.000000	80.782
9380.000000	80.696
9500.000000	80.293
9620.000000	79.736
9750.000000	79.065
9880.000000	78.394
10000.000000	77.808
10150.000000	77.144
10300.000000	76.573
10440.000000	76.136
10600.000000	75.751
10750.000000	75.494
10900.000000	75.317
11060.000000	75.180
11200.000000	75.070
11380.000000	74.874
11500.000000	74.674
11720.000000	74.106
11800.000000	73.833
12060.000000	72.745
12200.000000	72.091
12410.000000	71.115
12500.000000	70.712
12650.000000	70.073
12800.000000	69.490
13150.000000	68.481
13200.000000	68.388
13400.000000	68.154
13600.000000	68.178
13800.000000	68.498
14000.000000	69.082
14300.000000	70.364
14500.000000	71.485
14750.000000	73.165
15000.000000	74.987
15250.000000	76.535
15500.000000	77.297
15750.000000	77.078
16000.000000	76.177
16250.000000	75.076
16500.000000	74.062
16750.000000	73.180
17000.000000	72.352
17250.000000	71.418
17500.000000	70.165
17750.000000	68.601
18000.000000	67.211
18250.000000	66.397
18500.000000	66.088
18750.000000	66.276
19000.000000	66.442
19250.000000	66.132
19500.000000	65.714
19750.000000	65.530
20000.000000	65.469
