20.299999	94.362
20.600000	94.393
20.900000	94.434
21.200001	94.475
21.400000	94.498
21.799999	94.532
22.000000	94.544
22.400000	94.565
22.700001	94.583
23.000000	94.603
23.299999	94.629
23.600000	94.656
24.000000	94.696
24.299999	94.727
24.700001	94.767
25.000000	94.796
25.400000	94.834
25.799999	94.873
26.200001	94.914
26.500000	94.947
26.900000	94.992
27.200001	95.023
27.600000	95.059
28.000000	95.090
28.500000	95.127
29.000000	95.166
29.500000	95.200
30.000000	95.225
30.400000	95.241
30.700001	95.252
31.100000	95.267
31.500000	95.283
32.000000	95.300
32.500000	95.317
33.000000	95.334
33.500000	95.355
34.000000	95.381
34.500000	95.409
35.000000	95.433
35.500000	95.452
36.000000	95.471
36.500000	95.493
37.000000	95.520
37.500000	95.545
38.200001	95.570
38.700001	95.583
39.500000	95.607
40.000000	95.627
40.599998	95.644
41.200001	95.646
41.799999	95.641
42.500000	95.649
43.099998	95.669
43.700001	95.689
44.400002	95.702
45.000000	95.708
45.500000	95.712
46.200001	95.723
46.799999	95.740
47.500000	95.758
48.200001	95.764
48.700001	95.768
49.400002	95.779
50.000000	95.786
50.799999	95.796
51.500000	95.811
52.200001	95.823
53.000000	95.830
53.799999	95.840
54.500000	95.847
55.200001	95.849
56.000000	95.855
57.000000	95.863
58.000000	95.863
59.000000	95.865
60.000000	95.868
60.799999	95.871
61.500000	95.874
62.200001	95.877
63.000000	95.880
64.000000	95.882
65.000000	95.880
66.000000	95.880
67.000000	95.878
68.000000	95.878
69.000000	95.877
70.000000	95.874
71.000000	95.871
72.000000	95.867
73.000000	95.860
74.000000	95.857
75.000000	95.853
76.199997	95.849
77.500000	95.844
78.800003	95.837
80.000000	95.831
81.199997	95.824
82.500000	95.814
83.800003	95.805
85.000000	95.794
86.199997	95.784
87.500000	95.775
88.500000	95.766
90.000000	95.749
91.199997	95.740
92.500000	95.731
93.800003	95.716
95.000000	95.703
96.199997	95.689
97.500000	95.673
98.800003	95.657
100.000000	95.647
101.500000	95.635
103.000000	95.620
104.400002	95.603
106.000000	95.579
107.500000	95.558
109.000000	95.541
110.599998	95.526
112.000000	95.513
113.800003	95.486
115.000000	95.460
117.199997	95.411
118.000000	95.388
120.599998	95.297
122.000000	95.315
124.099998	95.340
125.000000	95.340
126.500000	95.328
128.000000	95.302
131.500000	95.248
132.000000	95.241
134.000000	95.212
136.000000	95.177
138.000000	95.142
140.000000	95.112
143.000000	95.077
145.000000	95.053
147.500000	95.017
150.000000	94.980
152.500000	94.950
155.000000	94.933
157.500000	94.928
160.000000	94.912
162.500000	94.878
165.000000	94.832
167.500000	94.772
170.000000	94.701
172.500000	94.633
175.000000	94.569
177.500000	94.517
180.000000	94.480
182.500000	94.453
185.000000	94.424
187.500000	94.389
190.000000	94.356
192.500000	94.325
195.000000	94.290
197.500000	94.250
200.000000	94.207
203.000000	94.153
206.000000	94.102
209.000000	94.048
212.000000	93.994
214.000000	93.958
218.000000	93.887
220.000000	93.850
224.000000	93.776
227.000000	93.725
230.000000	93.671
233.000000	93.615
236.000000	93.562
240.000000	93.495
243.000000	93.441
247.000000	93.368
250.000000	93.314
254.000000	93.243
258.000000	93.171
262.000000	93.101
265.000000	93.050
269.000000	92.982
272.000000	92.930
276.000000	92.858
280.000000	92.785
285.000000	92.695
290.000000	92.605
295.000000	92.514
300.000000	92.424
304.000000	92.351
307.000000	92.296
311.000000	92.222
315.000000	92.150
320.000000	92.061
325.000000	91.971
330.000000	91.883
335.000000	91.795
340.000000	91.706
345.000000	91.614
350.000000	91.521
355.000000	91.432
360.000000	91.345
365.000000	91.253
370.000000	91.159
375.000000	91.069
382.000000	90.941
387.000000	90.849
395.000000	90.701
400.000000	90.608
406.000000	90.495
412.000000	90.380
418.000000	90.264
425.000000	90.131
431.000000	90.014
437.000000	89.895
444.000000	89.754
450.000000	89.632
455.000000	89.527
462.000000	89.388
468.000000	89.273
475.000000	89.129
482.000000	88.977
487.000000	88.862
494.000000	88.695
500.000000	88.553
508.000000	88.377
515.000000	88.215
522.000000	88.046
530.000000	87.856
538.000000	87.654
545.000000	87.481
552.000000	87.311
560.000000	87.120
570.000000	86.881
580.000000	86.645
590.000000	86.420
600.000000	86.213
608.000000	86.066
615.000000	85.952
622.000000	85.855
630.000000	85.761
640.000000	85.675
650.000000	85.626
660.000000	85.615
670.000000	85.639
680.000000	85.692
690.000000	85.772
700.000000	85.869
710.000000	85.979
720.000000	86.096
730.000000	86.215
740.000000	86.333
750.000000	86.442
762.000000	86.564
775.000000	86.682
788.000000	86.785
800.000000	86.868
812.000000	86.937
825.000000	87.001
838.000000	87.057
850.000000	87.102
862.000000	87.138
875.000000	87.173
885.000000	87.198
900.000000	87.232
912.000000	87.255
925.000000	87.277
938.000000	87.299
950.000000	87.320
962.000000	87.341
975.000000	87.362
988.000000	87.383
1000.000000	87.404
1015.000000	87.429
1030.000000	87.451
1044.000000	87.472
1060.000000	87.498
1075.000000	87.522
1090.000000	87.545
1106.000000	87.569
1120.000000	87.589
1138.000000	87.613
1150.000000	87.630
1172.000000	87.659
1180.000000	87.668
1206.000000	87.697
1220.000000	87.712
1241.000000	87.735
1250.000000	87.744
1265.000000	87.759
1280.000000	87.773
1315.000000	87.803
1320.000000	87.808
1340.000000	87.825
1360.000000	87.840
1380.000000	87.855
1400.000000	87.865
1430.000000	87.877
1450.000000	87.886
1475.000000	87.918
1500.000000	87.989
1525.000000	88.087
1550.000000	88.201
1575.000000	88.281
1600.000000	88.306
1625.000000	88.320
1650.000000	88.341
1675.000000	88.373
1700.000000	88.411
1725.000000	88.457
1750.000000	88.505
1775.000000	88.559
1800.000000	88.616
1825.000000	88.677
1850.000000	88.744
1875.000000	88.817
1900.000000	88.896
1925.000000	88.982
1950.000000	89.075
1975.000000	89.176
2000.000000	89.285
2030.000000	89.429
2060.000000	89.583
2090.000000	89.746
2120.000000	89.919
2140.000000	90.041
2180.000000	90.293
2200.000000	90.424
2240.000000	90.697
2270.000000	90.906
2300.000000	91.119
2330.000000	91.335
2360.000000	91.550
2400.000000	91.834
2430.000000	92.041
2470.000000	92.304
2500.000000	92.489
2540.000000	92.713
2580.000000	92.906
2620.000000	93.062
2650.000000	93.154
2690.000000	93.236
2720.000000	93.265
2760.000000	93.260
2800.000000	93.204
2850.000000	93.069
2900.000000	92.867
2950.000000	92.609
3000.000000	92.306
3040.000000	92.041
3070.000000	91.834
3110.000000	91.550
3150.000000	91.266
3200.000000	90.918
3250.000000	90.584
3300.000000	90.268
3350.000000	89.963
3400.000000	89.657
3450.000000	89.355
3500.000000	89.053
3550.000000	88.761
3600.000000	88.484
3650.000000	88.231
3700.000000	88.006
3750.000000	87.818
3820.000000	87.618
3870.000000	87.513
3950.000000	87.401
4000.000000	87.347
4060.000000	87.278
4120.000000	87.199
4180.000000	87.112
4250.000000	87.016
4310.000000	86.953
4370.000000	86.912
4440.000000	86.901
4500.000000	86.922
4550.000000	86.961
4620.000000	87.043
4680.000000	87.137
4750.000000	87.273
4820.000000	87.434
4870.000000	87.564
4940.000000	87.767
5000.000000	87.956
5080.000000	88.227
5150.000000	88.471
5220.000000	88.712
5300.000000	88.974
5380.000000	89.210
5450.000000	89.390
5520.000000	89.548
5600.000000	89.710
5700.000000	89.901
5800.000000	90.088
5900.000000	90.261
6000.000000	90.404
6080.000000	90.523
6150.000000	90.645
6220.000000	90.754
6300.000000	90.838
6400.000000	90.917
6500.000000	91.007
6600.000000	91.138
6700.000000	91.345
6800.000000	91.638
6900.000000	92.020
7000.000000	92.498
7100.000000	93.079
7200.000000	93.778
7300.000000	94.607
7400.000000	95.565
7500.000000	96.611
7620.000000	97.832
7750.000000	98.797
7880.000000	99.041
8000.000000	98.513
8120.000000	97.384
8250.000000	95.766
8380.000000	94.064
8500.000000	92.611
8620.000000	91.347
8750.000000	90.201
8850.000000	89.464
9000.000000	88.572
9120.000000	88.024
9250.000000	87.587
9380.000000	87.302
9500.000000	87.172
9620.000000	87.171
9750.000000	87.322
9880.000000	87.639
10000.000000	88.093
10150.000000	88.893
10300.000000	89.943
10440.000000	91.071
10600.000000	92.297
10750.000000	93.047
10900.000000	93.113
11060.000000	92.323
11200.000000	91.038
11380.000000	88.974
11500.000000	87.566
11720.000000	85.255
11800.000000	84.531
12060.000000	82.604
12200.000000	81.804
12410.000000	80.878
12500.000000	80.575
12650.000000	80.190
12800.000000	79.950
13150.000000	79.911
13200.000000	79.962
13400.000000	80.318
13600.000000	80.920
13800.000000	81.765
14000.000000	82.796
14300.000000	84.498
14500.000000	85.581
14750.000000	86.597
15000.000000	87.021
15250.000000	86.895
15500.000000	86.501
15750.000000	86.201
16000.000000	86.219
16250.000000	86.350
16500.000000	86.231
16750.000000	85.477
17000.000000	83.815
17250.000000	81.445
17500.000000	78.870
17750.000000	76.535
18000.000000	74.701
18250.000000	73.445
18500.000000	72.760
18750.000000	72.617
19000.000000	72.909
19250.000000	73.398
19500.000000	73.719
19750.000000	73.599
