20.299999	102.466
20.600000	102.484
20.900000	102.493
21.200001	102.493
21.400000	102.494
21.799999	102.501
22.000000	102.502
22.400000	102.486
22.700001	102.454
23.000000	102.417
23.299999	102.387
23.600000	102.373
24.000000	102.373
24.299999	102.372
24.700001	102.358
25.000000	102.341
25.400000	102.327
25.799999	102.333
26.200001	102.349
26.500000	102.358
26.900000	102.362
27.200001	102.362
27.600000	102.369
28.000000	102.382
28.500000	102.396
29.000000	102.400
29.500000	102.406
30.000000	102.417
30.400000	102.417
30.700001	102.410
31.100000	102.398
31.500000	102.392
32.000000	102.398
32.500000	102.404
33.000000	102.395
33.500000	102.383
34.000000	102.379
34.500000	102.376
35.000000	102.372
35.500000	102.368
36.000000	102.365
36.500000	102.361
37.000000	102.352
37.500000	102.349
38.200001	102.356
38.700001	102.357
39.500000	102.343
40.000000	102.336
40.599998	102.333
41.200001	102.332
41.799999	102.331
42.500000	102.323
43.099998	102.316
43.700001	102.314
44.400002	102.320
45.000000	102.317
45.500000	102.310
46.200001	102.302
46.799999	102.299
47.500000	102.291
48.200001	102.284
48.700001	102.278
49.400002	102.273
50.000000	102.268
50.799999	102.258
51.500000	102.251
52.200001	102.250
53.000000	102.246
53.799999	102.233
54.500000	102.219
55.200001	102.205
56.000000	102.193
57.000000	102.182
58.000000	102.175
59.000000	102.171
60.000000	102.167
60.799999	102.165
61.500000	102.166
62.200001	102.165
63.000000	102.154
64.000000	102.139
65.000000	102.124
66.000000	102.116
67.000000	102.113
68.000000	102.105
69.000000	102.100
70.000000	102.093
71.000000	102.089
72.000000	102.079
73.000000	102.065
74.000000	102.050
75.000000	102.037
76.199997	102.030
77.500000	102.018
78.800003	102.004
80.000000	101.990
81.199997	101.981
82.500000	101.971
83.800003	101.959
85.000000	101.949
86.199997	101.939
87.500000	101.926
88.500000	101.915
90.000000	101.902
91.199997	101.892
92.500000	101.880
93.800003	101.869
95.000000	101.856
96.199997	101.845
97.500000	101.834
98.800003	101.824
100.000000	101.816
101.500000	101.805
103.000000	101.790
104.400002	101.776
106.000000	101.760
107.500000	101.745
109.000000	101.732
110.599998	101.717
112.000000	101.704
113.800003	101.688
115.000000	101.677
117.199997	101.655
118.000000	101.645
120.599998	101.618
122.000000	101.612
124.099998	101.603
125.000000	101.597
126.500000	101.585
128.000000	101.571
131.500000	101.540
132.000000	101.537
134.000000	101.521
136.000000	101.503
138.000000	101.484
140.000000	101.469
143.000000	101.452
145.000000	101.441
147.500000	101.426
150.000000	101.413
152.500000	101.406
155.000000	101.407
157.500000	101.412
160.000000	101.417
162.500000	101.412
165.000000	101.392
167.500000	101.352
170.000000	101.302
172.500000	101.254
175.000000	101.216
177.500000	101.192
180.000000	101.179
182.500000	101.172
185.000000	101.166
187.500000	101.160
190.000000	101.151
192.500000	101.141
195.000000	101.126
197.500000	101.109
200.000000	101.091
203.000000	101.069
206.000000	101.046
209.000000	101.023
212.000000	101.001
214.000000	100.986
218.000000	100.959
220.000000	100.947
224.000000	100.920
227.000000	100.900
230.000000	100.880
233.000000	100.860
236.000000	100.841
240.000000	100.816
243.000000	100.797
247.000000	100.772
250.000000	100.754
254.000000	100.729
258.000000	100.704
262.000000	100.679
265.000000	100.661
269.000000	100.638
272.000000	100.621
276.000000	100.596
280.000000	100.573
285.000000	100.543
290.000000	100.513
295.000000	100.484
300.000000	100.454
304.000000	100.431
307.000000	100.413
311.000000	100.389
315.000000	100.365
320.000000	100.335
325.000000	100.305
330.000000	100.275
335.000000	100.246
340.000000	100.218
345.000000	100.190
350.000000	100.160
355.000000	100.132
360.000000	100.105
365.000000	100.078
370.000000	100.052
375.000000	100.026
382.000000	99.990
387.000000	99.965
395.000000	99.924
400.000000	99.899
406.000000	99.869
412.000000	99.839
418.000000	99.809
425.000000	99.774
431.000000	99.746
437.000000	99.718
444.000000	99.684
450.000000	99.656
455.000000	99.633
462.000000	99.602
468.000000	99.576
475.000000	99.547
482.000000	99.520
487.000000	99.501
494.000000	99.476
500.000000	99.456
508.000000	99.430
515.000000	99.411
522.000000	99.394
530.000000	99.375
538.000000	99.361
545.000000	99.351
552.000000	99.344
560.000000	99.340
570.000000	99.338
580.000000	99.340
590.000000	99.345
600.000000	99.352
608.000000	99.360
615.000000	99.367
622.000000	99.373
630.000000	99.380
640.000000	99.388
650.000000	99.394
660.000000	99.398
670.000000	99.400
680.000000	99.402
690.000000	99.403
700.000000	99.404
710.000000	99.405
720.000000	99.405
730.000000	99.405
740.000000	99.406
750.000000	99.409
762.000000	99.414
775.000000	99.421
788.000000	99.429
800.000000	99.441
812.000000	99.456
825.000000	99.478
838.000000	99.504
850.000000	99.530
862.000000	99.561
875.000000	99.598
885.000000	99.630
900.000000	99.681
912.000000	99.725
925.000000	99.775
938.000000	99.830
950.000000	99.884
962.000000	99.941
975.000000	100.005
988.000000	100.073
1000.000000	100.138
1015.000000	100.221
1030.000000	100.308
1044.000000	100.389
1060.000000	100.483
1075.000000	100.571
1090.000000	100.660
1106.000000	100.754
1120.000000	100.837
1138.000000	100.943
1150.000000	101.013
1172.000000	101.140
1180.000000	101.186
1206.000000	101.332
1220.000000	101.409
1241.000000	101.523
1250.000000	101.572
1265.000000	101.651
1280.000000	101.729
1315.000000	101.909
1320.000000	101.934
1340.000000	102.035
1360.000000	102.135
1380.000000	102.234
1400.000000	102.335
1430.000000	102.488
1450.000000	102.591
1475.000000	102.723
1500.000000	102.857
1525.000000	102.993
1550.000000	103.132
1575.000000	103.275
1600.000000	103.423
1625.000000	103.575
1650.000000	103.732
1675.000000	103.893
1700.000000	104.059
1725.000000	104.230
1750.000000	104.406
1775.000000	104.587
1800.000000	104.773
1825.000000	104.963
1850.000000	105.158
1875.000000	105.358
1900.000000	105.562
1925.000000	105.771
1950.000000	105.985
1975.000000	106.203
2000.000000	106.423
2030.000000	106.689
2060.000000	106.952
2090.000000	107.203
2120.000000	107.435
2140.000000	107.578
2180.000000	107.825
2200.000000	107.927
2240.000000	108.079
2270.000000	108.149
2300.000000	108.179
2330.000000	108.169
2360.000000	108.124
2400.000000	108.012
2430.000000	107.896
2470.000000	107.706
2500.000000	107.543
2540.000000	107.309
2580.000000	107.063
2620.000000	106.816
2650.000000	106.635
2690.000000	106.399
2720.000000	106.230
2760.000000	106.015
2800.000000	105.814
2850.000000	105.584
2900.000000	105.379
2950.000000	105.197
3000.000000	105.038
3040.000000	104.925
3070.000000	104.850
3110.000000	104.761
3150.000000	104.685
3200.000000	104.607
3250.000000	104.538
3300.000000	104.469
3350.000000	104.378
3400.000000	104.240
3450.000000	104.046
3500.000000	103.788
3550.000000	103.477
3600.000000	103.135
3650.000000	102.785
3700.000000	102.468
3750.000000	102.219
3820.000000	102.056
3870.000000	102.092
3950.000000	102.398
4000.000000	102.684
4060.000000	103.025
4120.000000	103.273
4180.000000	103.337
4250.000000	103.111
4310.000000	102.654
4370.000000	101.995
4440.000000	101.049
4500.000000	100.156
4550.000000	99.390
4620.000000	98.320
4680.000000	97.425
4750.000000	96.417
4820.000000	95.452
4870.000000	94.785
4940.000000	93.876
5000.000000	93.114
5080.000000	92.112
5150.000000	91.251
5220.000000	90.439
5300.000000	89.666
5380.000000	89.198
5450.000000	89.100
5520.000000	89.232
5600.000000	89.515
5700.000000	89.877
5800.000000	90.172
5900.000000	90.416
6000.000000	90.644
6080.000000	90.832
6150.000000	91.008
6220.000000	91.201
6300.000000	91.448
6400.000000	91.808
6500.000000	92.240
6600.000000	92.755
6700.000000	93.352
6800.000000	94.019
6900.000000	94.743
7000.000000	95.525
7100.000000	96.370
7200.000000	97.261
7300.000000	98.138
7400.000000	98.913
7500.000000	99.495
7620.000000	99.814
7750.000000	99.609
7880.000000	98.906
8000.000000	98.002
8120.000000	97.033
8250.000000	96.036
8380.000000	95.166
8500.000000	94.472
8620.000000	93.862
8750.000000	93.281
8850.000000	92.895
9000.000000	92.422
9120.000000	92.121
9250.000000	91.849
9380.000000	91.626
9500.000000	91.457
9620.000000	91.313
9750.000000	91.173
9880.000000	91.041
10000.000000	90.921
10150.000000	90.767
10300.000000	90.611
10440.000000	90.473
10600.000000	90.340
10750.000000	90.236
10900.000000	90.112
11060.000000	89.885
11200.000000	89.540
11380.000000	88.862
11500.000000	88.296
11720.000000	87.205
11800.000000	86.846
12060.000000	85.999
12200.000000	85.774
12410.000000	85.731
12500.000000	85.829
12650.000000	86.170
12800.000000	86.739
13150.000000	88.756
13200.000000	89.094
13400.000000	90.494
13600.000000	92.013
13800.000000	93.570
14000.000000	94.721
14300.000000	94.805
14500.000000	93.828
14750.000000	92.154
15000.000000	90.745
15250.000000	90.300
15500.000000	90.737
15750.000000	91.418
16000.000000	91.745
16250.000000	90.972
16500.000000	89.112
16750.000000	86.938
17000.000000	85.041
17250.000000	83.578
17500.000000	82.519
17750.000000	81.825
18000.000000	81.492
18250.000000	81.486
18500.000000	81.685
18750.000000	81.885
19000.000000	82.000
19250.000000	82.169
19500.000000	82.378
19750.000000	82.279
