20.144928	99.169
20.290907	99.164
20.437943	99.157
20.586044	99.149
20.735220	99.140
20.885475	99.130
21.036821	99.120
21.189262	99.110
21.342808	99.099
21.497467	99.088
21.653246	99.075
21.810154	99.062
21.968201	99.047
22.127390	99.032
22.287735	99.015
22.449242	98.997
22.611917	98.979
22.775772	98.962
22.940815	98.945
23.107054	98.930
23.274498	98.917
23.443153	98.905
23.613033	98.894
23.784142	98.883
23.956491	98.872
24.130091	98.860
24.304947	98.846
24.481071	98.830
24.658470	98.812
24.837156	98.794
25.017136	98.775
25.198421	98.758
25.381020	98.744
25.564941	98.734
25.750195	98.728
25.936790	98.726
26.124741	98.727
26.314051	98.731
26.504732	98.734
26.696796	98.737
26.890253	98.738
27.085112	98.736
27.281382	98.731
27.479073	98.724
27.678198	98.716
27.878765	98.708
28.080786	98.699
28.284271	98.692
28.489231	98.686
28.695675	98.680
28.903616	98.673
29.113064	98.665
29.324028	98.655
29.536524	98.643
29.750557	98.631
29.966141	98.618
30.183289	98.607
30.402010	98.598
30.622314	98.593
30.844217	98.590
31.067726	98.590
31.292856	98.589
31.519617	98.589
31.748020	98.586
31.978081	98.580
32.209808	98.572
32.443211	98.562
32.678310	98.552
32.915108	98.543
33.153625	98.535
33.393871	98.529
33.635857	98.524
33.879597	98.520
34.125103	98.516
34.372387	98.511
34.621464	98.504
34.872345	98.496
35.125042	98.487
35.379574	98.479
35.635948	98.471
35.894180	98.465
36.154285	98.460
36.416275	98.456
36.680161	98.452
36.945961	98.449
37.213688	98.446
37.483353	98.443
37.754974	98.441
38.028561	98.438
38.304131	98.436
38.581699	98.432
38.861279	98.427
39.142883	98.420
39.426529	98.412
39.712231	98.404
40.000000	98.396
40.289856	98.389
40.581814	98.383
40.875885	98.380
41.172089	98.377
41.470440	98.374
41.770950	98.370
42.073643	98.366
42.378525	98.359
42.685616	98.352
42.994934	98.344
43.306492	98.337
43.620308	98.331
43.936401	98.329
44.254780	98.328
44.575470	98.328
44.898483	98.327
45.223835	98.323
45.551544	98.318
45.881630	98.313
46.214108	98.309
46.548996	98.307
46.886307	98.304
47.226067	98.299
47.568283	98.291
47.912983	98.281
48.260181	98.270
48.609894	98.260
48.962143	98.253
49.316940	98.247
49.674313	98.242
50.034271	98.237
50.396843	98.231
50.762039	98.225
51.129883	98.218
51.500389	98.213
51.873581	98.209
52.249481	98.207
52.628101	98.206
53.009464	98.205
53.393593	98.203
53.780506	98.200
54.170223	98.195
54.562763	98.188
54.958145	98.181
55.356396	98.176
55.757530	98.173
56.161572	98.171
56.568542	98.169
56.978462	98.166
57.391350	98.160
57.807232	98.150
58.226128	98.140
58.648056	98.132
59.073048	98.126
59.501114	98.123
59.932281	98.119
60.366577	98.115
60.804020	98.108
61.244629	98.102
61.688435	98.096
62.135452	98.091
62.585712	98.088
63.039234	98.084
63.496040	98.081
63.956161	98.077
64.419617	98.074
64.886421	98.070
65.356621	98.063
65.830215	98.053
66.307251	98.044
66.787743	98.036
67.271713	98.029
67.759193	98.022
68.250206	98.012
68.744774	98.002
69.242928	97.994
69.744690	97.988
70.250084	97.981
70.759148	97.971
71.271896	97.958
71.788361	97.947
72.308571	97.938
72.832550	97.931
73.360321	97.924
73.891922	97.918
74.427376	97.912
74.966705	97.906
75.509949	97.899
76.057121	97.888
76.608261	97.875
77.163399	97.862
77.722557	97.852
78.285767	97.845
78.853058	97.840
79.424461	97.830
80.000000	97.816
80.579712	97.801
81.163628	97.786
81.751770	97.773
82.344177	97.758
82.940880	97.741
83.541901	97.722
84.147285	97.703
84.757050	97.685
85.371231	97.670
85.989868	97.656
86.612984	97.641
87.240616	97.623
87.872803	97.605
88.509560	97.588
89.150940	97.572
89.796967	97.558
90.447670	97.549
91.103088	97.546
91.763260	97.547
92.428215	97.556
93.097992	97.573
93.772614	97.599
94.452133	97.634
95.136566	97.675
95.825966	97.717
96.520363	97.757
97.219788	97.797
97.924286	97.835
98.633881	97.866
99.348625	97.886
100.068542	97.900
100.793686	97.914
101.524078	97.927
102.259766	97.936
103.000778	97.943
103.747162	97.950
104.498962	97.958
105.256203	97.968
106.018929	97.981
106.787186	97.995
107.561012	98.010
108.340446	98.026
109.125526	98.040
109.916290	98.047
110.712791	98.050
111.515060	98.051
112.323143	98.049
113.137085	98.046
113.956924	98.039
114.782700	98.025
115.614464	98.007
116.452255	97.990
117.296112	97.973
118.146095	97.953
119.002228	97.934
119.864563	97.917
120.733154	97.900
121.608040	97.884
122.489258	97.867
123.376869	97.849
124.270905	97.831
125.171425	97.814
126.078468	97.799
126.992081	97.784
127.912323	97.766
128.839233	97.747
129.772842	97.728
130.713242	97.711
131.660431	97.693
132.614502	97.674
133.575485	97.655
134.543427	97.637
135.518387	97.621
136.500412	97.606
137.489548	97.592
138.485855	97.578
139.489380	97.564
140.500168	97.550
141.518295	97.534
142.543793	97.518
143.576721	97.503
144.617142	97.489
145.665100	97.475
146.720642	97.462
147.783844	97.447
148.854752	97.431
149.933411	97.418
151.019897	97.407
152.114243	97.397
153.216522	97.389
154.326797	97.383
155.445114	97.381
156.571533	97.380
157.706116	97.378
158.848923	97.376
160.000000	97.371
161.159424	97.360
162.327255	97.346
163.503540	97.329
164.688354	97.310
165.881760	97.285
167.083801	97.256
168.294571	97.224
169.514099	97.192
170.742462	97.159
171.979736	97.126
173.225967	97.094
174.481232	97.064
175.745605	97.039
177.019119	97.019
178.301880	96.999
179.593933	96.979
180.895340	96.961
182.206177	96.949
183.526520	96.938
184.856430	96.928
186.195984	96.919
187.545227	96.910
188.904266	96.902
190.273132	96.893
191.651932	96.884
193.040726	96.875
194.439575	96.865
195.848572	96.849
197.267761	96.829
198.697250	96.812
200.137085	96.796
201.587372	96.776
203.048157	96.755
204.519531	96.735
206.001556	96.717
207.494324	96.701
208.997925	96.685
210.512405	96.665
212.037857	96.642
213.574371	96.616
215.122025	96.590
216.680893	96.564
218.251053	96.538
219.832581	96.514
221.425583	96.492
223.030121	96.471
224.646286	96.450
226.274170	96.429
227.913849	96.408
229.565399	96.387
231.228928	96.366
232.904510	96.343
234.592224	96.320
236.292191	96.298
238.004456	96.275
239.729126	96.250
241.466309	96.224
243.216080	96.201
244.978516	96.181
246.753738	96.160
248.541809	96.135
250.342850	96.110
252.156937	96.085
253.984161	96.060
255.824646	96.035
257.678467	96.011
259.545685	95.989
261.426483	95.966
263.320862	95.946
265.229004	95.929
267.150970	95.916
269.086853	95.903
271.036774	95.888
273.000824	95.872
274.979095	95.854
276.971710	95.836
278.978760	95.817
281.000336	95.797
283.036591	95.776
285.087585	95.752
287.153442	95.725
289.234283	95.697
291.330200	95.669
293.441284	95.642
295.567688	95.616
297.709503	95.591
299.866821	95.564
302.039795	95.536
304.228485	95.506
306.433044	95.477
308.653595	95.451
310.890228	95.427
313.143066	95.404
315.412231	95.381
317.697845	95.356
320.000000	95.330
322.318848	95.302
324.654510	95.274
327.007080	95.247
329.376709	95.221
331.763519	95.192
334.167603	95.165
336.589142	95.138
339.028198	95.113
341.484924	95.088
343.959473	95.062
346.451935	95.035
348.962463	95.007
351.491211	94.978
354.038239	94.948
356.603760	94.921
359.187866	94.896
361.790680	94.873
364.412354	94.847
367.053040	94.821
369.712860	94.794
372.391968	94.768
375.090454	94.744
377.808533	94.717
380.546265	94.688
383.303864	94.661
386.081451	94.634
388.879150	94.608
391.697144	94.580
394.535522	94.553
397.394501	94.528
400.274170	94.505
403.174744	94.482
406.096313	94.456
409.039062	94.430
412.003113	94.404
414.988647	94.380
417.995850	94.355
421.024811	94.330
424.075714	94.307
427.148743	94.286
430.244049	94.265
433.361786	94.243
436.502106	94.219
439.665161	94.194
442.851166	94.170
446.060242	94.147
449.292572	94.123
452.548340	94.099
455.827698	94.077
459.130798	94.056
462.457855	94.037
465.809021	94.017
469.184448	93.996
472.584381	93.975
476.008911	93.956
479.458252	93.938
482.932617	93.920
486.432159	93.902
489.957031	93.883
493.507477	93.865
497.083618	93.847
500.685699	93.830
504.313873	93.815
507.968323	93.800
511.649292	93.786
515.356934	93.772
519.091370	93.759
522.852966	93.748
526.641724	93.738
530.458008	93.729
534.301941	93.723
538.173706	93.717
542.073547	93.709
546.001648	93.699
549.958191	93.690
553.943420	93.683
557.957520	93.680
562.000671	93.678
566.073181	93.674
570.175171	93.669
574.306885	93.667
578.468567	93.668
582.660400	93.670
586.882568	93.671
591.135376	93.673
595.419006	93.677
599.733643	93.684
604.079590	93.691
608.456970	93.701
612.866089	93.715
617.307190	93.730
621.780457	93.745
626.286133	93.758
630.824463	93.773
635.395691	93.790
640.000000	93.808
644.637695	93.826
649.309021	93.846
654.014160	93.866
658.753418	93.885
663.527039	93.905
668.335205	93.926
673.178284	93.950
678.056396	93.976
682.969849	93.998
687.918945	94.017
692.903870	94.036
697.924927	94.056
702.982422	94.075
708.076477	94.092
713.207520	94.106
718.375732	94.119
723.581360	94.129
728.824707	94.136
734.106079	94.140
739.425720	94.143
744.783936	94.142
750.180908	94.137
755.617065	94.127
761.092529	94.111
766.607727	94.091
772.162903	94.067
777.758301	94.038
783.394287	94.005
789.071045	93.970
794.789001	93.930
800.548340	93.887
806.349487	93.841
812.192627	93.792
818.078125	93.739
824.006226	93.685
829.977295	93.634
835.991699	93.584
842.049622	93.535
848.151428	93.486
854.297485	93.436
860.488098	93.386
866.723572	93.337
873.004211	93.289
879.330322	93.245
885.702332	93.204
892.120483	93.166
898.585144	93.131
905.096680	93.098
911.655396	93.067
918.261597	93.040
924.915710	93.021
931.618042	93.007
938.368896	92.996
945.168762	92.987
952.017822	92.980
958.916504	92.981
965.865234	92.984
972.864319	92.989
979.914062	92.997
987.014954	93.010
994.167236	93.025
1001.371399	93.044
1008.627747	93.067
1015.936646	93.092
1023.298584	93.122
1030.713867	93.157
1038.182739	93.193
1045.705933	93.229
1053.283447	93.266
1060.916016	93.306
1068.603882	93.349
1076.347412	93.395
1084.147095	93.446
1092.003296	93.499
1099.916382	93.552
1107.886841	93.606
1115.915039	93.663
1124.001343	93.720
1132.146362	93.779
1140.350342	93.836
1148.613770	93.893
1156.937134	93.954
1165.320801	94.018
1173.765137	94.082
1182.270752	94.146
1190.838013	94.211
1199.467285	94.276
1208.159180	94.341
1216.913940	94.408
1225.732178	94.477
1234.614380	94.546
1243.560913	94.615
1252.572266	94.682
1261.648926	94.751
1270.791382	94.823
1280.000000	94.895
1289.275391	94.965
1298.618042	95.036
1308.028320	95.108
1317.506836	95.181
1327.054077	95.255
1336.670410	95.331
1346.356567	95.406
1356.112793	95.480
1365.939697	95.554
1375.837891	95.631
1385.807739	95.708
1395.849854	95.785
1405.964844	95.862
1416.152954	95.940
1426.415039	96.019
1436.751465	96.099
1447.162720	96.179
1457.649414	96.261
1468.212158	96.344
1478.851440	96.427
1489.567871	96.510
1500.361816	96.592
1511.234131	96.676
1522.185059	96.760
1533.215454	96.846
1544.325806	96.932
1555.516602	97.017
1566.788574	97.101
1578.142090	97.186
1589.578003	97.273
1601.096680	97.361
1612.698975	97.448
1624.385254	97.532
1636.156250	97.616
1648.012451	97.698
1659.954590	97.779
1671.983398	97.860
1684.099243	97.940
1696.302856	98.018
1708.594971	98.095
1720.976196	98.169
1733.447144	98.240
1746.008423	98.309
1758.660645	98.375
1771.404663	98.438
1784.240967	98.497
1797.170288	98.553
1810.193359	98.606
1823.310791	98.653
1836.523193	98.695
1849.831421	98.732
1863.236084	98.764
1876.737793	98.790
1890.337524	98.811
1904.035645	98.824
1917.833008	98.830
1931.730469	98.832
1945.728638	98.829
1959.828125	98.819
1974.029907	98.803
1988.334473	98.781
2002.742798	98.752
2017.255493	98.718
2031.873291	98.678
2046.597168	98.633
2061.427734	98.582
2076.365479	98.528
2091.411865	98.468
2106.566895	98.405
2121.832031	98.338
2137.207764	98.267
2152.694824	98.193
2168.294189	98.116
2184.006592	98.038
2199.832764	97.959
2215.773682	97.880
2231.830078	97.800
2248.002686	97.720
2264.292725	97.641
2280.700684	97.563
2297.227539	97.488
2313.874268	97.415
2330.641602	97.345
2347.530273	97.278
2364.541504	97.217
2381.676025	97.161
2398.934570	97.110
2416.318359	97.066
2433.827881	97.029
2451.464355	97.000
2469.228760	96.980
2487.121826	96.970
2505.144531	96.970
2523.297852	96.980
2541.582764	97.000
2560.000000	97.029
2578.550781	97.067
2597.236084	97.114
2616.056641	97.168
2635.013672	97.229
2654.108154	97.293
2673.340820	97.359
2692.713135	97.424
2712.225586	97.483
2731.879395	97.534
2751.675781	97.573
2771.615479	97.600
2791.699707	97.611
2811.929688	97.606
2832.305908	97.583
2852.830078	97.544
2873.502930	97.488
2894.325439	97.417
2915.298828	97.331
2936.424316	97.233
2957.702881	97.127
2979.135742	97.015
3000.723633	96.900
3022.468262	96.786
3044.370117	96.677
3066.430908	96.574
3088.651611	96.480
3111.033203	96.396
3133.577148	96.324
3156.284180	96.265
3179.156006	96.219
3202.193359	96.181
3225.397949	96.152
3248.770508	96.130
3272.312500	96.117
3296.024902	96.110
3319.909180	96.108
3343.966797	96.107
3368.198486	96.108
3392.605713	96.112
3417.189941	96.120
3441.952393	96.134
3466.894287	96.152
3492.016846	96.177
3517.321289	96.212
3542.809326	96.258
3568.481934	96.316
3594.340576	96.386
3620.386719	96.471
3646.621582	96.570
3673.046387	96.684
3699.662842	96.811
3726.472168	96.952
3753.475586	97.106
3780.675049	97.273
3808.071289	97.446
3835.666016	97.621
3863.460938	97.791
3891.457275	97.956
3919.656250	98.109
3948.059814	98.243
3976.668945	98.345
4005.485596	98.408
4034.510986	98.424
4063.746582	98.392
4093.194336	98.312
4122.855469	98.180
4152.730957	97.995
4182.823730	97.763
4213.133789	97.494
4243.664062	97.194
4274.415527	96.871
4305.389648	96.531
4336.588379	96.182
4368.013184	95.831
4399.665527	95.485
4431.547363	95.151
4463.660156	94.830
4496.005371	94.529
4528.585449	94.251
4561.401367	93.998
4594.455078	93.774
4627.748535	93.581
4661.283203	93.423
4695.060547	93.298
4729.083008	93.207
4763.352051	93.151
4797.869141	93.131
4832.636719	93.147
4867.655762	93.200
4902.928711	93.290
4938.457520	93.419
4974.243652	93.586
5010.289062	93.790
5046.595703	94.029
5083.165527	94.303
5120.000000	94.611
5157.101562	94.951
5194.472168	95.316
5232.113281	95.705
5270.027344	96.111
5308.216309	96.525
5346.681641	96.938
5385.426270	97.340
5424.451172	97.721
5463.758789	98.066
5503.351562	98.357
5543.230957	98.582
5583.399414	98.732
5623.859375	98.800
5664.611816	98.784
5705.660156	98.686
5747.005859	98.516
5788.650879	98.285
5830.597656	98.005
5872.848633	97.686
5915.405762	97.337
5958.271484	96.968
6001.447266	96.582
6044.936523	96.180
6088.740234	95.758
6132.861816	95.320
6177.303223	94.888
6222.066406	94.490
6267.154297	94.139
6312.568359	93.836
6358.312012	93.579
6404.386719	93.362
6450.795898	93.184
6497.541016	93.044
6544.625000	92.942
6592.049805	92.877
6639.818359	92.847
6687.933594	92.852
6736.396973	92.889
6785.211426	92.951
6834.379883	93.034
6883.904785	93.129
6933.788574	93.224
6984.033691	93.303
7034.642578	93.342
7085.618652	93.317
7136.963867	93.200
7188.681152	92.967
7240.773438	92.601
7293.243164	92.097
7346.092773	91.466
7399.325684	90.736
7452.944336	89.946
7506.951172	89.150
7561.350098	88.408
7616.142578	87.782
7671.332031	87.326
7726.921875	87.065
7782.914551	86.998
7839.312500	87.096
7896.119629	87.326
7953.337891	87.658
8010.971191	88.077
8069.021973	88.586
8127.493164	89.185
8186.388672	89.865
8245.710938	90.599
8305.461914	91.353
8365.647461	92.091
8426.267578	92.784
8487.328125	93.416
8548.831055	93.980
8610.779297	94.480
8673.176758	94.918
8736.026367	95.287
8799.331055	95.577
8863.094727	95.772
8927.320312	95.855
8992.010742	95.806
9057.170898	95.612
9122.802734	95.268
9188.910156	94.785
9255.497070	94.189
9322.566406	93.513
9390.121094	92.792
9458.166016	92.058
9526.704102	91.337
9595.738281	90.647
9665.273438	89.998
9735.311523	89.397
9805.857422	88.846
9876.915039	88.347
9948.487305	87.900
10020.578125	87.505
10093.191406	87.161
10166.331055	86.866
10240.000000	86.614
10314.203125	86.404
10388.944336	86.231
10464.226562	86.093
10540.054688	85.984
10616.432617	85.898
10693.363281	85.826
10770.852539	85.755
10848.902344	85.674
10927.517578	85.568
11006.703125	85.416
11086.461914	85.198
11166.798828	84.911
11247.718750	84.564
11329.223633	84.167
11411.320312	83.713
11494.011719	83.198
11577.301758	82.629
11661.195312	82.018
11745.697266	81.379
11830.811523	80.725
11916.542969	80.068
12002.894531	79.418
12089.873047	78.788
12177.480469	78.191
12265.723633	77.632
12354.606445	77.116
12444.132812	76.652
12534.308594	76.253
12625.136719	75.936
12716.624023	75.715
12808.773438	75.621
12901.591797	75.686
12995.082031	75.937
13089.250000	76.388
13184.099609	77.030
13279.636719	77.834
13375.867188	78.738
13472.793945	79.642
13570.422852	80.448
13668.759766	81.079
13767.809570	81.496
13867.577148	81.706
13968.067383	81.753
14069.285156	81.703
14171.237305	81.630
14273.927734	81.598
14377.362305	81.657
14481.546875	81.862
14586.486328	82.274
14692.185547	82.905
14798.651367	83.688
14905.888672	84.545
15013.902344	85.440
15122.700195	86.341
15232.285156	87.189
15342.664062	87.896
15453.843750	88.367
15565.829102	88.534
15678.625000	88.384
15792.239258	87.938
15906.675781	87.219
16021.942383	86.255
16138.043945	85.152
16254.986328	84.206
16372.777344	83.847
16491.421875	84.146
16610.923828	84.658
16731.294922	84.998
16852.535156	84.983
16974.656250	84.527
17097.662109	83.612
17221.558594	82.312
17346.353516	80.770
17472.052734	79.201
17598.662109	77.927
17726.189453	77.214
17854.640625	76.858
17984.021484	76.410
18114.341797	75.747
18245.605469	75.018
18377.820312	74.369
18510.994141	73.877
18645.132812	73.577
18780.242188	73.481
18916.332031	73.575
19053.408203	73.836
19191.476562	74.213
19330.546875	74.621
19470.623047	75.001
19611.714844	75.363
19753.830078	75.703
19896.974609	75.950
