20.299999	105.166
20.600000	105.151
20.900000	105.143
21.200001	105.132
21.400000	105.113
21.799999	105.040
22.000000	104.994
22.400000	104.921
22.700001	104.900
23.000000	104.905
23.299999	104.908
23.600000	104.885
24.000000	104.801
24.299999	104.720
24.700001	104.635
25.000000	104.605
25.400000	104.596
25.799999	104.588
26.200001	104.562
26.500000	104.536
26.900000	104.505
27.200001	104.487
27.600000	104.469
28.000000	104.457
28.500000	104.459
29.000000	104.476
29.500000	104.477
30.000000	104.459
30.400000	104.456
30.700001	104.468
31.100000	104.493
31.500000	104.499
32.000000	104.454
32.500000	104.377
33.000000	104.317
33.500000	104.278
34.000000	104.228
34.500000	104.161
35.000000	104.095
35.500000	104.043
36.000000	103.997
36.500000	103.959
37.000000	103.932
37.500000	103.912
38.200001	103.887
38.700001	103.875
39.500000	103.860
40.000000	103.839
40.599998	103.808
41.200001	103.780
41.799999	103.745
42.500000	103.687
43.099998	103.633
43.700001	103.585
44.400002	103.532
45.000000	103.490
45.500000	103.457
46.200001	103.414
46.799999	103.386
47.500000	103.359
48.200001	103.325
48.700001	103.299
49.400002	103.270
50.000000	103.239
50.799999	103.186
51.500000	103.139
52.200001	103.095
53.000000	103.043
53.799999	102.989
54.500000	102.946
55.200001	102.910
56.000000	102.873
57.000000	102.822
58.000000	102.771
59.000000	102.713
60.000000	102.654
60.799999	102.607
61.500000	102.566
62.200001	102.525
63.000000	102.479
64.000000	102.427
65.000000	102.377
66.000000	102.326
67.000000	102.272
68.000000	102.218
69.000000	102.163
70.000000	102.106
71.000000	102.052
72.000000	101.998
73.000000	101.945
74.000000	101.893
75.000000	101.840
76.199997	101.778
77.500000	101.709
78.800003	101.639
80.000000	101.577
81.199997	101.517
82.500000	101.452
83.800003	101.385
85.000000	101.320
86.199997	101.257
87.500000	101.188
88.500000	101.136
90.000000	101.059
91.199997	100.999
92.500000	100.936
93.800003	100.873
95.000000	100.815
96.199997	100.759
97.500000	100.694
98.800003	100.632
100.000000	100.571
101.500000	100.493
103.000000	100.417
104.400002	100.348
106.000000	100.276
107.500000	100.209
109.000000	100.139
110.599998	100.058
112.000000	99.980
113.800003	99.888
115.000000	99.841
117.199997	99.810
118.000000	99.822
120.599998	99.754
122.000000	99.611
124.099998	99.444
125.000000	99.385
126.500000	99.297
128.000000	99.224
131.500000	99.079
132.000000	99.056
134.000000	98.960
136.000000	98.861
138.000000	98.767
140.000000	98.677
143.000000	98.544
145.000000	98.455
147.500000	98.347
150.000000	98.249
152.500000	98.168
155.000000	98.111
157.500000	98.084
160.000000	98.078
162.500000	98.079
165.000000	98.064
167.500000	98.017
170.000000	97.941
172.500000	97.843
175.000000	97.734
177.500000	97.629
180.000000	97.535
182.500000	97.450
185.000000	97.374
187.500000	97.309
190.000000	97.258
192.500000	97.219
195.000000	97.185
197.500000	97.151
200.000000	97.106
203.000000	97.040
206.000000	96.961
209.000000	96.874
212.000000	96.786
214.000000	96.727
218.000000	96.612
220.000000	96.555
224.000000	96.447
227.000000	96.366
230.000000	96.288
233.000000	96.212
236.000000	96.138
240.000000	96.042
243.000000	95.972
247.000000	95.881
250.000000	95.815
254.000000	95.729
258.000000	95.647
262.000000	95.566
265.000000	95.507
269.000000	95.433
272.000000	95.377
276.000000	95.305
280.000000	95.236
285.000000	95.151
290.000000	95.066
295.000000	94.984
300.000000	94.907
304.000000	94.846
307.000000	94.803
311.000000	94.745
315.000000	94.691
320.000000	94.623
325.000000	94.558
330.000000	94.497
335.000000	94.440
340.000000	94.388
345.000000	94.340
350.000000	94.298
355.000000	94.257
360.000000	94.218
365.000000	94.178
370.000000	94.139
375.000000	94.101
382.000000	94.048
387.000000	94.013
395.000000	93.960
400.000000	93.930
406.000000	93.897
412.000000	93.864
418.000000	93.836
425.000000	93.806
431.000000	93.782
437.000000	93.763
444.000000	93.742
450.000000	93.726
455.000000	93.715
462.000000	93.702
468.000000	93.693
475.000000	93.686
482.000000	93.683
487.000000	93.682
494.000000	93.684
500.000000	93.688
508.000000	93.697
515.000000	93.707
522.000000	93.718
530.000000	93.733
538.000000	93.752
545.000000	93.770
552.000000	93.790
560.000000	93.815
570.000000	93.846
580.000000	93.874
590.000000	93.900
600.000000	93.924
608.000000	93.947
615.000000	93.971
622.000000	94.001
630.000000	94.040
640.000000	94.094
650.000000	94.153
660.000000	94.214
670.000000	94.279
680.000000	94.347
690.000000	94.417
700.000000	94.489
710.000000	94.561
720.000000	94.636
730.000000	94.713
740.000000	94.791
750.000000	94.870
762.000000	94.965
775.000000	95.072
788.000000	95.181
800.000000	95.286
812.000000	95.393
825.000000	95.510
838.000000	95.627
850.000000	95.737
862.000000	95.846
875.000000	95.966
885.000000	96.059
900.000000	96.200
912.000000	96.314
925.000000	96.438
938.000000	96.562
950.000000	96.678
962.000000	96.793
975.000000	96.917
988.000000	97.039
1000.000000	97.150
1015.000000	97.286
1030.000000	97.419
1044.000000	97.540
1060.000000	97.673
1075.000000	97.792
1090.000000	97.907
1106.000000	98.026
1120.000000	98.126
1138.000000	98.248
1150.000000	98.326
1172.000000	98.461
1180.000000	98.508
1206.000000	98.650
1220.000000	98.719
1241.000000	98.817
1250.000000	98.856
1265.000000	98.916
1280.000000	98.972
1315.000000	99.090
1320.000000	99.105
1340.000000	99.163
1360.000000	99.218
1380.000000	99.267
1400.000000	99.312
1430.000000	99.375
1450.000000	99.413
1475.000000	99.460
1500.000000	99.505
1525.000000	99.547
1550.000000	99.590
1575.000000	99.633
1600.000000	99.677
1625.000000	99.721
1650.000000	99.766
1675.000000	99.814
1700.000000	99.862
1725.000000	99.915
1750.000000	99.969
1775.000000	100.025
1800.000000	100.085
1825.000000	100.148
1850.000000	100.213
1875.000000	100.282
1900.000000	100.353
1925.000000	100.428
1950.000000	100.504
1975.000000	100.584
2000.000000	100.666
2030.000000	100.769
2060.000000	100.876
2090.000000	100.987
2120.000000	101.100
2140.000000	101.179
2180.000000	101.340
2200.000000	101.423
2240.000000	101.596
2270.000000	101.732
2300.000000	101.874
2330.000000	102.020
2360.000000	102.173
2400.000000	102.385
2430.000000	102.543
2470.000000	102.745
2500.000000	102.871
2540.000000	102.981
2580.000000	102.999
2620.000000	102.913
2650.000000	102.787
2690.000000	102.558
2720.000000	102.356
2760.000000	102.072
2800.000000	101.793
2850.000000	101.479
2900.000000	101.226
2950.000000	101.050
3000.000000	100.953
3040.000000	100.925
3070.000000	100.927
3110.000000	100.948
3150.000000	100.982
3200.000000	101.031
3250.000000	101.079
3300.000000	101.125
3350.000000	101.162
3400.000000	101.180
3450.000000	101.185
3500.000000	101.177
3550.000000	101.168
3600.000000	101.167
3650.000000	101.183
3700.000000	101.222
3750.000000	101.291
3820.000000	101.431
3870.000000	101.547
3950.000000	101.712
4000.000000	101.755
4060.000000	101.716
4120.000000	101.603
4180.000000	101.483
4250.000000	101.450
4310.000000	101.561
4370.000000	101.789
4440.000000	102.140
4500.000000	102.459
4550.000000	102.712
4620.000000	103.013
4680.000000	103.204
4750.000000	103.326
4820.000000	103.332
4870.000000	103.262
4940.000000	103.067
5000.000000	102.829
5080.000000	102.442
5150.000000	102.065
5220.000000	101.680
5300.000000	101.266
5380.000000	100.920
5450.000000	100.713
5520.000000	100.632
5600.000000	100.731
5700.000000	101.186
5800.000000	101.946
5900.000000	102.838
6000.000000	103.632
6080.000000	104.047
6150.000000	104.196
6220.000000	104.150
6300.000000	103.906
6400.000000	103.429
6500.000000	102.915
6600.000000	102.463
6700.000000	102.121
6800.000000	101.894
6900.000000	101.779
7000.000000	101.766
7100.000000	101.833
7200.000000	101.960
7300.000000	102.136
7400.000000	102.351
7500.000000	102.593
7620.000000	102.907
7750.000000	103.266
7880.000000	103.621
8000.000000	103.930
8120.000000	104.189
8250.000000	104.333
8380.000000	104.281
8500.000000	104.055
8620.000000	103.695
8750.000000	103.225
8850.000000	102.857
9000.000000	102.344
9120.000000	101.984
9250.000000	101.688
9380.000000	101.571
9500.000000	101.643
9620.000000	101.819
9750.000000	101.962
9880.000000	101.900
10000.000000	101.626
10150.000000	101.095
10300.000000	100.498
10440.000000	99.904
10600.000000	99.134
10750.000000	98.350
10900.000000	97.614
11060.000000	97.003
11200.000000	96.658
11380.000000	96.446
11500.000000	96.410
11720.000000	96.508
11800.000000	96.597
12060.000000	97.123
12200.000000	97.570
12410.000000	98.376
12500.000000	98.718
12650.000000	99.188
12800.000000	99.441
13150.000000	99.072
13200.000000	98.951
13400.000000	98.478
13600.000000	98.155
13800.000000	98.020
14000.000000	97.891
14300.000000	97.273
14500.000000	96.818
14750.000000	97.070
15000.000000	98.302
15250.000000	99.505
15500.000000	100.161
15750.000000	100.463
16000.000000	100.910
16250.000000	101.686
16500.000000	101.942
16750.000000	101.202
17000.000000	100.010
17250.000000	98.031
17500.000000	94.498
17750.000000	90.412
18000.000000	87.885
18250.000000	87.214
18500.000000	87.154
18750.000000	86.852
19000.000000	86.058
19250.000000	84.870
19500.000000	83.476
19750.000000	82.110
