20.000000	82.498
20.290907	82.545
20.586045	82.592
20.885476	82.633
21.189262	82.670
21.497467	82.708
21.810155	82.749
22.127391	82.794
22.449241	82.840
22.775773	82.880
23.107054	82.908
23.443154	82.925
23.784142	82.942
24.130091	82.966
24.481071	82.998
24.837156	83.029
25.198421	83.059
25.564940	83.089
25.936791	83.120
26.314050	83.151
26.696797	83.179
27.085111	83.204
27.479073	83.228
27.878765	83.250
28.284271	83.269
28.695675	83.289
29.113064	83.307
29.536523	83.325
29.966142	83.343
30.402009	83.358
30.844217	83.372
31.292856	83.388
31.748021	83.405
32.209807	83.420
32.678309	83.435
33.153626	83.451
33.635857	83.466
34.125101	83.479
34.621462	83.489
35.125043	83.497
35.635949	83.505
36.154286	83.513
36.680162	83.521
37.213687	83.528
37.754973	83.530
38.304131	83.526
38.861278	83.523
39.426528	83.525
40.000000	83.529
40.581813	83.535
41.172089	83.536
41.770951	83.535
42.378524	83.534
42.994934	83.533
43.620309	83.531
44.254781	83.529
44.898482	83.527
45.551545	83.525
46.214108	83.517
46.886308	83.505
47.568285	83.492
48.260181	83.478
48.962142	83.467
49.674312	83.460
50.396842	83.451
51.129881	83.442
51.873582	83.433
52.628101	83.425
53.393594	83.414
54.170222	83.399
54.958146	83.382
55.757531	83.365
56.568542	83.349
57.391351	83.332
58.226127	83.312
59.073046	83.291
59.932283	83.275
60.804018	83.259
61.688433	83.240
62.585712	83.222
63.496042	83.203
64.419613	83.185
65.356618	83.167
66.307252	83.149
67.271713	83.122
68.250203	83.088
69.242925	83.052
70.250086	83.018
71.271897	82.981
72.308571	82.943
73.360323	82.908
74.427374	82.876
75.509945	82.849
76.608262	82.822
77.722555	82.790
78.853056	82.753
80.000000	82.714
81.163627	82.681
82.344179	82.650
83.541903	82.616
84.757048	82.579
85.989867	82.541
87.240619	82.501
88.509563	82.461
89.796964	82.418
91.103091	82.372
92.428216	82.327
93.772615	82.288
95.136569	82.250
96.520362	82.205
97.924283	82.154
99.348625	82.102
100.793684	82.049
102.259762	81.994
103.747164	81.941
105.256202	81.891
106.787188	81.842
108.340444	81.790
109.916292	81.734
111.515061	81.678
113.137085	81.623
114.782702	81.566
116.452255	81.509
118.146092	81.453
119.864566	81.401
121.608036	81.348
123.376866	81.294
125.171424	81.236
126.992084	81.177
128.839227	81.122
130.713236	81.068
132.614504	81.015
134.543426	80.959
136.500406	80.898
138.485850	80.835
140.500173	80.771
142.543795	80.706
144.617142	80.645
146.720647	80.582
148.854748	80.518
151.019890	80.455
153.216525	80.392
155.445111	80.329
157.706112	80.265
160.000000	80.203
162.327254	80.136
164.688358	80.068
167.083805	80.000
169.514095	79.931
171.979734	79.860
174.481237	79.790
177.019125	79.720
179.593928	79.651
182.206182	79.580
184.856431	79.508
187.545230	79.435
190.273138	79.362
193.040725	79.290
195.848567	79.219
198.697250	79.150
201.587368	79.081
204.519524	79.013
207.494329	78.943
210.512403	78.872
213.574377	78.800
216.680888	78.730
219.832584	78.659
223.030122	78.589
226.274170	78.518
229.565404	78.446
232.904509	78.376
236.292183	78.304
239.729132	78.231
243.216073	78.161
246.753732	78.094
250.342848	78.024
253.984168	77.955
257.678453	77.884
261.426473	77.812
265.229008	77.738
269.086853	77.666
273.000811	77.595
276.971700	77.525
281.000346	77.456
285.087590	77.386
289.234284	77.317
293.441294	77.250
297.709496	77.183
302.039780	77.115
306.433050	77.045
310.890221	76.976
315.412224	76.908
320.000000	76.842
324.654507	76.778
329.376716	76.714
334.167610	76.650
339.028190	76.587
343.959469	76.525
348.962474	76.463
354.038251	76.402
359.187855	76.342
364.412363	76.282
369.712863	76.221
375.090460	76.161
380.546277	76.100
386.081450	76.041
391.697134	75.981
397.394500	75.923
403.174736	75.869
409.039048	75.816
414.988657	75.763
421.024807	75.710
427.148753	75.657
433.361775	75.605
439.665167	75.554
446.060244	75.503
452.548340	75.453
459.130807	75.406
465.809019	75.360
472.584367	75.317
479.458265	75.277
486.432146	75.238
493.507464	75.199
500.685695	75.160
507.968337	75.121
515.356906	75.082
522.852945	75.043
530.458016	75.009
538.173706	74.978
546.001623	74.947
553.943399	74.916
562.000691	74.888
570.175180	74.862
578.468569	74.838
586.882588	74.814
595.418991	74.792
604.079560	74.771
612.866100	74.751
621.780442	74.733
630.824447	74.717
640.000000	74.704
649.309014	74.695
658.753431	74.689
668.335221	74.685
678.056380	74.684
687.918938	74.686
697.924949	74.691
708.076501	74.698
718.375711	74.707
728.824726	74.719
739.425726	74.733
750.180921	74.748
761.092554	74.768
772.162900	74.793
783.394268	74.823
794.789000	74.855
806.349472	74.890
818.078095	74.928
829.977315	74.972
842.049613	75.023
854.297507	75.083
866.723550	75.149
879.330334	75.217
892.120489	75.288
905.096680	75.364
918.261614	75.448
931.618037	75.539
945.168733	75.638
958.916529	75.742
972.864291	75.849
987.014928	75.960
1001.371391	76.072
1015.936673	76.183
1030.713812	76.296
1045.705890	76.414
1060.916032	76.536
1076.347412	76.661
1092.003245	76.790
1107.886798	76.924
1124.001383	77.061
1140.350359	77.200
1156.937137	77.340
1173.765175	77.482
1190.837983	77.626
1208.159120	77.772
1225.732199	77.921
1243.560885	78.075
1261.648894	78.240
1280.000000	78.412
1298.618029	78.588
1317.506863	78.767
1336.670442	78.949
1356.112761	79.132
1375.837875	79.318
1395.849898	79.506
1416.153002	79.695
1436.751422	79.888
1457.649452	80.084
1478.851452	80.285
1500.361842	80.491
1522.185107	80.701
1544.325799	80.915
1566.788535	81.133
1589.577999	81.355
1612.698944	81.581
1636.156190	81.809
1659.954630	82.040
1684.099226	82.276
1708.595013	82.519
1733.447100	82.767
1758.660669	83.020
1784.240977	83.276
1810.193360	83.535
1836.523229	83.796
1863.236074	84.057
1890.337467	84.317
1917.833058	84.573
1945.728583	84.823
1974.029857	85.061
2002.742782	85.285
2031.873347	85.491
2061.427625	85.675
2091.411780	85.832
2121.832065	85.959
2152.694823	86.046
2184.006490	86.109
2215.773596	86.126
2248.002765	86.118
2280.700718	86.074
2313.874274	85.999
2347.530351	85.898
2381.675966	85.772
2416.318240	85.630
2451.464399	85.471
2487.121769	85.304
2523.297789	85.128
2560.000000	84.949
2597.236057	84.770
2635.013726	84.591
2673.340883	84.418
2712.225522	84.248
2751.675750	84.088
2791.699796	83.938
2832.306004	83.799
2873.502844	83.670
2915.298905	83.553
2957.702904	83.449
3000.723683	83.359
3044.370214	83.287
3088.651599	83.234
3133.577071	83.199
3179.155999	83.186
3225.397888	83.193
3272.312380	83.221
3319.909260	83.269
3368.198452	83.335
3417.190027	83.421
3466.894200	83.529
3517.321337	83.655
3568.481954	83.795
3620.386720	83.948
3673.046457	84.122
3726.472148	84.315
3780.674934	84.509
3835.666117	84.695
3891.457165	84.851
3948.059713	84.984
4005.485564	85.055
4063.746693	85.058
4122.855250	84.980
4182.823560	84.809
4243.664130	84.539
4305.389646	84.178
4368.012981	83.723
4431.547192	83.179
4496.005531	82.570
4561.401437	81.902
4627.748549	81.197
4695.060701	80.463
4763.351932	79.714
4832.636481	78.954
4902.928797	78.194
4974.243539	77.441
5046.595577	76.713
5120.000000	76.015
5194.472115	75.356
5270.027452	74.734
5346.681766	74.143
5424.451043	73.578
5503.351500	73.043
5583.399591	72.535
5664.612008	72.054
5747.005687	71.595
5830.597810	71.160
5915.405808	70.753
6001.447367	70.371
6088.740429	70.021
6177.303198	69.701
6267.154142	69.411
6358.311998	69.151
6450.795775	68.921
6544.624761	68.725
6639.818520	68.561
6736.396904	68.431
6834.380053	68.339
6933.788400	68.290
7034.642675	68.288
7136.963909	68.341
7240.773439	68.450
7346.092914	68.615
7452.944296	68.839
7561.349867	69.131
7671.332234	69.496
7782.914330	69.943
7896.119426	70.483
8010.971128	71.143
8127.493386	71.948
8245.710500	72.929
8365.647121	74.121
8487.328260	75.498
8610.779292	77.011
8736.025961	78.507
8863.094385	79.739
8992.011061	80.484
9122.802874	80.515
9255.497097	79.782
9390.121402	78.466
9526.703863	76.824
9665.272962	75.111
9805.857594	73.495
9948.487077	72.070
10093.191154	70.888
10240.000000	69.918
10388.944230	69.143
10540.054903	68.543
10693.363532	68.082
10848.902086	67.755
11006.703001	67.552
11166.799182	67.455
11329.224017	67.467
11494.011375	67.553
11661.195620	67.726
11830.811616	67.948
12002.894734	68.239
12177.480858	68.577
12354.606395	68.986
12534.308283	69.426
12716.623996	69.863
12901.591551	70.162
13089.249521	70.371
13279.637040	70.308
13472.793808	69.906
13668.760107	69.198
13867.576801	68.266
14069.285350	67.229
14273.927818	66.175
14481.546879	65.228
14692.185828	64.501
14905.888592	64.042
15122.699734	63.904
15342.664467	64.100
15565.828661	64.572
15792.238852	65.181
16021.942256	65.778
16254.986772	66.449
16491.420999	67.603
16731.294241	68.925
16974.656520	69.769
17221.558584	69.935
17472.051922	69.573
17726.188769	68.984
17984.022122	68.450
18245.605748	68.165
18510.994194	68.230
18780.242805	68.616
19053.407727	69.033
19330.545924	69.012
19611.715189	68.282
19896.974155	66.795
20186.382308	66.145
