20 74.46
20.2909066988 74.43
20.5860447329 74.49
20.8854756485 74.55
21.1892618872 74.57
21.4974667984 74.59
21.8101546533 74.62
22.1273906578 74.68
22.4492409662 74.73
22.7757726951 74.78
23.1070539374 74.82
23.4431537764 74.85
23.7841423001 74.87
24.130090616 74.90
24.4810708661 74.97
24.8371562415 75.03
25.1984209979 75.07
25.5649404712 75.10
25.936791093 75.15
26.3140504067 75.18
26.6967970834 75.17
27.0851109387 75.15
27.4790729492 75.17
27.878765269 75.21
28.2842712475 75.24
28.6956754462 75.24
29.1130636568 75.23
29.5365229188 75.22
29.9661415375 75.26
30.402009103 75.31
30.8442165082 75.33
31.2928559682 75.35
31.7480210394 75.38
32.209806639 75.41
32.6783090648 75.43
33.1536260154 75.44
33.6358566101 75.47
34.1251014105 75.50
34.6214624402 75.54
35.1250432075 75.57
35.6359487256 75.60
36.1542855356 75.61
36.6801617282 75.63
37.2136869661 75.65
37.7549725073 75.67
38.3041312279 75.68
38.8612776461 75.69
39.4265279456 75.69
40 75.70
40.5818133975 75.71
41.1720894657 75.71
41.7709512971 75.73
42.3785237744 75.74
42.9949335968 75.76
43.6203093066 75.77
44.2547813156 75.79
44.8984819324 75.80
45.5515453903 75.82
46.2141078749 75.82
46.8863075528 75.80
47.5682846001 75.78
48.260181232 75.77
48.9621417322 75.77
49.6743124829 75.77
50.3968419958 75.77
51.1298809424 75.77
51.873582186 75.78
52.6281008133 75.79
53.3935941668 75.80
54.1702218775 75.81
54.9581458983 75.81
55.757530538 75.81
56.5685424949 75.81
57.3913508924 75.80
58.2261273137 75.79
59.0730458376 75.77
59.9322830751 75.78
60.804018206 75.79
61.6884330163 75.78
62.5857119363 75.78
63.4960420787 75.79
64.419613278 75.82
65.3566181296 75.84
66.3072520307 75.83
67.2717132203 75.79
68.2502028209 75.76
69.2429248805 75.74
70.2500864149 75.73
71.2718974512 75.71
72.3085710713 75.68
73.3603234564 75.66
74.4273739322 75.66
75.5099450145 75.66
76.6082624559 75.65
77.7225552923 75.62
78.8530558912 75.58
80 75.58
81.163626795 75.60
82.3441789315 75.62
83.5419025942 75.60
84.7570475487 75.58
85.9898671937 75.56
87.2406186132 75.54
88.5095626311 75.51
89.7969638648 75.48
91.1030907805 75.44
92.4282157498 75.41
93.7726151055 75.41
95.1365692002 75.43
96.520362464 75.43
97.9242834644 75.41
99.3486249659 75.38
100.7936839916 75.35
102.2597618848 75.33
103.7471643721 75.31
105.2562016267 75.29
106.7871883336 75.27
108.340443755 75.24
109.9162917966 75.22
111.5150610759 75.19
113.1370849898 75.17
114.7827017849 75.14
116.4522546274 75.11
118.1460916752 75.09
119.8645661501 75.06
121.6080364119 75.04
123.3768660326 75.01
125.1714238726 74.98
126.9920841575 74.96
128.8392265559 74.94
130.7132362593 74.92
132.6145040614 74.89
134.5434264406 74.87
136.5004056418 74.84
138.485849761 74.81
140.5001728299 74.78
142.5437949025 74.75
144.6171421426 74.72
146.7206469127 74.70
148.8547478643 74.67
151.0198900291 74.64
153.2165249118 74.61
155.4451105846 74.57
157.7061117824 74.54
160 74.50
162.32725359 74.47
164.688357863 74.43
167.0838051884 74.39
169.5140950975 74.35
171.9797343873 74.31
174.4812372264 74.28
177.0191252622 74.24
179.5939277295 74.21
182.2061815611 74.18
184.8564314996 74.15
187.5452302111 74.11
190.2731384004 74.08
193.0407249281 74.05
195.8485669287 74.01
198.6972499318 73.97
201.5873679832 73.94
204.5195237697 73.90
207.4943287442 73.87
210.5124032534 73.83
213.5743766672 73.79
216.6808875099 73.75
219.8325835933 73.72
223.0301221518 73.69
226.2741699797 73.66
229.5654035698 73.62
232.9045092548 73.58
236.2921833503 73.54
239.7291323003 73.50
243.2160728239 73.47
246.7537320653 73.43
250.3428477452 73.39
253.9841683149 73.36
257.6784531119 73.32
261.4264725186 73.28
265.2290081229 73.25
269.0868528812 73.21
273.0008112836 73.19
276.971699522 73.16
281.0003456597 73.14
285.0875898049 73.12
289.2342842852 73.10
293.4412938255 73.07
297.7094957287 73.04
302.0397800581 73.02
306.4330498235 72.99
310.8902211692 72.96
315.4122235649 72.93
320 72.90
324.65450718 72.87
329.3767157259 72.84
334.1676103768 72.81
339.028190195 72.79
343.9594687746 72.76
348.9624744529 72.73
354.0382505244 72.71
359.187855459 72.68
364.4123631221 72.66
369.7128629991 72.63
375.0904604222 72.61
380.5462768009 72.59
386.0814498562 72.57
391.6971338575 72.55
397.3944998635 72.53
403.1747359664 72.51
409.0390475393 72.49
414.9886574883 72.48
421.0248065068 72.47
427.1487533344 72.47
433.3617750198 72.47
439.6651671866 72.47
446.0602443037 72.47
452.5483399594 72.46
459.1308071395 72.45
465.8090185095 72.44
472.5843667007 72.43
479.4582646005 72.42
486.4321456477 72.42
493.5074641306 72.41
500.6856954905 72.40
507.9683366298 72.40
515.3569062238 72.39
522.8529450372 72.39
530.4580162458 72.39
538.1737057624 72.39
546.0016225673 72.39
553.9433990439 72.39
562.0006913195 72.39
570.1751796098 72.40
578.4685685703 72.40
586.882587651 72.41
595.4189914574 72.41
604.0795601163 72.42
612.8660996471 72.43
621.7804423383 72.45
630.8244471297 72.46
640 72.48
649.30901436 72.50
658.7534314519 72.52
668.3352207536 72.55
678.05638039 72.57
687.9189375493 72.60
697.9249489058 72.63
708.0765010489 72.66
718.375710918 72.69
728.8247262443 72.73
739.4257259983 72.77
750.1809208443 72.81
761.0925536018 72.86
772.1628997124 72.91
783.394267715 72.96
794.7889997271 73.02
806.3494719327 73.07
818.0780950787 73.12
829.9773149767 73.17
842.0496130136 73.20
854.2975066688 73.23
866.7235500396 73.28
879.3303343732 73.36
892.1204886074 73.49
905.0966799188 73.64
918.2616142791 73.79
931.618037019 73.93
945.1687334013 74.04
958.9165292011 74.14
972.8642912955 74.22
987.0149282611 74.30
1001.371390981 74.40
1015.9366732597 74.50
1030.7138124476 74.63
1045.7058900743 74.76
1060.9160324916 74.90
1076.3474115248 75.05
1092.0032451345 75.20
1107.8867980879 75.35
1124.0013826389 75.50
1140.3503592197 75.65
1156.9371371406 75.81
1173.765175302 75.96
1190.8379829148 76.12
1208.1591202326 76.28
1225.7321992942 76.44
1243.5608846767 76.60
1261.6488942595 76.77
1280 76.95
1298.6180287201 77.14
1317.5068629037 77.32
1336.6704415071 77.51
1356.1127607799 77.70
1375.8378750985 77.89
1395.8498978116 78.08
1416.1530020977 78.27
1436.751421836 78.46
1457.6494524886 78.65
1478.8514519966 78.85
1500.3618416887 79.05
1522.1851072035 79.26
1544.3257994247 79.47
1566.78853543 79.68
1589.5779994541 79.90
1612.6989438655 80.12
1636.1561901574 80.34
1659.9546299533 80.56
1684.0992260271 80.79
1708.5950133377 81.02
1733.4471000793 81.25
1758.6606687464 81.49
1784.2409772148 81.74
1810.1933598376 81.99
1836.5232285581 82.24
1863.2360740381 82.49
1890.3374668026 82.74
1917.8330584022 83.00
1945.7285825909 83.24
1974.0298565222 83.49
2002.742781962 83.72
2031.8733465194 83.95
2061.4276248951 84.16
2091.4117801487 84.36
2121.8320649832 84.54
2152.6948230496 84.69
2184.0064902691 84.82
2215.7735961758 84.91
2248.0027652779 84.99
2280.7007184393 85.02
2313.8742742813 85.02
2347.530350604 85.00
2381.6759658296 84.93
2416.3182404652 84.84
2451.4643985884 84.72
2487.1217693533 84.57
2523.297788519 84.40
2560.0000000001 84.21
2597.2360574402 84.01
2635.0137258074 83.79
2673.3408830143 83.56
2712.2255215599 83.33
2751.6757501971 83.09
2791.6997956232 82.85
2832.3060041955 82.61
2873.5028436721 82.37
2915.2989049772 82.14
2957.7029039931 81.93
3000.7236833774 81.72
3044.3702144071 81.55
3088.6515988494 81.43
3133.57707086 81.34
3179.1559989082 81.32
3225.397887731 81.35
3272.3123803148 81.44
3319.9092599067 81.60
3368.1984520542 81.83
3417.1900266754 82.11
3466.8942001586 82.41
3517.3213374928 82.68
3568.4819544296 82.90
3620.3867196753 83.06
3673.0464571163 83.17
3726.4721480761 83.25
3780.6749336053 83.31
3835.6661168044 83.38
3891.4571651819 83.45
3948.0597130445 83.53
4005.4855639241 83.64
4063.7466930387 83.77
4122.8552497902 83.94
4182.8235602974 84.13
4243.6641299665 84.35
4305.3896460992 84.61
4368.0129805382 84.88
4431.5471923516 85.16
4496.0055305558 85.44
4561.4014368787 85.68
4627.7485485626 85.87
4695.0607012081 85.97
4763.3519316592 85.98
4832.6364809305 85.89
4902.9287971769 85.67
4974.2435387067 85.34
5046.595577038 84.89
5120.0000000002 84.35
5194.4721148803 83.70
5270.0274516149 82.98
5346.6817660286 82.22
5424.4510431198 81.43
5503.3515003942 80.68
5583.3995912463 80.02
5664.6120083911 79.42
5747.0056873442 78.83
5830.5978099545 78.24
5915.4058079863 77.65
6001.4473667548 77.09
6088.7404288142 76.59
6177.3031976989 76.14
6267.1541417201 75.74
6358.3119978165 75.41
6450.795775462 75.12
6544.6247606297 74.89
6639.8185198134 74.72
6736.3969041085 74.61
6834.3800533509 74.57
6933.7884003172 74.60
7034.6426749857 74.72
7136.9639088592 74.92
7240.7734393506 75.21
7346.0929142326 75.59
7452.9442961523 76.08
7561.3498672106 76.70
7671.3322336089 77.47
7782.9143303638 78.39
7896.119426089 79.48
8010.9711278481 80.74
8127.4933860775 82.11
8245.7104995805 83.50
8365.6471205948 84.70
8487.328259933 85.52
8610.7792921984 85.80
8736.0259610765 85.46
8863.0943847033 84.60
8992.0110611117 83.40
9122.8028737575 82.08
9255.4970971253 80.81
9390.1214024162 79.70
9526.7038633184 78.80
9665.272961861 78.12
9805.8575943538 77.63
9948.4870774134 77.33
10093.191154076 77.19
10240.0000000005 77.21
10388.9442297607 77.34
10540.0549032298 77.57
10693.3635320572 77.87
10848.9020862397 78.21
11006.7030007884 78.57
11166.7991824927 78.90
11329.2240167822 79.16
11494.0113746885 79.34
11661.1956199091 79.40
11830.8116159726 79.38
12002.8947335097 79.28
12177.4808576284 79.14
12354.6063953979 78.99
12534.3082834402 78.86
12716.6239956331 78.80
12901.5915509241 78.90
13089.2495212594 79.10
13279.637039627 79.44
13472.7938082171 79.84
13668.7601067018 80.12
13867.5768006344 80.10
14069.2853499715 79.61
14273.9278177184 78.74
14481.5468787012 77.51
14692.1858284653 76.17
14905.8885923047 75.02
15122.6997344212 74.15
15342.6644672179 73.58
15565.8286607277 73.15
15792.2388521781 72.70
16021.9422556964 72.07
16254.9867721551 71.27
16491.4209991611 70.41
16731.2942411897 69.60
16974.656519866 68.95
17221.5585843969 68.52
17472.0519221531 68.35
17726.1887694067 68.45
17984.0221222235 68.83
18245.605747515 69.56
18510.9941942506 70.83
18780.2428048326 72.69
19053.4077266369 74.69
19330.545923722 76.14
19611.7151887077 76.64
19896.9741548268 76.09
20186.382308152 75.74
