20 83.53
20.2909066988 83.53
20.5860447329 83.54
20.8854756485 83.56
21.1892618872 83.57
21.4974667984 83.57
21.8101546533 83.58
22.1273906578 83.58
22.4492409662 83.59
22.7757726951 83.59
23.1070539374 83.59
23.4431537764 83.57
23.7841423001 83.56
24.130090616 83.55
24.4810708661 83.54
24.8371562415 83.54
25.1984209979 83.54
25.5649404712 83.54
25.936791093 83.54
26.3140504067 83.54
26.6967970834 83.53
27.0851109387 83.52
27.4790729492 83.52
27.878765269 83.51
28.2842712475 83.50
28.6956754462 83.49
29.1130636568 83.49
29.5365229188 83.48
29.9661415375 83.47
30.402009103 83.47
30.8442165082 83.46
31.2928559682 83.45
31.7480210394 83.43
32.209806639 83.41
32.6783090648 83.39
33.1536260154 83.37
33.6358566101 83.36
34.1251014105 83.35
34.6214624402 83.34
35.1250432075 83.33
35.6359487256 83.31
36.1542855356 83.30
36.6801617282 83.28
37.2136869661 83.25
37.7549725073 83.23
38.3041312279 83.20
38.8612776461 83.18
39.4265279456 83.16
40 83.13
40.5818133975 83.10
41.1720894657 83.07
41.7709512971 83.04
42.3785237744 83.01
42.9949335968 82.98
43.6203093066 82.96
44.2547813156 82.94
44.8984819324 82.92
45.5515453903 82.90
46.2141078749 82.87
46.8863075528 82.84
47.5682846001 82.80
48.260181232 82.77
48.9621417322 82.73
49.6743124829 82.69
50.3968419958 82.65
51.1298809424 82.61
51.873582186 82.58
52.6281008133 82.56
53.3935941668 82.54
54.1702218775 82.51
54.9581458983 82.47
55.757530538 82.43
56.5685424949 82.38
57.3913508924 82.34
58.2261273137 82.30
59.0730458376 82.25
59.9322830751 82.21
60.804018206 82.17
61.6884330163 82.13
62.5857119363 82.09
63.4960420787 82.04
64.419613278 82.00
65.3566181296 81.95
66.3072520307 81.91
67.2717132203 81.86
68.2502028209 81.81
69.2429248805 81.76
70.2500864149 81.71
71.2718974512 81.65
72.3085710713 81.60
73.3603234564 81.55
74.4273739322 81.50
75.5099450145 81.45
76.6082624559 81.39
77.7225552923 81.33
78.8530558912 81.27
80 81.21
81.163626795 81.16
82.3441789315 81.11
83.5419025942 81.06
84.7570475487 81.01
85.9898671937 80.95
87.2406186132 80.88
88.5095626311 80.82
89.7969638648 80.76
91.1030907805 80.70
92.4282157498 80.63
93.7726151055 80.57
95.1365692002 80.51
96.520362464 80.45
97.9242834644 80.37
99.3486249659 80.30
100.7936839916 80.22
102.2597618848 80.14
103.7471643721 80.07
105.2562016267 79.99
106.7871883336 79.93
108.340443755 79.86
109.9162917966 79.78
111.5150610759 79.71
113.1370849898 79.64
114.7827017849 79.57
116.4522546274 79.49
118.1460916752 79.41
119.8645661501 79.34
121.6080364119 79.27
123.3768660326 79.20
125.1714238726 79.12
126.9920841575 79.05
128.8392265559 78.98
130.7132362593 78.90
132.6145040614 78.83
134.5434264406 78.75
136.5004056418 78.67
138.485849761 78.60
140.5001728299 78.52
142.5437949025 78.44
144.6171421426 78.36
146.7206469127 78.28
148.8547478643 78.19
151.0198900291 78.11
153.2165249118 78.03
155.4451105846 77.95
157.7061117824 77.86
160 77.77
162.32725359 77.69
164.688357863 77.60
167.0838051884 77.52
169.5140950975 77.43
171.9797343873 77.34
174.4812372264 77.25
177.0191252622 77.16
179.5939277295 77.06
182.2061815611 76.97
184.8564314996 76.87
187.5452302111 76.78
190.2731384004 76.68
193.0407249281 76.58
195.8485669287 76.49
198.6972499318 76.41
201.5873679832 76.34
204.5195237697 76.28
207.4943287442 76.22
210.5124032534 76.16
213.5743766672 76.10
216.6808875099 76.04
219.8325835933 75.99
223.0301221518 75.93
226.2741699797 75.87
229.5654035698 75.81
232.9045092548 75.73
236.2921833503 75.64
239.7291323003 75.54
243.2160728239 75.44
246.7537320653 75.37
250.3428477452 75.30
253.9841683149 75.22
257.6784531119 75.14
261.4264725186 75.05
265.2290081229 74.96
269.0868528812 74.87
273.0008112836 74.79
276.971699522 74.71
281.0003456597 74.62
285.0875898049 74.54
289.2342842852 74.45
293.4412938255 74.37
297.7094957287 74.29
302.0397800581 74.22
306.4330498235 74.13
310.8902211692 74.05
315.4122235649 73.97
320 73.90
324.65450718 73.82
329.3767157259 73.74
334.1676103768 73.67
339.028190195 73.59
343.9594687746 73.52
348.9624744529 73.44
354.0382505244 73.37
359.187855459 73.30
364.4123631221 73.23
369.7128629991 73.16
375.0904604222 73.09
380.5462768009 73.01
386.0814498562 72.94
391.6971338575 72.87
397.3944998635 72.81
403.1747359664 72.74
409.0390475393 72.68
414.9886574883 72.61
421.0248065068 72.55
427.1487533344 72.48
433.3617750198 72.42
439.6651671866 72.35
446.0602443037 72.29
452.5483399594 72.23
459.1308071395 72.17
465.8090185095 72.11
472.5843667007 72.05
479.4582646005 72.00
486.4321456477 71.95
493.5074641306 71.89
500.6856954905 71.84
507.9683366298 71.79
515.3569062238 71.74
522.8529450372 71.69
530.4580162458 71.64
538.1737057624 71.59
546.0016225673 71.55
553.9433990439 71.50
562.0006913195 71.46
570.1751796098 71.41
578.4685685703 71.37
586.882587651 71.33
595.4189914574 71.30
604.0795601163 71.26
612.8660996471 71.22
621.7804423383 71.19
630.8244471297 71.15
640 71.12
649.30901436 71.09
658.7534314519 71.07
668.3352207536 71.05
678.05638039 71.03
687.9189375493 71.01
697.9249489058 71.01
708.0765010489 71.00
718.375710918 71.01
728.8247262443 71.01
739.4257259983 71.02
750.1809208443 71.03
761.0925536018 71.04
772.1628997124 71.05
783.394267715 71.07
794.7889997271 71.10
806.3494719327 71.13
818.0780950787 71.16
829.9773149767 71.20
842.0496130136 71.25
854.2975066688 71.30
866.7235500396 71.37
879.3303343732 71.43
892.1204886074 71.51
905.0966799188 71.59
918.2616142791 71.68
931.618037019 71.78
945.1687334013 71.89
958.9165292011 72.00
972.8642912955 72.12
987.0149282611 72.25
1001.371390981 72.38
1015.9366732597 72.51
1030.7138124476 72.65
1045.7058900743 72.79
1060.9160324916 72.94
1076.3474115248 73.09
1092.0032451345 73.25
1107.8867980879 73.41
1124.0013826389 73.57
1140.3503592197 73.74
1156.9371371406 73.90
1173.765175302 74.07
1190.8379829148 74.23
1208.1591202326 74.40
1225.7321992942 74.56
1243.5608846767 74.72
1261.6488942595 74.90
1280 75.08
1298.6180287201 75.25
1317.5068629037 75.43
1336.6704415071 75.61
1356.1127607799 75.79
1375.8378750985 75.97
1395.8498978116 76.15
1416.1530020977 76.32
1436.751421836 76.50
1457.6494524886 76.68
1478.8514519966 76.86
1500.3618416887 77.05
1522.1851072035 77.24
1544.3257994247 77.43
1566.78853543 77.63
1589.5779994541 77.83
1612.6989438655 78.03
1636.1561901574 78.24
1659.9546299533 78.44
1684.0992260271 78.66
1708.5950133377 78.88
1733.4471000793 79.11
1758.6606687464 79.34
1784.2409772148 79.58
1810.1933598376 79.82
1836.5232285581 80.07
1863.2360740381 80.32
1890.3374668026 80.58
1917.8330584022 80.84
1945.7285825909 81.10
1974.0298565222 81.35
2002.742781962 81.61
2031.8733465194 81.86
2061.4276248951 82.09
2091.4117801487 82.32
2121.8320649832 82.53
2152.6948230496 82.72
2184.0064902691 82.89
2215.7735961758 83.02
2248.0027652779 83.14
2280.7007184393 83.22
2313.8742742813 83.27
2347.530350604 83.29
2381.6759658296 83.28
2416.3182404652 83.24
2451.4643985884 83.17
2487.1217693533 83.09
2523.297788519 82.98
2560.0000000001 82.85
2597.2360574402 82.71
2635.0137258074 82.57
2673.3408830143 82.42
2712.2255215599 82.27
2751.6757501971 82.12
2791.6997956232 81.97
2832.3060041955 81.83
2873.5028436721 81.70
2915.2989049772 81.58
2957.7029039931 81.46
3000.7236833774 81.36
3044.3702144071 81.27
3088.6515988494 81.20
3133.57707086 81.14
3179.1559989082 81.10
3225.397887731 81.07
3272.3123803148 81.06
3319.9092599067 81.07
3368.1984520542 81.08
3417.1900266754 81.12
3466.8942001586 81.18
3517.3213374928 81.25
3568.4819544296 81.35
3620.3867196753 81.47
3673.0464571163 81.62
3726.4721480761 81.81
3780.6749336053 82.02
3835.6661168044 82.24
3891.4571651819 82.48
3948.0597130445 82.74
4005.4855639241 83.02
4063.7466930387 83.31
4122.8552497902 83.62
4182.8235602974 83.96
4243.6641299665 84.32
4305.3896460992 84.71
4368.0129805382 85.12
4431.5471923516 85.53
4496.0055305558 85.94
4561.4014368787 86.32
4627.7485485626 86.65
4695.0607012081 86.89
4763.3519316592 87.01
4832.6364809305 86.98
4902.9287971769 86.77
4974.2435387067 86.39
5046.595577038 85.85
5120.0000000002 85.20
5194.4721148803 84.48
5270.0274516149 83.76
5346.6817660286 83.02
5424.4510431198 82.28
5503.3515003942 81.52
5583.3995912463 80.79
5664.6120083911 80.08
5747.0056873442 79.42
5830.5978099545 78.80
5915.4058079863 78.23
6001.4473667548 77.71
6088.7404288142 77.24
6177.3031976989 76.82
6267.1541417201 76.45
6358.3119978165 76.12
6450.795775462 75.84
6544.6247606297 75.61
6639.8185198134 75.42
6736.3969041085 75.29
6834.3800533509 75.21
6933.7884003172 75.19
7034.6426749857 75.24
7136.9639088592 75.36
7240.7734393506 75.56
7346.0929142326 75.83
7452.9442961523 76.19
7561.3498672106 76.65
7671.3322336089 77.22
7782.9143303638 77.91
7896.119426089 78.75
8010.9711278481 79.74
8127.4933860775 80.91
8245.7104995805 82.22
8365.6471205948 83.55
8487.328259933 84.76
8610.7792921984 85.63
8736.0259610765 85.96
8863.0943847033 85.68
8992.0110611117 84.81
9122.8028737575 83.52
9255.4970971253 81.99
9390.1214024162 80.44
9526.7038633184 79.00
9665.272961861 77.73
9805.8575943538 76.62
9948.4870774134 75.67
10093.191154076 74.88
10240.0000000005 74.20
10388.9442297607 73.60
10540.0549032298 73.03
10693.3635320572 72.45
10848.9020862397 71.80
11006.7030007884 71.03
11166.7991824927 70.10
11329.2240167822 68.97
11494.0113746885 67.65
11661.1956199091 66.05
11830.8116159726 64.49
12002.8947335097 63.51
12177.4808576284 63.90
12354.6063953979 65.78
12534.3082834402 67.66
12716.6239956331 68.98
12901.5915509241 69.48
13089.2495212594 69.60
13279.637039627 69.35
13472.7938082171 68.83
13668.7601067018 68.32
13867.5768006344 67.96
14069.2853499715 67.93
14273.9278177184 68.19
14481.5468787012 68.85
14692.1858284653 69.79
14905.8885923047 70.62
15122.6997344212 71.03
15342.6644672179 70.73
15565.8286607277 69.60
15792.2388521781 67.75
16021.9422556964 65.40
16254.9867721551 62.86
16491.4209991611 60.44
16731.2942411897 58.33
16974.656519866 56.67
17221.5585843969 55.83
17472.0519221531 55.94
17726.1887694067 56.43
17984.0221222235 57.01
18245.605747515 57.75
18510.9941942506 58.39
18780.2428048326 58.94
19053.4077266369 59.36
19330.545923722 59.37
19611.7151887077 58.71
19896.9741548268 57.33
20186.382308152 56.72
