20 81.11
20.2909066988 81.13
20.5860447329 81.16
20.8854756485 81.21
21.1892618872 81.25
21.4974667984 81.29
21.8101546533 81.33
22.1273906578 81.36
22.4492409662 81.39
22.7757726951 81.42
23.1070539374 81.46
23.4431537764 81.49
23.7841423001 81.52
24.130090616 81.55
24.4810708661 81.59
24.8371562415 81.63
25.1984209979 81.66
25.5649404712 81.70
25.936791093 81.75
26.3140504067 81.79
26.6967970834 81.84
27.0851109387 81.88
27.4790729492 81.92
27.878765269 81.96
28.2842712475 81.98
28.6956754462 82.00
29.1130636568 82.02
29.5365229188 82.05
29.9661415375 82.08
30.402009103 82.11
30.8442165082 82.13
31.2928559682 82.15
31.7480210394 82.17
32.209806639 82.19
32.6783090648 82.21
33.1536260154 82.23
33.6358566101 82.26
34.1251014105 82.28
34.6214624402 82.31
35.1250432075 82.34
35.6359487256 82.37
36.1542855356 82.39
36.6801617282 82.41
37.2136869661 82.43
37.7549725073 82.45
38.3041312279 82.46
38.8612776461 82.48
39.4265279456 82.49
40 82.50
40.5818133975 82.51
41.1720894657 82.52
41.7709512971 82.53
42.3785237744 82.55
42.9949335968 82.56
43.6203093066 82.58
44.2547813156 82.59
44.8984819324 82.60
45.5515453903 82.62
46.2141078749 82.63
46.8863075528 82.64
47.5682846001 82.65
48.260181232 82.65
48.9621417322 82.65
49.6743124829 82.65
50.3968419958 82.66
51.1298809424 82.66
51.873582186 82.67
52.6281008133 82.68
53.3935941668 82.68
54.1702218775 82.69
54.9581458983 82.69
55.757530538 82.70
56.5685424949 82.70
57.3913508924 82.70
58.2261273137 82.70
59.0730458376 82.70
59.9322830751 82.70
60.804018206 82.71
61.6884330163 82.71
62.5857119363 82.71
63.4960420787 82.71
64.419613278 82.70
65.3566181296 82.70
66.3072520307 82.70
67.2717132203 82.70
68.2502028209 82.70
69.2429248805 82.69
70.2500864149 82.69
71.2718974512 82.69
72.3085710713 82.68
73.3603234564 82.67
74.4273739322 82.67
75.5099450145 82.66
76.6082624559 82.65
77.7225552923 82.65
78.8530558912 82.64
80 82.63
81.163626795 82.63
82.3441789315 82.62
83.5419025942 82.61
84.7570475487 82.60
85.9898671937 82.59
87.2406186132 82.58
88.5095626311 82.57
89.7969638648 82.55
91.1030907805 82.54
92.4282157498 82.53
93.7726151055 82.52
95.1365692002 82.51
96.520362464 82.49
97.9242834644 82.48
99.3486249659 82.46
100.7936839916 82.45
102.2597618848 82.43
103.7471643721 82.41
105.2562016267 82.40
106.7871883336 82.38
108.340443755 82.36
109.9162917966 82.34
111.5150610759 82.32
113.1370849898 82.30
114.7827017849 82.28
116.4522546274 82.26
118.1460916752 82.24
119.8645661501 82.22
121.6080364119 82.19
123.3768660326 82.17
125.1714238726 82.15
126.9920841575 82.13
128.8392265559 82.10
130.7132362593 82.08
132.6145040614 82.05
134.5434264406 82.02
136.5004056418 82.00
138.485849761 81.97
140.5001728299 81.94
142.5437949025 81.91
144.6171421426 81.88
146.7206469127 81.85
148.8547478643 81.82
151.0198900291 81.79
153.2165249118 81.76
155.4451105846 81.73
157.7061117824 81.69
160 81.66
162.32725359 81.62
164.688357863 81.59
167.0838051884 81.55
169.5140950975 81.51
171.9797343873 81.47
174.4812372264 81.43
177.0191252622 81.39
179.5939277295 81.35
182.2061815611 81.31
184.8564314996 81.26
187.5452302111 81.22
190.2731384004 81.18
193.0407249281 81.15
195.8485669287 81.11
198.6972499318 81.07
201.5873679832 81.04
204.5195237697 81.00
207.4943287442 80.96
210.5124032534 80.93
213.5743766672 80.89
216.6808875099 80.85
219.8325835933 80.81
223.0301221518 80.77
226.2741699797 80.73
229.5654035698 80.69
232.9045092548 80.65
236.2921833503 80.61
239.7291323003 80.57
243.2160728239 80.53
246.7537320653 80.48
250.3428477452 80.44
253.9841683149 80.39
257.6784531119 80.35
261.4264725186 80.31
265.2290081229 80.26
269.0868528812 80.21
273.0008112836 80.16
276.971699522 80.11
281.0003456597 80.06
285.0875898049 80.01
289.2342842852 79.96
293.4412938255 79.90
297.7094957287 79.85
302.0397800581 79.79
306.4330498235 79.74
310.8902211692 79.69
315.4122235649 79.65
320 79.61
324.65450718 79.58
329.3767157259 79.55
334.1676103768 79.52
339.028190195 79.49
343.9594687746 79.46
348.9624744529 79.42
354.0382505244 79.38
359.187855459 79.34
364.4123631221 79.30
369.7128629991 79.25
375.0904604222 79.21
380.5462768009 79.16
386.0814498562 79.12
391.6971338575 79.07
397.3944998635 79.03
403.1747359664 78.99
409.0390475393 78.94
414.9886574883 78.90
421.0248065068 78.85
427.1487533344 78.81
433.3617750198 78.77
439.6651671866 78.72
446.0602443037 78.68
452.5483399594 78.64
459.1308071395 78.60
465.8090185095 78.56
472.5843667007 78.52
479.4582646005 78.48
486.4321456477 78.44
493.5074641306 78.40
500.6856954905 78.37
507.9683366298 78.33
515.3569062238 78.29
522.8529450372 78.25
530.4580162458 78.22
538.1737057624 78.18
546.0016225673 78.15
553.9433990439 78.12
562.0006913195 78.09
570.1751796098 78.06
578.4685685703 78.03
586.882587651 78.01
595.4189914574 77.98
604.0795601163 77.95
612.8660996471 77.92
621.7804423383 77.90
630.8244471297 77.87
640 77.85
649.30901436 77.83
658.7534314519 77.82
668.3352207536 77.80
678.05638039 77.79
687.9189375493 77.78
697.9249489058 77.78
708.0765010489 77.78
718.375710918 77.78
728.8247262443 77.78
739.4257259983 77.77
750.1809208443 77.76
761.0925536018 77.76
772.1628997124 77.76
783.394267715 77.76
794.7889997271 77.77
806.3494719327 77.79
818.0780950787 77.82
829.9773149767 77.85
842.0496130136 77.89
854.2975066688 77.93
866.7235500396 77.98
879.3303343732 78.04
892.1204886074 78.10
905.0966799188 78.16
918.2616142791 78.24
931.618037019 78.31
945.1687334013 78.40
958.9165292011 78.49
972.8642912955 78.59
987.0149282611 78.70
1001.371390981 78.81
1015.9366732597 78.93
1030.7138124476 79.05
1045.7058900743 79.18
1060.9160324916 79.31
1076.3474115248 79.45
1092.0032451345 79.58
1107.8867980879 79.73
1124.0013826389 79.87
1140.3503592197 80.02
1156.9371371406 80.16
1173.765175302 80.31
1190.8379829148 80.45
1208.1591202326 80.60
1225.7321992942 80.74
1243.5608846767 80.89
1261.6488942595 81.03
1280 81.17
1298.6180287201 81.31
1317.5068629037 81.45
1336.6704415071 81.59
1356.1127607799 81.73
1375.8378750985 81.87
1395.8498978116 82.01
1416.1530020977 82.16
1436.751421836 82.30
1457.6494524886 82.44
1478.8514519966 82.58
1500.3618416887 82.73
1522.1851072035 82.87
1544.3257994247 83.02
1566.78853543 83.17
1589.5779994541 83.32
1612.6989438655 83.47
1636.1561901574 83.62
1659.9546299533 83.78
1684.0992260271 83.94
1708.5950133377 84.09
1733.4471000793 84.25
1758.6606687464 84.41
1784.2409772148 84.57
1810.1933598376 84.73
1836.5232285581 84.89
1863.2360740381 85.05
1890.3374668026 85.20
1917.8330584022 85.36
1945.7285825909 85.51
1974.0298565222 85.66
2002.742781962 85.81
2031.8733465194 85.96
2061.4276248951 86.09
2091.4117801487 86.21
2121.8320649832 86.32
2152.6948230496 86.40
2184.0064902691 86.44
2215.7735961758 86.44
2248.0027652779 86.38
2280.7007184393 86.27
2313.8742742813 86.12
2347.530350604 85.94
2381.6759658296 85.75
2416.3182404652 85.56
2451.4643985884 85.37
2487.1217693533 85.20
2523.297788519 85.04
2560.0000000001 84.88
2597.2360574402 84.73
2635.0137258074 84.58
2673.3408830143 84.44
2712.2255215599 84.31
2751.6757501971 84.18
2791.6997956232 84.05
2832.3060041955 83.92
2873.5028436721 83.80
2915.2989049772 83.69
2957.7029039931 83.58
3000.7236833774 83.48
3044.3702144071 83.39
3088.6515988494 83.31
3133.57707086 83.24
3179.1559989082 83.17
3225.397887731 83.12
3272.3123803148 83.09
3319.9092599067 83.06
3368.1984520542 83.04
3417.1900266754 83.05
3466.8942001586 83.06
3517.3213374928 83.09
3568.4819544296 83.13
3620.3867196753 83.18
3673.0464571163 83.25
3726.4721480761 83.34
3780.6749336053 83.44
3835.6661168044 83.55
3891.4571651819 83.67
3948.0597130445 83.81
4005.4855639241 83.96
4063.7466930387 84.12
4122.8552497902 84.27
4182.8235602974 84.43
4243.6641299665 84.59
4305.3896460992 84.74
4368.0129805382 84.88
4431.5471923516 85.00
4496.0055305558 85.11
4561.4014368787 85.21
4627.7485485626 85.29
4695.0607012081 85.37
4763.3519316592 85.43
4832.6364809305 85.50
4902.9287971769 85.56
4974.2435387067 85.62
5046.595577038 85.67
5120.0000000002 85.72
5194.4721148803 85.75
5270.0274516149 85.76
5346.6817660286 85.74
5424.4510431198 85.68
5503.3515003942 85.57
5583.3995912463 85.39
5664.6120083911 85.16
5747.0056873442 84.86
5830.5978099545 84.51
5915.4058079863 84.12
6001.4473667548 83.70
6088.7404288142 83.26
6177.3031976989 82.83
6267.1541417201 82.40
6358.3119978165 81.99
6450.795775462 81.62
6544.6247606297 81.28
6639.8185198134 80.99
6736.3969041085 80.75
6834.3800533509 80.59
6933.7884003172 80.54
7034.6426749857 80.61
7136.9639088592 80.76
7240.7734393506 80.98
7346.0929142326 81.28
7452.9442961523 81.68
7561.3498672106 82.23
7671.3322336089 82.97
7782.9143303638 83.90
7896.119426089 84.99
8010.9711278481 86.18
8127.4933860775 87.32
8245.7104995805 88.20
8365.6471205948 88.63
8487.328259933 88.45
8610.7792921984 87.65
8736.0259610765 86.34
8863.0943847033 84.72
8992.0110611117 83.01
9122.8028737575 81.34
9255.4970971253 79.83
9390.1214024162 78.51
9526.7038633184 77.38
9665.272961861 76.43
9805.8575943538 75.65
9948.4870774134 75.01
10093.191154076 74.51
10240.0000000005 74.16
10388.9442297607 73.96
10540.0549032298 73.91
10693.3635320572 74.04
10848.9020862397 74.37
11006.7030007884 74.94
11166.7991824927 75.76
11329.2240167822 76.82
11494.0113746885 77.98
11661.1956199091 79.01
11830.8116159726 79.63
12002.8947335097 79.56
12177.4808576284 78.74
12354.6063953979 77.31
12534.3082834402 75.60
12716.6239956331 73.98
12901.5915509241 72.74
13089.2495212594 71.92
13279.637039627 71.34
13472.7938082171 70.84
13668.7601067018 70.36
13867.5768006344 69.88
14069.2853499715 69.43
14273.9278177184 69.06
14481.5468787012 68.85
14692.1858284653 68.89
14905.8885923047 69.30
15122.6997344212 70.12
15342.6644672179 71.31
15565.8286607277 72.61
15792.2388521781 73.63
16021.9422556964 73.94
16254.9867721551 73.29
16491.4209991611 71.75
16731.2942411897 69.62
16974.656519866 67.38
17221.5585843969 65.50
17472.0519221531 64.26
17726.1887694067 63.54
17984.0221222235 63.00
18245.605747515 62.35
18510.9941942506 61.55
18780.2428048326 60.68
19053.4077266369 59.63
19330.545923722 58.11
19611.7151887077 56.10
19896.9741548268 54.19
20186.382308152 53.68
