20 83.75
20.2909066988 83.76
20.5860447329 83.81
20.8854756485 83.86
21.1892618872 83.92
21.4974667984 83.97
21.8101546533 84.02
22.1273906578 84.07
22.4492409662 84.12
22.7757726951 84.16
23.1070539374 84.21
23.4431537764 84.25
23.7841423001 84.29
24.130090616 84.34
24.4810708661 84.39
24.8371562415 84.43
25.1984209979 84.48
25.5649404712 84.53
25.936791093 84.58
26.3140504067 84.63
26.6967970834 84.68
27.0851109387 84.73
27.4790729492 84.77
27.878765269 84.82
28.2842712475 84.86
28.6956754462 84.90
29.1130636568 84.94
29.5365229188 84.98
29.9661415375 85.01
30.402009103 85.04
30.8442165082 85.07
31.2928559682 85.10
31.7480210394 85.13
32.209806639 85.15
32.6783090648 85.18
33.1536260154 85.21
33.6358566101 85.24
34.1251014105 85.28
34.6214624402 85.31
35.1250432075 85.34
35.6359487256 85.36
36.1542855356 85.39
36.6801617282 85.42
37.2136869661 85.45
37.7549725073 85.47
38.3041312279 85.49
38.8612776461 85.51
39.4265279456 85.53
40 85.55
40.5818133975 85.56
41.1720894657 85.58
41.7709512971 85.59
42.3785237744 85.60
42.9949335968 85.62
43.6203093066 85.63
44.2547813156 85.65
44.8984819324 85.67
45.5515453903 85.68
46.2141078749 85.69
46.8863075528 85.70
47.5682846001 85.72
48.260181232 85.72
48.9621417322 85.73
49.6743124829 85.74
50.3968419958 85.74
51.1298809424 85.74
51.873582186 85.75
52.6281008133 85.75
53.3935941668 85.76
54.1702218775 85.76
54.9581458983 85.76
55.757530538 85.76
56.5685424949 85.76
57.3913508924 85.76
58.2261273137 85.75
59.0730458376 85.75
59.9322830751 85.75
60.804018206 85.74
61.6884330163 85.74
62.5857119363 85.73
63.4960420787 85.72
64.419613278 85.71
65.3566181296 85.70
66.3072520307 85.70
67.2717132203 85.69
68.2502028209 85.68
69.2429248805 85.67
70.2500864149 85.66
71.2718974512 85.65
72.3085710713 85.63
73.3603234564 85.62
74.4273739322 85.60
75.5099450145 85.59
76.6082624559 85.57
77.7225552923 85.55
78.8530558912 85.53
80 85.51
81.163626795 85.49
82.3441789315 85.47
83.5419025942 85.45
84.7570475487 85.43
85.9898671937 85.41
87.2406186132 85.39
88.5095626311 85.36
89.7969638648 85.34
91.1030907805 85.31
92.4282157498 85.28
93.7726151055 85.25
95.1365692002 85.22
96.520362464 85.20
97.9242834644 85.17
99.3486249659 85.14
100.7936839916 85.11
102.2597618848 85.08
103.7471643721 85.05
105.2562016267 85.01
106.7871883336 84.98
108.340443755 84.94
109.9162917966 84.90
111.5150610759 84.86
113.1370849898 84.82
114.7827017849 84.78
116.4522546274 84.74
118.1460916752 84.69
119.8645661501 84.65
121.6080364119 84.60
123.3768660326 84.56
125.1714238726 84.51
126.9920841575 84.47
128.8392265559 84.42
130.7132362593 84.38
132.6145040614 84.35
134.5434264406 84.31
136.5004056418 84.27
138.485849761 84.24
140.5001728299 84.21
142.5437949025 84.17
144.6171421426 84.14
146.7206469127 84.10
148.8547478643 84.06
151.0198900291 84.01
153.2165249118 83.96
155.4451105846 83.91
157.7061117824 83.86
160 83.80
162.32725359 83.74
164.688357863 83.68
167.0838051884 83.62
169.5140950975 83.56
171.9797343873 83.50
174.4812372264 83.44
177.0191252622 83.38
179.5939277295 83.31
182.2061815611 83.25
184.8564314996 83.19
187.5452302111 83.12
190.2731384004 83.06
193.0407249281 83.00
195.8485669287 82.95
198.6972499318 82.89
201.5873679832 82.84
204.5195237697 82.79
207.4943287442 82.73
210.5124032534 82.68
213.5743766672 82.62
216.6808875099 82.56
219.8325835933 82.50
223.0301221518 82.44
226.2741699797 82.37
229.5654035698 82.31
232.9045092548 82.24
236.2921833503 82.17
239.7291323003 82.10
243.2160728239 82.04
246.7537320653 81.97
250.3428477452 81.90
253.9841683149 81.83
257.6784531119 81.76
261.4264725186 81.68
265.2290081229 81.61
269.0868528812 81.53
273.0008112836 81.46
276.971699522 81.38
281.0003456597 81.31
285.0875898049 81.25
289.2342842852 81.19
293.4412938255 81.13
297.7094957287 81.08
302.0397800581 81.03
306.4330498235 80.98
310.8902211692 80.93
315.4122235649 80.88
320 80.82
324.65450718 80.76
329.3767157259 80.69
334.1676103768 80.63
339.028190195 80.56
343.9594687746 80.49
348.9624744529 80.42
354.0382505244 80.35
359.187855459 80.28
364.4123631221 80.21
369.7128629991 80.14
375.0904604222 80.07
380.5462768009 80.00
386.0814498562 79.93
391.6971338575 79.86
397.3944998635 79.79
403.1747359664 79.72
409.0390475393 79.65
414.9886574883 79.59
421.0248065068 79.52
427.1487533344 79.46
433.3617750198 79.39
439.6651671866 79.32
446.0602443037 79.26
452.5483399594 79.19
459.1308071395 79.13
465.8090185095 79.06
472.5843667007 79.00
479.4582646005 78.94
486.4321456477 78.88
493.5074641306 78.82
500.6856954905 78.76
507.9683366298 78.70
515.3569062238 78.64
522.8529450372 78.58
530.4580162458 78.53
538.1737057624 78.47
546.0016225673 78.41
553.9433990439 78.36
562.0006913195 78.30
570.1751796098 78.25
578.4685685703 78.20
586.882587651 78.15
595.4189914574 78.10
604.0795601163 78.05
612.8660996471 78.00
621.7804423383 77.96
630.8244471297 77.92
640 77.88
649.30901436 77.84
658.7534314519 77.80
668.3352207536 77.76
678.05638039 77.73
687.9189375493 77.70
697.9249489058 77.67
708.0765010489 77.65
718.375710918 77.62
728.8247262443 77.60
739.4257259983 77.59
750.1809208443 77.57
761.0925536018 77.56
772.1628997124 77.55
783.394267715 77.54
794.7889997271 77.53
806.3494719327 77.54
818.0780950787 77.54
829.9773149767 77.55
842.0496130136 77.57
854.2975066688 77.58
866.7235500396 77.61
879.3303343732 77.63
892.1204886074 77.67
905.0966799188 77.70
918.2616142791 77.75
931.618037019 77.80
945.1687334013 77.85
958.9165292011 77.91
972.8642912955 77.98
987.0149282611 78.05
1001.371390981 78.12
1015.9366732597 78.20
1030.7138124476 78.29
1045.7058900743 78.37
1060.9160324916 78.46
1076.3474115248 78.54
1092.0032451345 78.63
1107.8867980879 78.73
1124.0013826389 78.83
1140.3503592197 78.96
1156.9371371406 79.10
1173.765175302 79.23
1190.8379829148 79.36
1208.1591202326 79.48
1225.7321992942 79.60
1243.5608846767 79.72
1261.6488942595 79.83
1280 79.94
1298.6180287201 80.06
1317.5068629037 80.17
1336.6704415071 80.28
1356.1127607799 80.40
1375.8378750985 80.52
1395.8498978116 80.64
1416.1530020977 80.76
1436.751421836 80.88
1457.6494524886 81.01
1478.8514519966 81.13
1500.3618416887 81.26
1522.1851072035 81.39
1544.3257994247 81.52
1566.78853543 81.64
1589.5779994541 81.77
1612.6989438655 81.91
1636.1561901574 82.04
1659.9546299533 82.19
1684.0992260271 82.33
1708.5950133377 82.48
1733.4471000793 82.64
1758.6606687464 82.80
1784.2409772148 82.97
1810.1933598376 83.15
1836.5232285581 83.33
1863.2360740381 83.51
1890.3374668026 83.71
1917.8330584022 83.91
1945.7285825909 84.12
1974.0298565222 84.33
2002.742781962 84.56
2031.8733465194 84.79
2061.4276248951 85.02
2091.4117801487 85.26
2121.8320649832 85.51
2152.6948230496 85.76
2184.0064902691 86.02
2215.7735961758 86.29
2248.0027652779 86.55
2280.7007184393 86.82
2313.8742742813 87.08
2347.530350604 87.35
2381.6759658296 87.61
2416.3182404652 87.86
2451.4643985884 88.10
2487.1217693533 88.33
2523.297788519 88.55
2560.0000000001 88.74
2597.2360574402 88.91
2635.0137258074 89.06
2673.3408830143 89.17
2712.2255215599 89.26
2751.6757501971 89.31
2791.6997956232 89.33
2832.3060041955 89.31
2873.5028436721 89.27
2915.2989049772 89.20
2957.7029039931 89.10
3000.7236833774 88.98
3044.3702144071 88.83
3088.6515988494 88.67
3133.57707086 88.50
3179.1559989082 88.31
3225.397887731 88.12
3272.3123803148 87.93
3319.9092599067 87.74
3368.1984520542 87.55
3417.1900266754 87.37
3466.8942001586 87.20
3517.3213374928 87.03
3568.4819544296 86.87
3620.3867196753 86.73
3673.0464571163 86.60
3726.4721480761 86.50
3780.6749336053 86.41
3835.6661168044 86.35
3891.4571651819 86.30
3948.0597130445 86.28
4005.4855639241 86.28
4063.7466930387 86.29
4122.8552497902 86.33
4182.8235602974 86.38
4243.6641299665 86.47
4305.3896460992 86.58
4368.0129805382 86.72
4431.5471923516 86.90
4496.0055305558 87.11
4561.4014368787 87.36
4627.7485485626 87.65
4695.0607012081 87.98
4763.3519316592 88.34
4832.6364809305 88.72
4902.9287971769 89.12
4974.2435387067 89.52
5046.595577038 89.88
5120.0000000002 90.17
5194.4721148803 90.38
5270.0274516149 90.46
5346.6817660286 90.42
5424.4510431198 90.23
5503.3515003942 89.92
5583.3995912463 89.49
5664.6120083911 88.98
5747.0056873442 88.42
5830.5978099545 87.82
5915.4058079863 87.16
6001.4473667548 86.47
6088.7404288142 85.76
6177.3031976989 85.05
6267.1541417201 84.35
6358.3119978165 83.68
6450.795775462 83.05
6544.6247606297 82.46
6639.8185198134 81.91
6736.3969041085 81.40
6834.3800533509 80.95
6933.7884003172 80.55
7034.6426749857 80.21
7136.9639088592 79.92
7240.7734393506 79.69
7346.0929142326 79.50
7452.9442961523 79.37
7561.3498672106 79.29
7671.3322336089 79.27
7782.9143303638 79.30
7896.119426089 79.41
8010.9711278481 79.59
8127.4933860775 79.86
8245.7104995805 80.22
8365.6471205948 80.71
8487.328259933 81.34
8610.7792921984 82.12
8736.0259610765 83.08
8863.0943847033 84.21
8992.0110611117 85.46
9122.8028737575 86.73
9255.4970971253 87.85
9390.1214024162 88.60
9526.7038633184 88.79
9665.272961861 88.36
9805.8575943538 87.33
9948.4870774134 85.89
10093.191154076 84.24
10240.0000000005 82.59
10388.9442297607 81.06
10540.0549032298 79.74
10693.3635320572 78.63
10848.9020862397 77.74
11006.7030007884 77.05
11166.7991824927 76.54
11329.2240167822 76.21
11494.0113746885 76.05
11661.1956199091 76.07
11830.8116159726 76.29
12002.8947335097 76.76
12177.4808576284 77.53
12354.6063953979 78.68
12534.3082834402 80.22
12716.6239956331 82.07
12901.5915509241 83.92
13089.2495212594 85.34
13279.637039627 85.90
13472.7938082171 85.31
13668.7601067018 83.68
13867.5768006344 81.36
14069.2853499715 78.74
14273.9278177184 76.16
14481.5468787012 73.88
14692.1858284653 72.02
14905.8885923047 70.61
15122.6997344212 69.62
15342.6644672179 69.00
15565.8286607277 68.69
15792.2388521781 68.62
16021.9422556964 68.65
16254.9867721551 68.55
16491.4209991611 67.99
16731.2942411897 66.67
16974.656519866 64.55
17221.5585843969 62.51
17472.0519221531 62.05
17726.1887694067 62.45
17984.0221222235 62.11
18245.605747515 60.81
18510.9941942506 58.93
18780.2428048326 56.95
19053.4077266369 55.24
19330.545923722 53.99
19611.7151887077 53.13
19896.9741548268 52.55
20186.382308152 52.40
