20.000000	90.010
20.290907	90.010
20.586045	90.010
20.885476	90.008
21.189262	90.005
21.497467	89.998
21.810155	89.988
22.127391	89.972
22.449241	89.952
22.775773	89.929
23.107054	89.905
23.443154	89.885
23.784142	89.869
24.130091	89.856
24.481071	89.845
24.837156	89.834
25.198421	89.822
25.564940	89.811
25.936791	89.801
26.314050	89.792
26.696797	89.781
27.085111	89.768
27.479073	89.751
27.878765	89.731
28.284271	89.709
28.695675	89.687
29.113064	89.663
29.536523	89.638
29.966142	89.610
30.402009	89.578
30.844217	89.544
31.292856	89.509
31.748021	89.475
32.209807	89.441
32.678309	89.407
33.153626	89.377
33.635857	89.352
34.125101	89.330
34.621462	89.310
35.125043	89.288
35.635949	89.262
36.154286	89.232
36.680162	89.200
37.213687	89.165
37.754973	89.128
38.304131	89.089
38.861278	89.049
39.426528	89.007
40.000000	88.965
40.581813	88.923
41.172089	88.882
41.770951	88.841
42.378524	88.800
42.994934	88.761
43.620309	88.723
44.254781	88.685
44.898482	88.647
45.551545	88.607
46.214108	88.563
46.886308	88.518
47.568285	88.472
48.260181	88.425
48.962142	88.376
49.674312	88.325
50.396842	88.274
51.129881	88.224
51.873582	88.175
52.628101	88.124
53.393594	88.073
54.170222	88.023
54.958146	87.970
55.757531	87.917
56.568542	87.861
57.391351	87.805
58.226127	87.749
59.073046	87.693
59.932283	87.637
60.804018	87.580
61.688433	87.523
62.585712	87.466
63.496042	87.407
64.419613	87.347
65.356618	87.286
66.307252	87.225
67.271713	87.164
68.250203	87.103
69.242925	87.041
70.250086	86.978
71.271897	86.915
72.308571	86.852
73.360323	86.788
74.427374	86.723
75.509945	86.657
76.608262	86.590
77.722555	86.522
78.853056	86.456
80.000000	86.389
81.163627	86.322
82.344179	86.254
83.541903	86.185
84.757048	86.116
85.989867	86.048
87.240619	85.980
88.509563	85.912
89.796964	85.843
91.103091	85.772
92.428216	85.700
93.772615	85.626
95.136569	85.552
96.520362	85.478
97.924283	85.405
99.348625	85.333
100.793684	85.260
102.259762	85.188
103.747164	85.116
105.256202	85.044
106.787188	84.972
108.340444	84.903
109.916292	84.835
111.515061	84.770
113.137085	84.703
114.782702	84.632
116.452255	84.559
118.146092	84.485
119.864566	84.411
121.608036	84.340
123.376866	84.270
125.171424	84.201
126.992084	84.131
128.839227	84.058
130.713236	83.980
132.614504	83.898
134.543426	83.813
136.500406	83.726
138.485850	83.639
140.500173	83.555
142.543795	83.476
144.617142	83.408
146.720647	83.355
148.854748	83.320
151.019890	83.302
153.216525	83.292
155.445111	83.281
157.706112	83.261
160.000000	83.227
162.327254	83.181
164.688358	83.125
167.083805	83.065
169.514095	83.006
171.979734	82.948
174.481237	82.889
177.019125	82.828
179.593928	82.764
182.206182	82.698
184.856431	82.631
187.545230	82.564
190.273138	82.498
193.040725	82.432
195.848567	82.365
198.697250	82.298
201.587368	82.232
204.519524	82.167
207.494329	82.104
210.512403	82.042
213.574377	81.982
216.680888	81.921
219.832584	81.863
223.030122	81.805
226.274170	81.748
229.565404	81.692
232.904509	81.636
236.292183	81.582
239.729132	81.529
243.216073	81.478
246.753732	81.427
250.342848	81.377
253.984168	81.328
257.678453	81.280
261.426473	81.233
265.229008	81.187
269.086853	81.144
273.000811	81.102
276.971700	81.061
281.000346	81.023
285.087590	80.986
289.234284	80.949
293.441294	80.911
297.709496	80.876
302.039780	80.842
306.433050	80.808
310.890221	80.774
315.412224	80.742
320.000000	80.713
324.654507	80.689
329.376716	80.674
334.167610	80.665
339.028190	80.665
343.959469	80.673
348.962474	80.686
354.038251	80.702
359.187855	80.716
364.412363	80.725
369.712863	80.729
375.090460	80.728
380.546277	80.724
386.081450	80.719
391.697134	80.715
397.394500	80.712
403.174736	80.709
409.039048	80.710
414.988657	80.711
421.024807	80.714
427.148753	80.718
433.361775	80.722
439.665167	80.729
446.060244	80.737
452.548340	80.748
459.130807	80.760
465.809019	80.772
472.584367	80.786
479.458265	80.800
486.432146	80.816
493.507464	80.832
500.685695	80.850
507.968337	80.869
515.356906	80.888
522.852945	80.906
530.458016	80.925
538.173706	80.944
546.001623	80.962
553.943399	80.979
562.000691	80.995
570.175180	81.011
578.468569	81.026
586.882588	81.039
595.418991	81.048
604.079560	81.056
612.866100	81.063
621.780442	81.069
630.824447	81.073
640.000000	81.076
649.309014	81.075
658.753431	81.073
668.335221	81.069
678.056380	81.065
687.918938	81.059
697.924949	81.052
708.076501	81.045
718.375711	81.038
728.824726	81.032
739.425726	81.028
750.180921	81.024
761.092554	81.022
772.162900	81.023
783.394268	81.027
794.789000	81.035
806.349472	81.046
818.078095	81.061
829.977315	81.080
842.049613	81.105
854.297507	81.137
866.723550	81.176
879.330334	81.222
892.120489	81.277
905.096680	81.340
918.261614	81.411
931.618037	81.492
945.168733	81.581
958.916529	81.680
972.864291	81.786
987.014928	81.900
1001.371391	82.020
1015.936673	82.145
1030.713812	82.277
1045.705890	82.412
1060.916032	82.551
1076.347412	82.692
1092.003245	82.834
1107.886798	82.976
1124.001383	83.117
1140.350359	83.257
1156.937137	83.394
1173.765175	83.530
1190.837983	83.661
1208.159120	83.789
1225.732199	83.914
1243.560885	84.033
1261.648894	84.149
1280.000000	84.260
1298.618029	84.367
1317.506863	84.471
1336.670442	84.572
1356.112761	84.668
1375.837875	84.762
1395.849898	84.852
1416.153002	84.940
1436.751422	85.027
1457.649452	85.113
1478.851452	85.198
1500.361842	85.283
1522.185107	85.367
1544.325799	85.452
1566.788535	85.536
1589.577999	85.621
1612.698944	85.705
1636.156190	85.788
1659.954630	85.870
1684.099226	85.952
1708.595013	86.032
1733.447100	86.110
1758.660669	86.185
1784.240977	86.256
1810.193360	86.322
1836.523229	86.383
1863.236074	86.437
1890.337467	86.482
1917.833058	86.519
1945.728583	86.547
1974.029857	86.565
2002.742782	86.572
2031.873347	86.568
2061.427625	86.553
2091.411780	86.525
2121.832065	86.486
2152.694823	86.437
2184.006490	86.376
2215.773596	86.307
2248.002765	86.229
2280.700718	86.145
2313.874274	86.056
2347.530351	85.963
2381.675966	85.869
2416.318240	85.776
2451.464399	85.684
2487.121769	85.596
2523.297789	85.512
2560.000000	85.435
2597.236057	85.364
2635.013726	85.300
2673.340883	85.243
2712.225522	85.191
2751.675750	85.146
2791.699796	85.106
2832.306004	85.073
2873.502844	85.050
2915.298905	85.038
2957.702904	85.042
3000.723683	85.059
3044.370214	85.092
3088.651599	85.133
3133.577071	85.174
3179.155999	85.207
3225.397888	85.219
3272.312380	85.205
3319.909260	85.158
3368.198452	85.079
3417.190027	84.973
3466.894200	84.845
3517.321337	84.705
3568.481954	84.562
3620.386720	84.425
3673.046457	84.300
3726.472148	84.196
3780.674934	84.115
3835.666117	84.061
3891.457165	84.034
3948.059713	84.037
4005.485564	84.069
4063.746693	84.129
4122.855250	84.215
4182.823560	84.322
4243.664130	84.448
4305.389646	84.585
4368.012981	84.728
4431.547192	84.871
4496.005531	85.009
4561.401437	85.135
4627.748549	85.248
4695.060701	85.344
4763.351932	85.423
4832.636481	85.486
4902.928797	85.533
4974.243539	85.568
5046.595577	85.592
5120.000000	85.612
5194.472115	85.629
5270.027452	85.649
5346.681766	85.672
5424.451043	85.703
5503.351500	85.741
5583.399591	85.787
5664.612008	85.838
5747.005687	85.894
5830.597810	85.950
5915.405808	86.003
6001.447367	86.049
6088.740429	86.083
6177.303198	86.101
6267.154142	86.096
6358.311998	86.064
6450.795775	86.001
6544.624761	85.903
6639.818520	85.768
6736.396904	85.596
6834.380053	85.391
6933.788400	85.162
7034.642675	84.921
7136.963909	84.682
7240.773439	84.458
7346.092914	84.264
7452.944296	84.108
7561.349867	83.999
7671.332234	83.942
7782.914330	83.941
7896.119426	83.994
8010.971128	84.095
8127.493386	84.230
8245.710500	84.380
8365.647121	84.517
8487.328260	84.605
8610.779292	84.597
8736.025961	84.460
8863.094385	84.184
8992.011061	83.784
9122.802874	83.292
9255.497097	82.750
9390.121402	82.198
9526.703863	81.676
9665.272962	81.210
9805.857594	80.823
9948.487077	80.535
10093.191154	80.362
10240.000000	80.312
10388.944230	80.385
10540.054903	80.565
10693.363532	80.830
10848.902086	81.147
11006.703001	81.481
11166.799182	81.792
11329.224017	82.045
11494.011375	82.213
11661.195620	82.283
11830.811616	82.258
12002.894734	82.148
12177.480858	81.971
12354.606395	81.741
12534.308283	81.470
12716.623996	81.162
12901.591551	80.822
13089.249521	80.464
13279.637040	80.108
13472.793808	79.779
13668.760107	79.501
13867.576801	79.286
14069.285350	79.130
14273.927818	79.014
14481.546879	78.905
14692.185828	78.760
14905.888592	78.543
15122.699734	78.240
15342.664467	77.863
15565.828661	77.443
15792.238852	77.020
16021.942256	76.628
16254.986772	76.275
16491.420999	75.961
16731.294241	75.691
16974.656520	75.493
17221.558584	75.383
17472.051922	75.331
17726.188769	75.288
17984.022122	75.266
18245.605748	75.235
18510.994194	75.000
18780.242805	74.334
19053.407727	73.093
19330.545924	71.328
19611.715189	69.309
19896.974155	67.626
20186.382308	67.211
