20 86.82
20.2909066988 86.82
20.5860447329 86.81
20.8854756485 86.81
21.1892618872 86.80
21.4974667984 86.80
21.8101546533 86.80
22.1273906578 86.80
22.4492409662 86.80
22.7757726951 86.78
23.1070539374 86.76
23.4431537764 86.74
23.7841423001 86.71
24.130090616 86.68
24.4810708661 86.65
24.8371562415 86.62
25.1984209979 86.60
25.5649404712 86.58
25.936791093 86.56
26.3140504067 86.54
26.6967970834 86.52
27.0851109387 86.50
27.4790729492 86.47
27.878765269 86.44
28.2842712475 86.41
28.6956754462 86.38
29.1130636568 86.34
29.5365229188 86.31
29.9661415375 86.29
30.402009103 86.27
30.8442165082 86.25
31.2928559682 86.22
31.7480210394 86.19
32.209806639 86.16
32.6783090648 86.13
33.1536260154 86.09
33.6358566101 86.06
34.1251014105 86.03
34.6214624402 86.00
35.1250432075 85.97
35.6359487256 85.93
36.1542855356 85.90
36.6801617282 85.86
37.2136869661 85.83
37.7549725073 85.80
38.3041312279 85.76
38.8612776461 85.72
39.4265279456 85.69
40 85.65
40.5818133975 85.61
41.1720894657 85.57
41.7709512971 85.54
42.3785237744 85.50
42.9949335968 85.46
43.6203093066 85.42
44.2547813156 85.39
44.8984819324 85.35
45.5515453903 85.31
46.2141078749 85.27
46.8863075528 85.24
47.5682846001 85.20
48.260181232 85.16
48.9621417322 85.12
49.6743124829 85.09
50.3968419958 85.05
51.1298809424 85.01
51.873582186 84.98
52.6281008133 84.94
53.3935941668 84.90
54.1702218775 84.86
54.9581458983 84.82
55.757530538 84.78
56.5685424949 84.74
57.3913508924 84.70
58.2261273137 84.66
59.0730458376 84.62
59.9322830751 84.58
60.804018206 84.54
61.6884330163 84.51
62.5857119363 84.47
63.4960420787 84.43
64.419613278 84.39
65.3566181296 84.35
66.3072520307 84.32
67.2717132203 84.28
68.2502028209 84.24
69.2429248805 84.21
70.2500864149 84.17
71.2718974512 84.14
72.3085710713 84.10
73.3603234564 84.07
74.4273739322 84.03
75.5099450145 83.99
76.6082624559 83.96
77.7225552923 83.92
78.8530558912 83.88
80 83.84
81.163626795 83.80
82.3441789315 83.77
83.5419025942 83.73
84.7570475487 83.69
85.9898671937 83.65
87.2406186132 83.62
88.5095626311 83.58
89.7969638648 83.54
91.1030907805 83.51
92.4282157498 83.47
93.7726151055 83.43
95.1365692002 83.40
96.520362464 83.36
97.9242834644 83.33
99.3486249659 83.30
100.7936839916 83.26
102.2597618848 83.22
103.7471643721 83.18
105.2562016267 83.15
106.7871883336 83.11
108.340443755 83.07
109.9162917966 83.03
111.5150610759 82.99
113.1370849898 82.95
114.7827017849 82.91
116.4522546274 82.87
118.1460916752 82.83
119.8645661501 82.79
121.6080364119 82.75
123.3768660326 82.70
125.1714238726 82.66
126.9920841575 82.62
128.8392265559 82.58
130.7132362593 82.54
132.6145040614 82.50
134.5434264406 82.46
136.5004056418 82.41
138.485849761 82.37
140.5001728299 82.33
142.5437949025 82.28
144.6171421426 82.24
146.7206469127 82.19
148.8547478643 82.14
151.0198900291 82.09
153.2165249118 82.04
155.4451105846 81.99
157.7061117824 81.95
160 81.91
162.32725359 81.88
164.688357863 81.86
167.0838051884 81.84
169.5140950975 81.82
171.9797343873 81.79
174.4812372264 81.75
177.0191252622 81.72
179.5939277295 81.68
182.2061815611 81.64
184.8564314996 81.61
187.5452302111 81.58
190.2731384004 81.54
193.0407249281 81.50
195.8485669287 81.45
198.6972499318 81.41
201.5873679832 81.36
204.5195237697 81.32
207.4943287442 81.27
210.5124032534 81.22
213.5743766672 81.17
216.6808875099 81.12
219.8325835933 81.07
223.0301221518 81.01
226.2741699797 80.96
229.5654035698 80.90
232.9045092548 80.85
236.2921833503 80.79
239.7291323003 80.74
243.2160728239 80.69
246.7537320653 80.63
250.3428477452 80.58
253.9841683149 80.53
257.6784531119 80.47
261.4264725186 80.42
265.2290081229 80.36
269.0868528812 80.31
273.0008112836 80.25
276.971699522 80.19
281.0003456597 80.14
285.0875898049 80.08
289.2342842852 80.02
293.4412938255 79.96
297.7094957287 79.90
302.0397800581 79.83
306.4330498235 79.77
310.8902211692 79.71
315.4122235649 79.64
320 79.58
324.65450718 79.51
329.3767157259 79.44
334.1676103768 79.37
339.028190195 79.29
343.9594687746 79.22
348.9624744529 79.15
354.0382505244 79.08
359.187855459 79.02
364.4123631221 78.98
369.7128629991 78.95
375.0904604222 78.94
380.5462768009 78.94
386.0814498562 78.93
391.6971338575 78.93
397.3944998635 78.92
403.1747359664 78.90
409.0390475393 78.88
414.9886574883 78.85
421.0248065068 78.81
427.1487533344 78.77
433.3617750198 78.73
439.6651671866 78.68
446.0602443037 78.64
452.5483399594 78.59
459.1308071395 78.55
465.8090185095 78.51
472.5843667007 78.46
479.4582646005 78.42
486.4321456477 78.39
493.5074641306 78.35
500.6856954905 78.31
507.9683366298 78.28
515.3569062238 78.25
522.8529450372 78.22
530.4580162458 78.19
538.1737057624 78.16
546.0016225673 78.13
553.9433990439 78.11
562.0006913195 78.08
570.1751796098 78.06
578.4685685703 78.04
586.882587651 78.03
595.4189914574 78.02
604.0795601163 78.01
612.8660996471 78.00
621.7804423383 78.00
630.8244471297 77.99
640 78.00
649.30901436 78.00
658.7534314519 78.01
668.3352207536 78.03
678.05638039 78.05
687.9189375493 78.07
697.9249489058 78.10
708.0765010489 78.14
718.375710918 78.18
728.8247262443 78.22
739.4257259983 78.27
750.1809208443 78.32
761.0925536018 78.37
772.1628997124 78.43
783.394267715 78.49
794.7889997271 78.55
806.3494719327 78.60
818.0780950787 78.64
829.9773149767 78.68
842.0496130136 78.70
854.2975066688 78.70
866.7235500396 78.67
879.3303343732 78.63
892.1204886074 78.56
905.0966799188 78.48
918.2616142791 78.39
931.618037019 78.30
945.1687334013 78.23
958.9165292011 78.19
972.8642912955 78.18
987.0149282611 78.20
1001.371390981 78.27
1015.9366732597 78.37
1030.7138124476 78.51
1045.7058900743 78.67
1060.9160324916 78.84
1076.3474115248 79.03
1092.0032451345 79.23
1107.8867980879 79.44
1124.0013826389 79.65
1140.3503592197 79.86
1156.9371371406 80.08
1173.765175302 80.29
1190.8379829148 80.51
1208.1591202326 80.72
1225.7321992942 80.94
1243.5608846767 81.16
1261.6488942595 81.38
1280 81.59
1298.6180287201 81.80
1317.5068629037 82.01
1336.6704415071 82.21
1356.1127607799 82.42
1375.8378750985 82.62
1395.8498978116 82.82
1416.1530020977 83.02
1436.751421836 83.21
1457.6494524886 83.40
1478.8514519966 83.57
1500.3618416887 83.74
1522.1851072035 83.89
1544.3257994247 84.02
1566.78853543 84.15
1589.5779994541 84.28
1612.6989438655 84.42
1636.1561901574 84.57
1659.9546299533 84.72
1684.0992260271 84.88
1708.5950133377 85.03
1733.4471000793 85.19
1758.6606687464 85.33
1784.2409772148 85.47
1810.1933598376 85.60
1836.5232285581 85.73
1863.2360740381 85.85
1890.3374668026 85.96
1917.8330584022 86.08
1945.7285825909 86.20
1974.0298565222 86.31
2002.742781962 86.43
2031.8733465194 86.55
2061.4276248951 86.68
2091.4117801487 86.81
2121.8320649832 86.95
2152.6948230496 87.11
2184.0064902691 87.27
2215.7735961758 87.45
2248.0027652779 87.65
2280.7007184393 87.86
2313.8742742813 88.10
2347.530350604 88.36
2381.6759658296 88.64
2416.3182404652 88.94
2451.4643985884 89.27
2487.1217693533 89.61
2523.297788519 89.96
2560.0000000001 90.33
2597.2360574402 90.68
2635.0137258074 91.03
2673.3408830143 91.33
2712.2255215599 91.59
2751.6757501971 91.79
2791.6997956232 91.90
2832.3060041955 91.91
2873.5028436721 91.82
2915.2989049772 91.64
2957.7029039931 91.36
3000.7236833774 90.99
3044.3702144071 90.54
3088.6515988494 90.02
3133.57707086 89.47
3179.1559989082 88.89
3225.397887731 88.29
3272.3123803148 87.68
3319.9092599067 87.07
3368.1984520542 86.47
3417.1900266754 85.88
3466.8942001586 85.28
3517.3213374928 84.68
3568.4819544296 84.05
3620.3867196753 83.39
3673.0464571163 82.67
3726.4721480761 81.89
3780.6749336053 81.06
3835.6661168044 80.20
3891.4571651819 79.40
3948.0597130445 78.66
4005.4855639241 78.18
4063.7466930387 78.02
4122.8552497902 78.23
4182.8235602974 78.74
4243.6641299665 79.38
4305.3896460992 80.03
4368.0129805382 80.66
4431.5471923516 81.25
4496.0055305558 81.82
4561.4014368787 82.37
4627.7485485626 82.94
4695.0607012081 83.54
4763.3519316592 84.20
4832.6364809305 84.93
4902.9287971769 85.74
4974.2435387067 86.63
5046.595577038 87.57
5120.0000000002 88.50
5194.4721148803 89.34
5270.0274516149 89.99
5346.6817660286 90.37
5424.4510431198 90.42
5503.3515003942 90.14
5583.3995912463 89.58
5664.6120083911 88.86
5747.0056873442 88.09
5830.5978099545 87.32
5915.4058079863 86.61
6001.4473667548 85.96
6088.7404288142 85.36
6177.3031976989 84.79
6267.1541417201 84.21
6358.3119978165 83.62
6450.795775462 83.03
6544.6247606297 82.46
6639.8185198134 81.93
6736.3969041085 81.49
6834.3800533509 81.15
6933.7884003172 80.94
7034.6426749857 80.88
7136.9639088592 80.96
7240.7734393506 81.17
7346.0929142326 81.52
7452.9442961523 82.00
7561.3498672106 82.57
7671.3322336089 83.21
7782.9143303638 83.86
7896.119426089 84.47
8010.9711278481 84.95
8127.4933860775 85.22
8245.7104995805 85.25
8365.6471205948 85.03
8487.328259933 84.64
8610.7792921984 84.19
8736.0259610765 83.85
8863.0943847033 83.73
8992.0110611117 83.86
9122.8028737575 84.22
9255.4970971253 84.77
9390.1214024162 85.34
9526.7038633184 85.75
9665.272961861 85.91
9805.8575943538 85.80
9948.4870774134 85.51
10093.191154076 85.15
10240.0000000005 84.83
10388.9442297607 84.60
10540.0549032298 84.51
10693.3635320572 84.59
10848.9020862397 84.89
11006.7030007884 85.35
11166.7991824927 85.85
11329.2240167822 86.28
11494.0113746885 86.59
11661.1956199091 86.54
11830.8116159726 86.17
12002.8947335097 85.31
12177.4808576284 84.10
12354.6063953979 82.41
12534.3082834402 80.57
12716.6239956331 78.74
12901.5915509241 77.32
13089.2495212594 76.14
13279.637039627 75.38
13472.7938082171 75.05
13668.7601067018 75.00
13867.5768006344 75.16
14069.2853499715 75.48
14273.9278177184 75.89
14481.5468787012 76.28
14692.1858284653 76.48
14905.8885923047 76.38
15122.6997344212 75.88
15342.6644672179 74.99
15565.8286607277 73.73
15792.2388521781 72.23
16021.9422556964 70.60
16254.9867721551 68.88
16491.4209991611 67.05
16731.2942411897 65.13
16974.656519866 63.43
17221.5585843969 62.51
17472.0519221531 62.59
17726.1887694067 63.34
17984.0221222235 64.31
18245.605747515 65.19
18510.9941942506 65.73
18780.2428048326 65.76
19053.4077266369 65.26
19330.545923722 64.30
19611.7151887077 63.06
19896.9741548268 61.96
20186.382308152 61.64
