19.5 90.00
19.8 90.10
20.1 90.20
20.3 90.20
20.6 90.30
20.9 90.50
21.2 90.60
21.6 90.60
21.9 90.60
22.2 90.60
22.5 90.60
22.8 90.50
23.2 90.40
23.5 90.50
23.8 90.60
24.2 90.90
24.5 91.20
24.9 91.30
25.3 91.30
25.6 90.80
26 90.00
26.4 89.80
26.8 89.50
27.2 89.40
27.5 89.30
28 89.20
28.4 89.20
28.8 89.20
29.2 89.30
29.6 89.40
30 89.50
30.5 89.60
30.9 89.70
31.4 89.70
31.8 89.70
32.3 89.70
32.8 89.70
33.2 89.70
33.7 89.80
34.2 89.40
34.7 88.90
35.2 88.80
35.7 88.70
36.2 88.70
36.8 88.80
37.3 88.90
37.9 88.90
38.4 89.00
39 89.00
39.5 89.00
40.1 89.00
40.7 88.90
41.3 88.80
41.9 88.80
42.5 88.90
43.1 88.70
43.7 88.40
44.4 88.30
45 88.10
45.7 87.80
46.3 87.70
47 87.80
47.7 87.90
48.4 87.90
49.1 87.90
49.8 87.80
50.5 87.80
51.3 87.80
52 87.80
52.8 87.60
53.5 87.50
54.3 87.40
55.1 87.00
55.9 86.90
56.7 86.90
57.5 86.90
58.4 86.90
59.2 87.00
60.1 87.10
61 87.10
61.8 87.00
62.7 86.90
63.7 86.80
64.6 86.90
65.5 87.00
66.5 87.00
67.4 87.00
68.4 87.00
69.4 86.90
70.4 86.80
71.5 86.60
72.5 86.40
73.5 86.20
74.6 86.00
75.7 86.10
76.8 86.30
77.9 86.40
79.1 86.30
80.2 86.10
81.4 85.70
82.6 85.60
83.8 85.70
85 85.90
86.2 85.60
87.5 85.30
88.7 85.20
90 85.00
91.3 85.00
92.7 85.00
94 85.10
95.4 85.00
96.8 85.00
98.2 85.10
99.6 85.20
101 85.20
103 85.20
104 85.00
106 85.00
107 85.10
109 84.90
110 84.40
112 84.20
113 84.20
115 84.30
117 84.20
118 84.20
120 84.10
122 84.10
124 84.00
125 84.00
127 84.00
129 83.90
131 83.90
133 84.10
135 84.10
137 83.90
139 83.50
141 83.30
143 83.20
145 83.00
147 83.00
149 83.10
151 83.20
154 83.10
156 83.00
158 83.00
160 82.90
163 82.80
165 82.80
168 82.70
170 82.80
172 82.80
175 82.70
177 82.60
180 82.50
183 82.50
185 82.50
188 82.40
191 82.40
194 82.30
196 82.40
199 82.60
202 82.80
205 82.80
208 82.70
211 82.80
214 82.80
217 82.60
220 82.60
224 82.60
227 82.70
230 82.60
234 82.40
237 82.30
240 82.20
244 82.20
247 82.20
251 82.10
255 82.00
258 81.90
262 81.90
266 81.90
270 81.90
274 81.90
278 81.80
282 81.70
286 81.70
290 81.80
294 81.80
298 81.80
303 81.80
307 81.80
312 81.80
316 81.80
321 81.90
325 81.90
330 81.70
335 81.30
340 81.30
345 81.30
350 81.40
355 81.50
360 81.50
365 81.40
371 81.40
376 81.40
382 81.30
387 81.30
393 81.20
398 81.10
404 81.10
410 81.20
416 81.20
422 81.20
428 81.20
434 81.10
441 81.00
447 81.00
454 81.00
460 81.00
467 80.90
474 80.90
481 80.80
488 80.80
495 80.80
502 80.80
509 80.70
517 80.70
524 80.60
532 80.60
540 80.60
547 80.50
555 80.50
563 80.50
572 80.50
580 80.50
588 80.50
597 80.50
606 80.40
614 80.40
623 80.30
632 80.30
642 80.30
651 80.30
660 80.30
670 80.20
680 80.20
690 80.20
700 80.30
710 80.30
720 80.20
731 80.30
741 80.30
752 80.30
763 80.20
774 80.20
785 80.20
797 80.30
808 80.30
820 80.30
832 80.40
844 80.50
856 80.50
869 80.50
882 80.60
894 80.70
907 80.80
921 80.80
934 80.90
948 81.00
961 81.00
975 81.00
990 81.20
1004 81.30
1019 81.40
1033 81.60
1048 81.80
1064 81.90
1079 81.90
1095 82.00
1111 82.10
1127 82.20
1143 82.40
1160 82.50
1177 82.60
1194 82.80
1211 82.90
1229 83.00
1247 83.10
1265 83.30
1283 83.30
1302 83.40
1321 83.60
1340 83.70
1360 83.90
1379 84.10
1399 84.20
1420 84.30
1440 84.40
1461 84.60
1483 84.70
1504 84.80
1526 85.10
1548 85.20
1571 85.30
1594 85.40
1617 85.70
1640 85.80
1664 86.00
1688 86.40
1713 86.50
1738 86.60
1763 87.10
1789 87.20
1815 87.40
1841 87.50
1868 87.60
1895 87.60
1923 87.70
1951 87.80
1979 87.80
2008 87.80
2037 87.50
2067 87.40
2097 87.30
2127 87.20
2158 87.00
2190 87.00
2221 86.90
2254 86.70
2287 86.60
2320 86.50
2354 86.40
2388 86.20
2423 86.00
2458 85.90
2494 85.70
2530 85.60
2567 85.50
2604 85.30
2642 85.20
2680 85.10
2719 85.00
2759 84.80
2799 84.70
2840 84.60
2881 84.60
2923 84.50
2965 84.40
3008 84.40
3052 84.40
3097 84.40
3142 84.40
3187 84.50
3234 84.50
3281 84.60
3328 84.70
3377 84.80
3426 84.90
3476 85.00
3526 85.30
3578 85.50
3630 85.60
3682 86.00
3736 86.20
3790 86.40
3846 86.50
3901 86.50
3958 86.40
4016 86.30
4074 85.90
4133 85.60
4194 85.40
4255 85.20
4316 85.10
4379 85.00
4443 84.80
4508 84.10
4573 83.50
4640 83.00
4707 82.30
4776 81.90
4845 81.70
4916 81.30
4987 81.00
5060 80.70
5133 80.50
5208 79.80
5284 79.50
5360 79.20
5438 78.70
5518 78.40
5598 78.20
5679 77.90
5762 77.80
5846 77.70
5931 77.70
6017 77.70
6104 77.70
6193 77.80
6283 78.00
6375 78.20
6467 78.40
6561 78.60
6657 79.10
6754 79.50
6852 79.90
6952 80.80
7053 81.40
7155 82.00
7259 83.10
7365 83.80
7472 84.40
7581 84.90
7691 85.30
7803 85.40
7916 85.40
8032 85.00
8148 84.70
8267 84.40
8387 83.90
8509 83.80
8633 83.70
8758 83.70
8886 83.90
9015 83.90
9146 83.80
9279 83.60
9414 83.40
9551 83.20
9690 83.10
9831 83.00
9974 82.90
10119 82.80
10266 81.60
10416 80.30
10567 78.70
10721 75.90
10877 74.50
11035 72.90
11196 71.50
11358 69.20
11524 68.10
11691 67.20
11861 66.40
12034 65.90
12209 65.20
12386 64.10
12567 63.70
12749 63.30
12935 63.00
13123 62.80
13314 62.80
13507 63.00
13704 63.70
13903 64.40
14105 65.30
14311 66.30
14519 69.10
14730 71.70
14944 74.50
15162 79.00
15382 79.80
15606 79.50
15833 76.00
16063 73.00
16297 69.40
16534 66.20
16774 61.70
17018 59.50
17266 57.00
17517 53.10
17772 51.50
18030 50.10
18293 49.10
18559 48.20
18829 48.20
19102 48.30
19380 48.40
20000 48.40
