20.000000	76.542
20.290907	76.542
20.586045	76.561
20.885476	76.610
21.189262	76.666
21.497467	76.723
21.810155	76.780
22.127391	76.832
22.449241	76.883
22.775773	76.929
23.107054	76.975
23.443154	77.021
23.784142	77.067
24.130091	77.113
24.481071	77.159
24.837156	77.203
25.198421	77.249
25.564940	77.299
25.936791	77.356
26.314050	77.419
26.696797	77.485
27.085111	77.546
27.479073	77.594
27.878765	77.631
28.284271	77.658
28.695675	77.684
29.113064	77.712
29.536523	77.744
29.966142	77.776
30.402009	77.808
30.844217	77.838
31.292856	77.867
31.748021	77.895
32.209807	77.922
32.678309	77.949
33.153626	77.979
33.635857	78.014
34.125101	78.055
34.621462	78.095
35.125043	78.127
35.635949	78.151
36.154286	78.169
36.680162	78.187
37.213687	78.213
37.754973	78.246
38.304131	78.277
38.861278	78.278
39.426528	78.248
40.000000	78.210
40.581813	78.213
41.172089	78.276
41.770951	78.357
42.378524	78.403
42.994934	78.424
43.620309	78.441
44.254781	78.470
44.898482	78.498
45.551545	78.518
46.214108	78.533
46.886308	78.554
47.568285	78.576
48.260181	78.597
48.962142	78.614
49.674312	78.626
50.396842	78.633
51.129881	78.638
51.873582	78.646
52.628101	78.659
53.393594	78.677
54.170222	78.696
54.958146	78.713
55.757531	78.724
56.568542	78.729
57.391351	78.731
58.226127	78.734
59.073046	78.738
59.932283	78.744
60.804018	78.752
61.688433	78.761
62.585712	78.766
63.496042	78.767
64.419613	78.767
65.356618	78.770
66.307252	78.775
67.271713	78.782
68.250203	78.788
69.242925	78.790
70.250086	78.789
71.271897	78.787
72.308571	78.785
73.360323	78.783
74.427374	78.779
75.509945	78.776
76.608262	78.775
77.722555	78.775
78.853056	78.777
80.000000	78.780
81.163627	78.783
82.344179	78.783
83.541903	78.780
84.757048	78.776
85.989867	78.772
87.240619	78.769
88.509563	78.764
89.796964	78.758
91.103091	78.750
92.428216	78.744
93.772615	78.739
95.136569	78.733
96.520362	78.727
97.924283	78.721
99.348625	78.714
100.793684	78.708
102.259762	78.699
103.747164	78.690
105.256202	78.681
106.787188	78.670
108.340444	78.656
109.916292	78.639
111.515061	78.624
113.137085	78.612
114.782702	78.603
116.452255	78.598
118.146092	78.591
119.864566	78.584
121.608036	78.576
123.376866	78.568
125.171424	78.560
126.992084	78.552
128.839227	78.539
130.713236	78.524
132.614504	78.507
134.543426	78.488
136.500406	78.473
138.485850	78.459
140.500173	78.444
142.543795	78.425
144.617142	78.404
146.720647	78.384
148.854748	78.365
151.019890	78.344
153.216525	78.321
155.445111	78.296
157.706112	78.268
160.000000	78.240
162.327254	78.211
164.688358	78.182
167.083805	78.153
169.514095	78.125
171.979734	78.100
174.481237	78.076
177.019125	78.054
179.593928	78.031
182.206182	78.006
184.856431	77.979
187.545230	77.951
190.273138	77.923
193.040725	77.898
195.848567	77.878
198.697250	77.860
201.587368	77.843
204.519524	77.827
207.494329	77.808
210.512403	77.786
213.574377	77.762
216.680888	77.735
219.832584	77.705
223.030122	77.670
226.274170	77.635
229.565404	77.599
232.904509	77.563
236.292183	77.528
239.729132	77.492
243.216073	77.455
246.753732	77.419
250.342848	77.382
253.984168	77.347
257.678453	77.312
261.426473	77.276
265.229008	77.237
269.086853	77.197
273.000811	77.157
276.971700	77.115
281.000346	77.070
285.087590	77.026
289.234284	76.982
293.441294	76.938
297.709496	76.893
302.039780	76.846
306.433050	76.798
310.890221	76.750
315.412224	76.701
320.000000	76.651
324.654507	76.602
329.376716	76.550
334.167610	76.498
339.028190	76.448
343.959469	76.397
348.962474	76.346
354.038251	76.295
359.187855	76.243
364.412363	76.191
369.712863	76.138
375.090460	76.085
380.546277	76.029
386.081450	75.972
391.697134	75.913
397.394500	75.854
403.174736	75.797
409.039048	75.740
414.988657	75.683
421.024807	75.626
427.148753	75.569
433.361775	75.513
439.665167	75.456
446.060244	75.398
452.548340	75.341
459.130807	75.285
465.809019	75.229
472.584367	75.171
479.458265	75.113
486.432146	75.053
493.507464	74.993
500.685695	74.934
507.968337	74.875
515.356906	74.817
522.852945	74.757
530.458016	74.697
538.173706	74.635
546.001623	74.572
553.943399	74.508
562.000691	74.446
570.175180	74.385
578.468569	74.324
586.882588	74.263
595.418991	74.202
604.079560	74.142
612.866100	74.081
621.780442	74.022
630.824447	73.962
640.000000	73.902
649.309014	73.846
658.753431	73.789
668.335221	73.736
678.056380	73.688
687.918938	73.646
697.924949	73.612
708.076501	73.582
718.375711	73.550
728.824726	73.505
739.425726	73.451
750.180921	73.396
761.092554	73.348
772.162900	73.308
783.394268	73.272
794.789000	73.239
806.349472	73.208
818.078095	73.181
829.977315	73.158
842.049613	73.141
854.297507	73.128
866.723550	73.119
879.330334	73.115
892.120489	73.116
905.096680	73.122
918.261614	73.132
931.618037	73.146
945.168733	73.165
958.916529	73.190
972.864291	73.218
987.014928	73.251
1001.371391	73.290
1015.936673	73.334
1030.713812	73.384
1045.705890	73.436
1060.916032	73.489
1076.347412	73.542
1092.003245	73.596
1107.886798	73.650
1124.001383	73.706
1140.350359	73.761
1156.937137	73.817
1173.765175	73.874
1190.837983	73.935
1208.159120	74.000
1225.732199	74.075
1243.560885	74.155
1261.648894	74.239
1280.000000	74.322
1298.618029	74.406
1317.506863	74.490
1336.670442	74.575
1356.112761	74.663
1375.837875	74.757
1395.849898	74.855
1416.153002	74.954
1436.751422	75.054
1457.649452	75.155
1478.851452	75.257
1500.361842	75.360
1522.185107	75.465
1544.325799	75.570
1566.788535	75.678
1589.577999	75.792
1612.698944	75.915
1636.156190	76.047
1659.954630	76.190
1684.099226	76.345
1708.595013	76.512
1733.447100	76.692
1758.660669	76.883
1784.240977	77.085
1810.193360	77.296
1836.523229	77.513
1863.236074	77.733
1890.337467	77.953
1917.833058	78.170
1945.728583	78.380
1974.029857	78.582
2002.742782	78.772
2031.873347	78.952
2061.427625	79.119
2091.411780	79.276
2121.832065	79.424
2152.694823	79.563
2184.006490	79.698
2215.773596	79.826
2248.002765	79.950
2280.700718	80.070
2313.874274	80.187
2347.530351	80.302
2381.675966	80.416
2416.318240	80.528
2451.464399	80.640
2487.121769	80.752
2523.297789	80.859
2560.000000	80.964
2597.236057	81.064
2635.013726	81.161
2673.340883	81.250
2712.225522	81.334
2751.675750	81.410
2791.699796	81.479
2832.306004	81.540
2873.502844	81.593
2915.298905	81.638
2957.702904	81.674
3000.723683	81.702
3044.370214	81.720
3088.651599	81.730
3133.577071	81.732
3179.155999	81.726
3225.397888	81.714
3272.312380	81.696
3319.909260	81.674
3368.198452	81.647
3417.190027	81.618
3466.894200	81.588
3517.321337	81.557
3568.481954	81.527
3620.386720	81.499
3673.046457	81.474
3726.472148	81.452
3780.674934	81.437
3835.666117	81.426
3891.457165	81.422
3948.059713	81.422
4005.485564	81.432
4063.746693	81.450
4122.855250	81.479
4182.823560	81.520
4243.664130	81.573
4305.389646	81.636
4368.012981	81.708
4431.547192	81.786
4496.005531	81.866
4561.401437	81.961
4627.748549	82.081
4695.060701	82.234
4763.351932	82.399
4832.636481	82.559
4902.928797	82.700
4974.243539	82.827
5046.595577	82.933
5120.000000	83.020
5194.472115	83.081
5270.027452	83.113
5346.681766	83.114
5424.451043	83.083
5503.351500	83.017
5583.399591	82.914
5664.612008	82.773
5747.005687	82.601
5830.597810	82.398
5915.405808	82.171
6001.447367	81.927
6088.740429	81.678
6177.303198	81.435
6267.154142	81.207
6358.311998	81.005
6450.795775	80.831
6544.624761	80.693
6639.818520	80.594
6736.396904	80.545
6834.380053	80.556
6933.788400	80.642
7034.642675	80.807
7136.963909	81.050
7240.773439	81.374
7346.092914	81.778
7452.944296	82.258
7561.349867	82.793
7671.332234	83.321
7782.914330	83.771
7896.119426	84.047
8010.971128	84.037
8127.493386	83.690
8245.710500	82.996
8365.647121	81.992
8487.328260	80.792
8610.779292	79.479
8736.025961	78.141
8863.094385	76.841
8992.011061	75.609
9122.802874	74.463
9255.497097	73.411
9390.121402	72.448
9526.703863	71.576
9665.272962	70.798
9805.857594	70.114
9948.487077	69.527
10093.191154	69.046
10240.000000	68.656
10388.944230	68.357
10540.054903	68.152
10693.363532	68.035
10848.902086	68.016
11006.703001	68.105
11166.799182	68.307
11329.224017	68.642
11494.011375	69.068
11661.195620	69.592
11830.811616	70.144
12002.894734	70.715
12177.480858	71.285
12354.606395	71.827
12534.308283	72.321
12716.623996	72.701
12901.591551	72.837
13089.249521	72.831
13279.637040	72.517
13472.793808	71.852
13668.760107	70.916
13867.576801	69.834
14069.285350	68.781
14273.927818	67.835
14481.546879	67.176
14692.185828	66.908
14905.888592	67.003
15122.699734	67.459
15342.664467	68.203
15565.828661	69.077
15792.238852	69.826
16021.942256	70.156
16254.986772	69.835
16491.420999	68.785
16731.294241	67.180
16974.656520	65.280
17221.558584	63.341
17472.051922	61.565
17726.188769	60.072
17984.022122	58.894
18245.605748	57.992
18510.994194	57.291
18780.242805	56.692
19053.407727	56.106
19330.545924	55.489
19611.715189	54.878
19896.974155	54.596
20186.382308	54.596
