20.299999	161.816
20.600000	161.823
20.900000	161.829
21.200001	161.832
21.400000	161.832
21.799999	161.832
22.000000	161.832
22.400000	161.836
22.700001	161.842
23.000000	161.850
23.299999	161.861
23.600000	161.873
24.000000	161.889
24.299999	161.899
24.700001	161.909
25.000000	161.912
25.400000	161.913
25.799999	161.913
26.200001	161.916
26.500000	161.920
26.900000	161.928
27.200001	161.935
27.600000	161.942
28.000000	161.948
28.500000	161.952
29.000000	161.956
29.500000	161.962
30.000000	161.968
30.400000	161.971
30.700001	161.971
31.100000	161.970
31.500000	161.965
32.000000	161.956
32.500000	161.946
33.000000	161.936
33.500000	161.927
34.000000	161.919
34.500000	161.916
35.000000	161.916
35.500000	161.915
36.000000	161.909
36.500000	161.896
37.000000	161.881
37.500000	161.864
38.200001	161.844
38.700001	161.834
39.500000	161.822
40.000000	161.815
40.599998	161.803
41.200001	161.788
41.799999	161.774
42.500000	161.752
43.099998	161.728
43.700001	161.702
44.400002	161.673
45.000000	161.649
45.500000	161.630
46.200001	161.601
46.799999	161.575
47.500000	161.545
48.200001	161.518
48.700001	161.503
49.400002	161.487
50.000000	161.475
50.799999	161.459
51.500000	161.447
52.200001	161.431
53.000000	161.410
53.799999	161.385
54.500000	161.363
55.200001	161.345
56.000000	161.331
57.000000	161.314
58.000000	161.289
59.000000	161.253
60.000000	161.206
60.799999	161.164
61.500000	161.130
62.200001	161.099
63.000000	161.069
64.000000	161.040
65.000000	161.013
66.000000	160.988
67.000000	160.957
68.000000	160.925
69.000000	160.892
70.000000	160.862
71.000000	160.834
72.000000	160.804
73.000000	160.769
74.000000	160.730
75.000000	160.687
76.199997	160.632
77.500000	160.575
78.800003	160.523
80.000000	160.474
81.199997	160.427
82.500000	160.380
83.800003	160.340
85.000000	160.307
86.199997	160.272
87.500000	160.231
88.500000	160.197
90.000000	160.142
91.199997	160.098
92.500000	160.057
93.800003	160.024
95.000000	159.996
96.199997	159.972
97.500000	159.947
98.800003	159.919
100.000000	159.889
101.500000	159.843
103.000000	159.792
104.400002	159.743
106.000000	159.679
107.500000	159.608
109.000000	159.529
110.599998	159.442
112.000000	159.368
113.800003	159.279
115.000000	159.226
117.199997	159.141
118.000000	159.114
120.599998	159.034
122.000000	158.986
124.099998	158.905
125.000000	158.871
126.500000	158.817
128.000000	158.766
131.500000	158.656
132.000000	158.642
134.000000	158.589
136.000000	158.537
138.000000	158.483
140.000000	158.424
143.000000	158.337
145.000000	158.279
147.500000	158.209
150.000000	158.142
152.500000	158.079
155.000000	158.014
157.500000	157.950
160.000000	157.895
162.500000	157.842
165.000000	157.785
167.500000	157.727
170.000000	157.668
172.500000	157.605
175.000000	157.538
177.500000	157.466
180.000000	157.394
182.500000	157.325
185.000000	157.260
187.500000	157.201
190.000000	157.147
192.500000	157.094
195.000000	157.036
197.500000	156.971
200.000000	156.895
203.000000	156.796
206.000000	156.691
209.000000	156.587
212.000000	156.493
214.000000	156.440
218.000000	156.351
220.000000	156.308
224.000000	156.224
227.000000	156.172
230.000000	156.127
233.000000	156.085
236.000000	156.042
240.000000	155.980
243.000000	155.928
247.000000	155.855
250.000000	155.799
254.000000	155.722
258.000000	155.643
262.000000	155.565
265.000000	155.507
269.000000	155.430
272.000000	155.370
276.000000	155.292
280.000000	155.215
285.000000	155.119
290.000000	155.026
295.000000	154.935
300.000000	154.853
304.000000	154.798
307.000000	154.762
311.000000	154.721
315.000000	154.678
320.000000	154.618
325.000000	154.548
330.000000	154.477
335.000000	154.404
340.000000	154.333
345.000000	154.263
350.000000	154.196
355.000000	154.131
360.000000	154.068
365.000000	154.007
370.000000	153.947
375.000000	153.886
382.000000	153.803
387.000000	153.744
395.000000	153.654
400.000000	153.600
406.000000	153.537
412.000000	153.476
418.000000	153.416
425.000000	153.348
431.000000	153.291
437.000000	153.235
444.000000	153.173
450.000000	153.123
455.000000	153.082
462.000000	153.026
468.000000	152.979
475.000000	152.926
482.000000	152.875
487.000000	152.839
494.000000	152.791
500.000000	152.752
508.000000	152.702
515.000000	152.661
522.000000	152.620
530.000000	152.575
538.000000	152.531
545.000000	152.495
552.000000	152.459
560.000000	152.419
570.000000	152.373
580.000000	152.329
590.000000	152.291
600.000000	152.256
608.000000	152.231
615.000000	152.209
622.000000	152.190
630.000000	152.168
640.000000	152.144
650.000000	152.122
660.000000	152.105
670.000000	152.089
680.000000	152.076
690.000000	152.065
700.000000	152.056
710.000000	152.049
720.000000	152.044
730.000000	152.043
740.000000	152.044
750.000000	152.049
762.000000	152.060
775.000000	152.076
788.000000	152.096
800.000000	152.117
812.000000	152.143
825.000000	152.177
838.000000	152.216
850.000000	152.258
862.000000	152.305
875.000000	152.363
885.000000	152.410
900.000000	152.488
912.000000	152.555
925.000000	152.632
938.000000	152.711
950.000000	152.787
962.000000	152.866
975.000000	152.955
988.000000	153.047
1000.000000	153.135
1015.000000	153.248
1030.000000	153.363
1044.000000	153.474
1060.000000	153.602
1075.000000	153.726
1090.000000	153.849
1106.000000	153.981
1120.000000	154.097
1138.000000	154.246
1150.000000	154.345
1172.000000	154.524
1180.000000	154.587
1206.000000	154.795
1220.000000	154.906
1241.000000	155.070
1250.000000	155.139
1265.000000	155.254
1280.000000	155.367
1315.000000	155.630
1320.000000	155.668
1340.000000	155.817
1360.000000	155.964
1380.000000	156.113
1400.000000	156.261
1430.000000	156.486
1450.000000	156.637
1475.000000	156.825
1500.000000	157.016
1525.000000	157.209
1550.000000	157.406
1575.000000	157.606
1600.000000	157.808
1625.000000	158.013
1650.000000	158.222
1675.000000	158.435
1700.000000	158.653
1725.000000	158.873
1750.000000	159.097
1775.000000	159.325
1800.000000	159.554
1825.000000	159.786
1850.000000	160.018
1875.000000	160.250
1900.000000	160.485
1925.000000	160.719
1950.000000	160.952
1975.000000	161.182
2000.000000	161.406
2030.000000	161.667
2060.000000	161.918
2090.000000	162.156
2120.000000	162.378
2140.000000	162.516
2180.000000	162.763
2200.000000	162.871
2240.000000	163.055
2270.000000	163.161
2300.000000	163.239
2330.000000	163.287
2360.000000	163.305
2400.000000	163.286
2430.000000	163.242
2470.000000	163.145
2500.000000	163.046
2540.000000	162.887
2580.000000	162.702
2620.000000	162.494
2650.000000	162.327
2690.000000	162.094
2720.000000	161.914
2760.000000	161.673
2800.000000	161.439
2850.000000	161.165
2900.000000	160.927
2950.000000	160.733
3000.000000	160.577
3040.000000	160.469
3070.000000	160.394
3110.000000	160.298
3150.000000	160.205
3200.000000	160.097
3250.000000	160.002
3300.000000	159.925
3350.000000	159.871
3400.000000	159.842
3450.000000	159.839
3500.000000	159.858
3550.000000	159.900
3600.000000	159.964
3650.000000	160.048
3700.000000	160.151
3750.000000	160.276
3820.000000	160.493
3870.000000	160.681
3950.000000	161.046
4000.000000	161.312
4060.000000	161.661
4120.000000	162.029
4180.000000	162.397
4250.000000	162.805
4310.000000	163.115
4370.000000	163.361
4440.000000	163.537
4500.000000	163.567
4550.000000	163.498
4620.000000	163.256
4680.000000	162.918
4750.000000	162.394
4820.000000	161.760
4870.000000	161.259
4940.000000	160.520
5000.000000	159.873
5080.000000	159.012
5150.000000	158.276
5220.000000	157.570
5300.000000	156.808
5380.000000	156.101
5450.000000	155.531
5520.000000	155.002
5600.000000	154.450
5700.000000	153.834
5800.000000	153.293
5900.000000	152.819
6000.000000	152.404
6080.000000	152.115
6150.000000	151.894
6220.000000	151.702
6300.000000	151.516
6400.000000	151.335
6500.000000	151.218
6600.000000	151.163
6700.000000	151.169
6800.000000	151.236
6900.000000	151.363
7000.000000	151.559
7100.000000	151.829
7200.000000	152.179
7300.000000	152.621
7400.000000	153.168
7500.000000	153.839
7620.000000	154.823
7750.000000	156.106
7880.000000	157.534
8000.000000	158.819
8120.000000	159.849
8250.000000	160.421
8380.000000	160.255
8500.000000	159.460
8620.000000	158.200
8750.000000	156.544
8850.000000	155.213
9000.000000	153.310
9120.000000	151.955
9250.000000	150.687
9380.000000	149.619
9500.000000	148.794
9620.000000	148.105
9750.000000	147.469
9880.000000	146.888
10000.000000	146.369
10150.000000	145.882
10300.000000	145.786
10440.000000	145.969
10600.000000	146.391
10750.000000	146.882
10900.000000	147.380
11060.000000	148.067
11200.000000	148.913
11380.000000	150.356
11500.000000	151.495
11720.000000	153.688
11800.000000	154.418
12060.000000	155.982
12200.000000	156.077
12410.000000	155.148
12500.000000	154.426
12650.000000	152.948
12800.000000	151.294
13150.000000	147.627
13200.000000	147.178
13400.000000	145.620
13600.000000	144.439
13800.000000	143.588
14000.000000	143.019
14300.000000	142.627
14500.000000	142.639
14750.000000	142.892
15000.000000	143.240
15250.000000	143.411
15500.000000	143.266
15750.000000	143.411
16000.000000	144.602
16250.000000	146.024
16500.000000	146.597
16750.000000	146.114
17000.000000	144.863
17250.000000	143.235
17500.000000	141.539
17750.000000	140.069
18000.000000	139.127
18250.000000	138.700
18500.000000	138.510
18750.000000	138.245
19000.000000	137.759
19250.000000	136.998
19500.000000	135.961
19750.000000	134.801
20000.000000	133.979
