20.299999	161.740
20.600000	161.755
20.900000	161.775
21.200001	161.798
21.400000	161.815
21.799999	161.841
22.000000	161.853
22.400000	161.870
22.700001	161.880
23.000000	161.890
23.299999	161.901
23.600000	161.915
24.000000	161.931
24.299999	161.940
24.700001	161.945
25.000000	161.944
25.400000	161.938
25.799999	161.933
26.200001	161.932
26.500000	161.933
26.900000	161.937
27.200001	161.939
27.600000	161.944
28.000000	161.948
28.500000	161.952
29.000000	161.952
29.500000	161.944
30.000000	161.932
30.400000	161.923
30.700001	161.918
31.100000	161.914
31.500000	161.913
32.000000	161.913
32.500000	161.910
33.000000	161.901
33.500000	161.891
34.000000	161.880
34.500000	161.873
35.000000	161.870
35.500000	161.868
36.000000	161.863
36.500000	161.852
37.000000	161.837
37.500000	161.821
38.200001	161.800
38.700001	161.788
39.500000	161.773
40.000000	161.761
40.599998	161.743
41.200001	161.726
41.799999	161.713
42.500000	161.704
43.099998	161.695
43.700001	161.680
44.400002	161.659
45.000000	161.641
45.500000	161.625
46.200001	161.596
46.799999	161.570
47.500000	161.543
48.200001	161.522
48.700001	161.507
49.400002	161.483
50.000000	161.461
50.799999	161.435
51.500000	161.418
52.200001	161.404
53.000000	161.385
53.799999	161.360
54.500000	161.334
55.200001	161.303
56.000000	161.270
57.000000	161.237
58.000000	161.205
59.000000	161.171
60.000000	161.140
60.799999	161.117
61.500000	161.099
62.200001	161.084
63.000000	161.073
64.000000	161.060
65.000000	161.033
66.000000	160.987
67.000000	160.935
68.000000	160.882
69.000000	160.833
70.000000	160.787
71.000000	160.744
72.000000	160.707
73.000000	160.674
74.000000	160.644
75.000000	160.615
76.199997	160.579
77.500000	160.536
78.800003	160.488
80.000000	160.439
81.199997	160.389
82.500000	160.337
83.800003	160.289
85.000000	160.252
86.199997	160.218
87.500000	160.178
88.500000	160.142
90.000000	160.086
91.199997	160.038
92.500000	159.987
93.800003	159.938
95.000000	159.889
96.199997	159.836
97.500000	159.772
98.800003	159.709
100.000000	159.662
101.500000	159.620
103.000000	159.588
104.400002	159.553
106.000000	159.501
107.500000	159.444
109.000000	159.380
110.599998	159.309
112.000000	159.245
113.800003	159.165
115.000000	159.115
117.199997	159.024
118.000000	158.990
120.599998	158.886
122.000000	158.837
124.099998	158.765
125.000000	158.734
126.500000	158.681
128.000000	158.627
131.500000	158.514
132.000000	158.499
134.000000	158.445
136.000000	158.394
138.000000	158.344
140.000000	158.293
143.000000	158.226
145.000000	158.190
147.500000	158.145
150.000000	158.101
152.500000	158.052
155.000000	157.995
157.500000	157.939
160.000000	157.884
162.500000	157.822
165.000000	157.755
167.500000	157.693
170.000000	157.645
172.500000	157.610
175.000000	157.576
177.500000	157.526
180.000000	157.460
182.500000	157.388
185.000000	157.318
187.500000	157.250
190.000000	157.178
192.500000	157.103
195.000000	157.024
197.500000	156.949
200.000000	156.882
203.000000	156.808
206.000000	156.737
209.000000	156.669
212.000000	156.606
214.000000	156.566
218.000000	156.485
220.000000	156.440
224.000000	156.343
227.000000	156.265
230.000000	156.194
233.000000	156.129
236.000000	156.065
240.000000	155.980
243.000000	155.913
247.000000	155.822
250.000000	155.755
254.000000	155.665
258.000000	155.575
262.000000	155.485
265.000000	155.418
269.000000	155.334
272.000000	155.278
276.000000	155.218
280.000000	155.176
285.000000	155.140
290.000000	155.105
295.000000	155.057
300.000000	154.994
304.000000	154.935
307.000000	154.887
311.000000	154.823
315.000000	154.761
320.000000	154.688
325.000000	154.617
330.000000	154.546
335.000000	154.474
340.000000	154.404
345.000000	154.335
350.000000	154.269
355.000000	154.206
360.000000	154.142
365.000000	154.081
370.000000	154.021
375.000000	153.961
382.000000	153.879
387.000000	153.825
395.000000	153.745
400.000000	153.695
406.000000	153.635
412.000000	153.573
418.000000	153.514
425.000000	153.445
431.000000	153.391
437.000000	153.339
444.000000	153.277
450.000000	153.227
455.000000	153.188
462.000000	153.133
468.000000	153.089
475.000000	153.041
482.000000	152.996
487.000000	152.966
494.000000	152.928
500.000000	152.903
508.000000	152.882
515.000000	152.868
522.000000	152.847
530.000000	152.808
538.000000	152.766
545.000000	152.736
552.000000	152.709
560.000000	152.678
570.000000	152.635
580.000000	152.597
590.000000	152.572
600.000000	152.553
608.000000	152.535
615.000000	152.517
622.000000	152.496
630.000000	152.466
640.000000	152.426
650.000000	152.399
660.000000	152.395
670.000000	152.404
680.000000	152.399
690.000000	152.363
700.000000	152.311
710.000000	152.269
720.000000	152.251
730.000000	152.276
740.000000	152.333
750.000000	152.386
762.000000	152.425
775.000000	152.457
788.000000	152.481
800.000000	152.481
812.000000	152.485
825.000000	152.552
838.000000	152.677
850.000000	152.773
862.000000	152.815
875.000000	152.844
885.000000	152.882
900.000000	152.954
912.000000	153.002
925.000000	153.063
938.000000	153.202
950.000000	153.382
962.000000	153.517
975.000000	153.583
988.000000	153.663
1000.000000	153.817
1015.000000	154.040
1030.000000	154.173
1044.000000	154.235
1060.000000	154.331
1075.000000	154.456
1090.000000	154.596
1106.000000	154.759
1120.000000	154.915
1138.000000	155.135
1150.000000	155.273
1172.000000	155.455
1180.000000	155.508
1206.000000	155.743
1220.000000	155.913
1241.000000	156.133
1250.000000	156.194
1265.000000	156.275
1280.000000	156.390
1315.000000	156.794
1320.000000	156.843
1340.000000	157.016
1360.000000	157.199
1380.000000	157.377
1400.000000	157.536
1430.000000	157.802
1450.000000	157.996
1475.000000	158.228
1500.000000	158.430
1525.000000	158.675
1550.000000	159.011
1575.000000	159.316
1600.000000	159.565
1625.000000	159.832
1650.000000	160.081
1675.000000	160.268
1700.000000	160.440
1725.000000	160.654
1750.000000	160.887
1775.000000	161.094
1800.000000	161.280
1825.000000	161.456
1850.000000	161.611
1875.000000	161.764
1900.000000	161.916
1925.000000	162.020
1950.000000	162.052
1975.000000	162.060
2000.000000	162.100
2030.000000	162.145
2060.000000	162.130
2090.000000	162.072
2120.000000	161.947
2140.000000	161.828
2180.000000	161.596
2200.000000	161.484
2240.000000	161.258
2270.000000	161.114
2300.000000	160.959
2330.000000	160.739
2360.000000	160.512
2400.000000	160.242
2430.000000	159.954
2470.000000	159.524
2500.000000	159.314
2540.000000	159.153
2580.000000	158.947
2620.000000	158.675
2650.000000	158.464
2690.000000	158.211
2720.000000	158.044
2760.000000	157.846
2800.000000	157.676
2850.000000	157.510
2900.000000	157.405
2950.000000	157.354
3000.000000	157.339
3040.000000	157.341
3070.000000	157.346
3110.000000	157.354
3150.000000	157.368
3200.000000	157.395
3250.000000	157.442
3300.000000	157.512
3350.000000	157.608
3400.000000	157.732
3450.000000	157.881
3500.000000	158.052
3550.000000	158.243
3600.000000	158.452
3650.000000	158.678
3700.000000	158.918
3750.000000	159.168
3820.000000	159.530
3870.000000	159.784
3950.000000	160.149
4000.000000	160.322
4060.000000	160.442
4120.000000	160.446
4180.000000	160.320
4250.000000	160.011
4310.000000	159.614
4370.000000	159.112
4440.000000	158.423
4500.000000	157.773
4550.000000	157.209
4620.000000	156.404
4680.000000	155.718
4750.000000	154.933
4820.000000	154.175
4870.000000	153.655
4940.000000	152.964
5000.000000	152.405
5080.000000	151.702
5150.000000	151.130
5220.000000	150.595
5300.000000	150.029
5380.000000	149.513
5450.000000	149.103
5520.000000	148.731
5600.000000	148.347
5700.000000	147.931
5800.000000	147.575
5900.000000	147.273
6000.000000	147.020
6080.000000	146.856
6150.000000	146.740
6220.000000	146.653
6300.000000	146.589
6400.000000	146.559
6500.000000	146.587
6600.000000	146.671
6700.000000	146.814
6800.000000	147.019
6900.000000	147.294
7000.000000	147.650
7100.000000	148.097
7200.000000	148.651
7300.000000	149.323
7400.000000	150.118
7500.000000	151.027
7620.000000	152.204
7750.000000	153.441
7880.000000	154.410
8000.000000	154.866
8120.000000	154.779
8250.000000	154.055
8380.000000	152.786
8500.000000	151.308
8620.000000	149.713
8750.000000	148.010
8850.000000	146.784
9000.000000	145.132
9120.000000	143.978
9250.000000	142.915
9380.000000	142.046
9500.000000	141.341
9620.000000	140.710
9750.000000	140.118
9880.000000	139.622
10000.000000	139.243
10150.000000	138.869
10300.000000	138.599
10440.000000	138.435
10600.000000	138.346
10750.000000	138.358
10900.000000	138.463
11060.000000	138.680
11200.000000	138.962
11380.000000	139.459
11500.000000	139.879
11720.000000	140.849
11800.000000	141.274
12060.000000	142.985
12200.000000	144.151
12410.000000	146.247
12500.000000	147.257
12650.000000	149.031
12800.000000	150.815
13150.000000	154.162
13200.000000	154.465
13400.000000	155.096
13600.000000	154.832
13800.000000	153.969
14000.000000	152.953
14300.000000	152.007
14500.000000	151.985
14750.000000	152.338
15000.000000	152.430
15250.000000	151.611
15500.000000	149.656
15750.000000	146.881
16000.000000	144.006
16250.000000	141.538
16500.000000	139.434
16750.000000	137.588
17000.000000	136.053
17250.000000	134.942
17500.000000	134.325
17750.000000	134.177
18000.000000	134.377
18250.000000	134.752
18500.000000	135.102
18750.000000	135.209
19000.000000	134.870
19250.000000	133.964
19500.000000	132.510
19750.000000	130.778
20000.000000	129.493
