20 93.42
20.2909066988 93.46
20.5860447329 93.49
20.8854756485 93.51
21.1892618872 93.53
21.4974667984 93.55
21.8101546533 93.56
22.1273906578 93.56
22.4492409662 93.56
22.7757726951 93.56
23.1070539374 93.56
23.4431537764 93.55
23.7841423001 93.54
24.130090616 93.54
24.4810708661 93.53
24.8371562415 93.54
25.1984209979 93.54
25.5649404712 93.55
25.936791093 93.57
26.3140504067 93.58
26.6967970834 93.60
27.0851109387 93.62
27.4790729492 93.64
27.878765269 93.66
28.2842712475 93.68
28.6956754462 93.70
29.1130636568 93.71
29.5365229188 93.72
29.9661415375 93.72
30.402009103 93.71
30.8442165082 93.71
31.2928559682 93.70
31.7480210394 93.69
32.209806639 93.67
32.6783090648 93.66
33.1536260154 93.65
33.6358566101 93.64
34.1251014105 93.63
34.6214624402 93.63
35.1250432075 93.63
35.6359487256 93.63
36.1542855356 93.63
36.6801617282 93.63
37.2136869661 93.62
37.7549725073 93.62
38.3041312279 93.61
38.8612776461 93.60
39.4265279456 93.59
40 93.57
40.5818133975 93.55
41.1720894657 93.53
41.7709512971 93.52
42.3785237744 93.50
42.9949335968 93.48
43.6203093066 93.47
44.2547813156 93.46
44.8984819324 93.44
45.5515453903 93.43
46.2141078749 93.41
46.8863075528 93.39
47.5682846001 93.37
48.260181232 93.35
48.9621417322 93.32
49.6743124829 93.30
50.3968419958 93.28
51.1298809424 93.26
51.873582186 93.23
52.6281008133 93.21
53.3935941668 93.19
54.1702218775 93.16
54.9581458983 93.13
55.757530538 93.11
56.5685424949 93.08
57.3913508924 93.05
58.2261273137 93.02
59.0730458376 92.99
59.9322830751 92.96
60.804018206 92.92
61.6884330163 92.89
62.5857119363 92.86
63.4960420787 92.83
64.419613278 92.80
65.3566181296 92.76
66.3072520307 92.72
67.2717132203 92.69
68.2502028209 92.66
69.2429248805 92.62
70.2500864149 92.59
71.2718974512 92.55
72.3085710713 92.51
73.3603234564 92.46
74.4273739322 92.42
75.5099450145 92.38
76.6082624559 92.33
77.7225552923 92.29
78.8530558912 92.25
80 92.22
81.163626795 92.18
82.3441789315 92.13
83.5419025942 92.09
84.7570475487 92.04
85.9898671937 92.00
87.2406186132 91.95
88.5095626311 91.91
89.7969638648 91.88
91.1030907805 91.84
92.4282157498 91.78
93.7726151055 91.71
95.1365692002 91.66
96.520362464 91.60
97.9242834644 91.54
99.3486249659 91.49
100.7936839916 91.44
102.2597618848 91.39
103.7471643721 91.34
105.2562016267 91.28
106.7871883336 91.22
108.340443755 91.17
109.9162917966 91.11
111.5150610759 91.05
113.1370849898 91.00
114.7827017849 90.94
116.4522546274 90.88
118.1460916752 90.82
119.8645661501 90.76
121.6080364119 90.70
123.3768660326 90.64
125.1714238726 90.58
126.9920841575 90.51
128.8392265559 90.45
130.7132362593 90.39
132.6145040614 90.33
134.5434264406 90.27
136.5004056418 90.20
138.485849761 90.14
140.5001728299 90.07
142.5437949025 90.01
144.6171421426 89.94
146.7206469127 89.87
148.8547478643 89.81
151.0198900291 89.74
153.2165249118 89.68
155.4451105846 89.62
157.7061117824 89.55
160 89.49
162.32725359 89.43
164.688357863 89.38
167.0838051884 89.34
169.5140950975 89.28
171.9797343873 89.20
174.4812372264 89.09
177.0191252622 88.96
179.5939277295 88.82
182.2061815611 88.69
184.8564314996 88.58
187.5452302111 88.52
190.2731384004 88.47
193.0407249281 88.43
195.8485669287 88.41
198.6972499318 88.38
201.5873679832 88.33
204.5195237697 88.28
207.4943287442 88.22
210.5124032534 88.16
213.5743766672 88.09
216.6808875099 88.02
219.8325835933 87.95
223.0301221518 87.88
226.2741699797 87.81
229.5654035698 87.74
232.9045092548 87.67
236.2921833503 87.59
239.7291323003 87.52
243.2160728239 87.45
246.7537320653 87.38
250.3428477452 87.31
253.9841683149 87.23
257.6784531119 87.16
261.4264725186 87.09
265.2290081229 87.02
269.0868528812 86.95
273.0008112836 86.88
276.971699522 86.81
281.0003456597 86.74
285.0875898049 86.67
289.2342842852 86.60
293.4412938255 86.54
297.7094957287 86.47
302.0397800581 86.40
306.4330498235 86.33
310.8902211692 86.27
315.4122235649 86.20
320 86.14
324.65450718 86.07
329.3767157259 86.01
334.1676103768 85.95
339.028190195 85.88
343.9594687746 85.82
348.9624744529 85.76
354.0382505244 85.70
359.187855459 85.64
364.4123631221 85.58
369.7128629991 85.52
375.0904604222 85.46
380.5462768009 85.41
386.0814498562 85.35
391.6971338575 85.29
397.3944998635 85.24
403.1747359664 85.18
409.0390475393 85.13
414.9886574883 85.08
421.0248065068 85.02
427.1487533344 84.97
433.3617750198 84.92
439.6651671866 84.88
446.0602443037 84.83
452.5483399594 84.78
459.1308071395 84.74
465.8090185095 84.69
472.5843667007 84.65
479.4582646005 84.61
486.4321456477 84.57
493.5074641306 84.52
500.6856954905 84.48
507.9683366298 84.45
515.3569062238 84.41
522.8529450372 84.37
530.4580162458 84.33
538.1737057624 84.30
546.0016225673 84.27
553.9433990439 84.23
562.0006913195 84.20
570.1751796098 84.18
578.4685685703 84.15
586.882587651 84.12
595.4189914574 84.10
604.0795601163 84.07
612.8660996471 84.05
621.7804423383 84.03
630.8244471297 84.01
640 84.00
649.30901436 83.98
658.7534314519 83.97
668.3352207536 83.96
678.05638039 83.95
687.9189375493 83.95
697.9249489058 83.94
708.0765010489 83.95
718.375710918 83.95
728.8247262443 83.95
739.4257259983 83.96
750.1809208443 83.97
761.0925536018 83.99
772.1628997124 84.01
783.394267715 84.03
794.7889997271 84.05
806.3494719327 84.07
818.0780950787 84.10
829.9773149767 84.13
842.0496130136 84.16
854.2975066688 84.20
866.7235500396 84.24
879.3303343732 84.31
892.1204886074 84.39
905.0966799188 84.48
918.2616142791 84.56
931.618037019 84.66
945.1687334013 84.76
958.9165292011 84.87
972.8642912955 84.98
987.0149282611 85.11
1001.371390981 85.24
1015.9366732597 85.37
1030.7138124476 85.51
1045.7058900743 85.66
1060.9160324916 85.81
1076.3474115248 85.96
1092.0032451345 86.12
1107.8867980879 86.28
1124.0013826389 86.45
1140.3503592197 86.62
1156.9371371406 86.79
1173.765175302 86.96
1190.8379829148 87.13
1208.1591202326 87.30
1225.7321992942 87.47
1243.5608846767 87.64
1261.6488942595 87.82
1280 87.99
1298.6180287201 88.17
1317.5068629037 88.35
1336.6704415071 88.53
1356.1127607799 88.71
1375.8378750985 88.90
1395.8498978116 89.08
1416.1530020977 89.27
1436.751421836 89.47
1457.6494524886 89.67
1478.8514519966 89.87
1500.3618416887 90.07
1522.1851072035 90.28
1544.3257994247 90.49
1566.78853543 90.71
1589.5779994541 90.93
1612.6989438655 91.15
1636.1561901574 91.37
1659.9546299533 91.60
1684.0992260271 91.84
1708.5950133377 92.08
1733.4471000793 92.32
1758.6606687464 92.57
1784.2409772148 92.82
1810.1933598376 93.07
1836.5232285581 93.33
1863.2360740381 93.59
1890.3374668026 93.84
1917.8330584022 94.10
1945.7285825909 94.35
1974.0298565222 94.59
2002.742781962 94.82
2031.8733465194 95.04
2061.4276248951 95.23
2091.4117801487 95.41
2121.8320649832 95.57
2152.6948230496 95.70
2184.0064902691 95.81
2215.7735961758 95.89
2248.0027652779 95.93
2280.7007184393 95.95
2313.8742742813 95.94
2347.530350604 95.89
2381.6759658296 95.83
2416.3182404652 95.74
2451.4643985884 95.62
2487.1217693533 95.50
2523.297788519 95.36
2560.0000000001 95.20
2597.2360574402 95.04
2635.0137258074 94.88
2673.3408830143 94.72
2712.2255215599 94.56
2751.6757501971 94.41
2791.6997956232 94.27
2832.3060041955 94.13
2873.5028436721 94.01
2915.2989049772 93.90
2957.7029039931 93.80
3000.7236833774 93.72
3044.3702144071 93.66
3088.6515988494 93.62
3133.57707086 93.60
3179.1559989082 93.60
3225.397887731 93.62
3272.3123803148 93.66
3319.9092599067 93.72
3368.1984520542 93.79
3417.1900266754 93.88
3466.8942001586 94.00
3517.3213374928 94.14
3568.4819544296 94.32
3620.3867196753 94.55
3673.0464571163 94.80
3726.4721480761 95.09
3780.6749336053 95.40
3835.6661168044 95.72
3891.4571651819 96.04
3948.0597130445 96.34
4005.4855639241 96.60
4063.7466930387 96.80
4122.8552497902 96.93
4182.8235602974 97.00
4243.6641299665 96.99
4305.3896460992 96.91
4368.0129805382 96.74
4431.5471923516 96.48
4496.0055305558 96.15
4561.4014368787 95.74
4627.7485485626 95.28
4695.0607012081 94.79
4763.3519316592 94.30
4832.6364809305 93.81
4902.9287971769 93.33
4974.2435387067 92.87
5046.595577038 92.43
5120.0000000002 92.01
5194.4721148803 91.60
5270.0274516149 91.20
5346.6817660286 90.82
5424.4510431198 90.47
5503.3515003942 90.15
5583.3995912463 89.86
5664.6120083911 89.59
5747.0056873442 89.33
5830.5978099545 89.09
5915.4058079863 88.87
6001.4473667548 88.68
6088.7404288142 88.53
6177.3031976989 88.41
6267.1541417201 88.33
6358.3119978165 88.29
6450.795775462 88.30
6544.6247606297 88.36
6639.8185198134 88.48
6736.3969041085 88.65
6834.3800533509 88.87
6933.7884003172 89.17
7034.6426749857 89.53
7136.9639088592 89.97
7240.7734393506 90.49
7346.0929142326 91.09
7452.9442961523 91.77
7561.3498672106 92.50
7671.3322336089 93.19
7782.9143303638 93.74
7896.119426089 94.02
8010.9711278481 93.93
8127.4933860775 93.45
8245.7104995805 92.67
8365.6471205948 91.71
8487.328259933 90.68
8610.7792921984 89.67
8736.0259610765 88.72
8863.0943847033 87.87
8992.0110611117 87.11
9122.8028737575 86.45
9255.4970971253 85.89
9390.1214024162 85.43
9526.7038633184 85.07
9665.272961861 84.82
9805.8575943538 84.67
9948.4870774134 84.62
10093.191154076 84.68
10240.0000000005 84.83
10388.9442297607 85.04
10540.0549032298 85.29
10693.3635320572 85.52
10848.9020862397 85.64
11006.7030007884 85.58
11166.7991824927 85.24
11329.2240167822 84.69
11494.0113746885 83.95
11661.1956199091 82.99
11830.8116159726 81.76
12002.8947335097 80.29
12177.4808576284 78.50
12354.6063953979 76.17
12534.3082834402 73.08
12716.6239956331 70.55
12901.5915509241 70.51
13089.2495212594 71.19
13279.637039627 72.90
13472.7938082171 74.27
13668.7601067018 74.83
13867.5768006344 74.77
14069.2853499715 74.47
14273.9278177184 74.17
14481.5468787012 73.85
14692.1858284653 73.60
14905.8885923047 73.54
15122.6997344212 73.81
15342.6644672179 74.35
15565.8286607277 74.78
15792.2388521781 74.39
16021.9422556964 72.97
16254.9867721551 71.75
16491.4209991611 71.36
16731.2942411897 71.12
16974.656519866 70.42
17221.5585843969 69.55
17472.0519221531 68.76
17726.1887694067 67.99
17984.0221222235 67.23
18245.605747515 66.49
18510.9941942506 65.71
18780.2428048326 64.76
19053.4077266369 63.98
19330.545923722 64.47
19611.7151887077 65.60
19896.9741548268 66.09
20186.382308152 66.14
