20 94.40
20.2909066988 94.43
20.5860447329 94.46
20.8854756485 94.49
21.1892618872 94.50
21.4974667984 94.51
21.8101546533 94.52
22.1273906578 94.52
22.4492409662 94.52
22.7757726951 94.52
23.1070539374 94.52
23.4431537764 94.51
23.7841423001 94.50
24.130090616 94.49
24.4810708661 94.48
24.8371562415 94.48
25.1984209979 94.49
25.5649404712 94.50
25.936791093 94.51
26.3140504067 94.52
26.6967970834 94.54
27.0851109387 94.56
27.4790729492 94.58
27.878765269 94.60
28.2842712475 94.62
28.6956754462 94.63
29.1130636568 94.64
29.5365229188 94.65
29.9661415375 94.65
30.402009103 94.64
30.8442165082 94.64
31.2928559682 94.62
31.7480210394 94.61
32.209806639 94.59
32.6783090648 94.58
33.1536260154 94.57
33.6358566101 94.55
34.1251014105 94.54
34.6214624402 94.54
35.1250432075 94.53
35.6359487256 94.53
36.1542855356 94.53
36.6801617282 94.53
37.2136869661 94.52
37.7549725073 94.51
38.3041312279 94.50
38.8612776461 94.48
39.4265279456 94.47
40 94.45
40.5818133975 94.43
41.1720894657 94.41
41.7709512971 94.39
42.3785237744 94.37
42.9949335968 94.35
43.6203093066 94.33
44.2547813156 94.31
44.8984819324 94.29
45.5515453903 94.28
46.2141078749 94.26
46.8863075528 94.24
47.5682846001 94.21
48.260181232 94.19
48.9621417322 94.16
49.6743124829 94.13
50.3968419958 94.10
51.1298809424 94.08
51.873582186 94.05
52.6281008133 94.02
53.3935941668 93.99
54.1702218775 93.96
54.9581458983 93.93
55.757530538 93.90
56.5685424949 93.86
57.3913508924 93.83
58.2261273137 93.80
59.0730458376 93.77
59.9322830751 93.73
60.804018206 93.69
61.6884330163 93.66
62.5857119363 93.62
63.4960420787 93.59
64.419613278 93.55
65.3566181296 93.50
66.3072520307 93.46
67.2717132203 93.42
68.2502028209 93.38
69.2429248805 93.34
70.2500864149 93.30
71.2718974512 93.26
72.3085710713 93.21
73.3603234564 93.17
74.4273739322 93.12
75.5099450145 93.08
76.6082624559 93.03
77.7225552923 92.98
78.8530558912 92.93
80 92.89
81.163626795 92.84
82.3441789315 92.79
83.5419025942 92.75
84.7570475487 92.70
85.9898671937 92.64
87.2406186132 92.58
88.5095626311 92.53
89.7969638648 92.47
91.1030907805 92.43
92.4282157498 92.37
93.7726151055 92.31
95.1365692002 92.26
96.520362464 92.20
97.9242834644 92.14
99.3486249659 92.08
100.7936839916 92.02
102.2597618848 91.96
103.7471643721 91.90
105.2562016267 91.84
106.7871883336 91.78
108.340443755 91.72
109.9162917966 91.65
111.5150610759 91.59
113.1370849898 91.53
114.7827017849 91.46
116.4522546274 91.40
118.1460916752 91.33
119.8645661501 91.27
121.6080364119 91.20
123.3768660326 91.13
125.1714238726 91.06
126.9920841575 90.99
128.8392265559 90.93
130.7132362593 90.86
132.6145040614 90.80
134.5434264406 90.73
136.5004056418 90.66
138.485849761 90.59
140.5001728299 90.52
142.5437949025 90.45
144.6171421426 90.37
146.7206469127 90.30
148.8547478643 90.23
151.0198900291 90.17
153.2165249118 90.09
155.4451105846 90.02
157.7061117824 89.95
160 89.89
162.32725359 89.83
164.688357863 89.78
167.0838051884 89.72
169.5140950975 89.66
171.9797343873 89.57
174.4812372264 89.46
177.0191252622 89.33
179.5939277295 89.18
182.2061815611 89.04
184.8564314996 88.93
187.5452302111 88.85
190.2731384004 88.80
193.0407249281 88.76
195.8485669287 88.73
198.6972499318 88.69
201.5873679832 88.64
204.5195237697 88.59
207.4943287442 88.53
210.5124032534 88.46
213.5743766672 88.38
216.6808875099 88.31
219.8325835933 88.24
223.0301221518 88.16
226.2741699797 88.09
229.5654035698 88.01
232.9045092548 87.93
236.2921833503 87.85
239.7291323003 87.77
243.2160728239 87.70
246.7537320653 87.62
250.3428477452 87.54
253.9841683149 87.47
257.6784531119 87.39
261.4264725186 87.31
265.2290081229 87.24
269.0868528812 87.16
273.0008112836 87.09
276.971699522 87.01
281.0003456597 86.94
285.0875898049 86.86
289.2342842852 86.79
293.4412938255 86.72
297.7094957287 86.64
302.0397800581 86.57
306.4330498235 86.50
310.8902211692 86.43
315.4122235649 86.36
320 86.29
324.65450718 86.22
329.3767157259 86.15
334.1676103768 86.08
339.028190195 86.01
343.9594687746 85.94
348.9624744529 85.88
354.0382505244 85.81
359.187855459 85.75
364.4123631221 85.68
369.7128629991 85.62
375.0904604222 85.56
380.5462768009 85.49
386.0814498562 85.43
391.6971338575 85.37
397.3944998635 85.31
403.1747359664 85.25
409.0390475393 85.19
414.9886574883 85.13
421.0248065068 85.07
427.1487533344 85.02
433.3617750198 84.96
439.6651671866 84.91
446.0602443037 84.85
452.5483399594 84.80
459.1308071395 84.74
465.8090185095 84.69
472.5843667007 84.64
479.4582646005 84.59
486.4321456477 84.54
493.5074641306 84.49
500.6856954905 84.44
507.9683366298 84.39
515.3569062238 84.34
522.8529450372 84.30
530.4580162458 84.25
538.1737057624 84.21
546.0016225673 84.17
553.9433990439 84.12
562.0006913195 84.08
570.1751796098 84.04
578.4685685703 84.00
586.882587651 83.96
595.4189914574 83.93
604.0795601163 83.89
612.8660996471 83.86
621.7804423383 83.82
630.8244471297 83.79
640 83.76
649.30901436 83.74
658.7534314519 83.71
668.3352207536 83.68
678.05638039 83.66
687.9189375493 83.64
697.9249489058 83.62
708.0765010489 83.60
718.375710918 83.59
728.8247262443 83.58
739.4257259983 83.56
750.1809208443 83.56
761.0925536018 83.55
772.1628997124 83.55
783.394267715 83.55
794.7889997271 83.55
806.3494719327 83.56
818.0780950787 83.56
829.9773149767 83.57
842.0496130136 83.58
854.2975066688 83.60
866.7235500396 83.62
879.3303343732 83.66
892.1204886074 83.71
905.0966799188 83.77
918.2616142791 83.83
931.618037019 83.90
945.1687334013 83.97
958.9165292011 84.05
972.8642912955 84.14
987.0149282611 84.24
1001.371390981 84.34
1015.9366732597 84.44
1030.7138124476 84.55
1045.7058900743 84.67
1060.9160324916 84.79
1076.3474115248 84.91
1092.0032451345 85.04
1107.8867980879 85.17
1124.0013826389 85.30
1140.3503592197 85.43
1156.9371371406 85.56
1173.765175302 85.69
1190.8379829148 85.83
1208.1591202326 85.96
1225.7321992942 86.08
1243.5608846767 86.21
1261.6488942595 86.33
1280 86.45
1298.6180287201 86.58
1317.5068629037 86.69
1336.6704415071 86.81
1356.1127607799 86.93
1375.8378750985 87.05
1395.8498978116 87.16
1416.1530020977 87.27
1436.751421836 87.38
1457.6494524886 87.49
1478.8514519966 87.60
1500.3618416887 87.71
1522.1851072035 87.81
1544.3257994247 87.92
1566.78853543 88.02
1589.5779994541 88.12
1612.6989438655 88.22
1636.1561901574 88.32
1659.9546299533 88.42
1684.0992260271 88.52
1708.5950133377 88.62
1733.4471000793 88.72
1758.6606687464 88.81
1784.2409772148 88.91
1810.1933598376 89.01
1836.5232285581 89.11
1863.2360740381 89.21
1890.3374668026 89.31
1917.8330584022 89.41
1945.7285825909 89.51
1974.0298565222 89.61
2002.742781962 89.71
2031.8733465194 89.81
2061.4276248951 89.90
2091.4117801487 90.00
2121.8320649832 90.09
2152.6948230496 90.19
2184.0064902691 90.28
2215.7735961758 90.37
2248.0027652779 90.46
2280.7007184393 90.55
2313.8742742813 90.63
2347.530350604 90.72
2381.6759658296 90.80
2416.3182404652 90.88
2451.4643985884 90.96
2487.1217693533 91.04
2523.297788519 91.12
2560.0000000001 91.20
2597.2360574402 91.27
2635.0137258074 91.35
2673.3408830143 91.42
2712.2255215599 91.50
2751.6757501971 91.57
2791.6997956232 91.65
2832.3060041955 91.73
2873.5028436721 91.81
2915.2989049772 91.89
2957.7029039931 91.98
3000.7236833774 92.07
3044.3702144071 92.17
3088.6515988494 92.27
3133.57707086 92.38
3179.1559989082 92.49
3225.397887731 92.61
3272.3123803148 92.73
3319.9092599067 92.85
3368.1984520542 92.97
3417.1900266754 93.09
3466.8942001586 93.21
3517.3213374928 93.34
3568.4819544296 93.49
3620.3867196753 93.65
3673.0464571163 93.82
3726.4721480761 94.00
3780.6749336053 94.18
3835.6661168044 94.34
3891.4571651819 94.49
3948.0597130445 94.61
4005.4855639241 94.70
4063.7466930387 94.75
4122.8552497902 94.76
4182.8235602974 94.75
4243.6641299665 94.72
4305.3896460992 94.69
4368.0129805382 94.66
4431.5471923516 94.61
4496.0055305558 94.54
4561.4014368787 94.45
4627.7485485626 94.33
4695.0607012081 94.17
4763.3519316592 93.96
4832.6364809305 93.70
4902.9287971769 93.37
4974.2435387067 92.99
5046.595577038 92.57
5120.0000000002 92.15
5194.4721148803 91.73
5270.0274516149 91.34
5346.6817660286 90.99
5424.4510431198 90.68
5503.3515003942 90.41
5583.3995912463 90.18
5664.6120083911 89.97
5747.0056873442 89.78
5830.5978099545 89.59
5915.4058079863 89.41
6001.4473667548 89.23
6088.7404288142 89.07
6177.3031976989 88.92
6267.1541417201 88.80
6358.3119978165 88.72
6450.795775462 88.69
6544.6247606297 88.72
6639.8185198134 88.80
6736.3969041085 88.96
6834.3800533509 89.17
6933.7884003172 89.45
7034.6426749857 89.80
7136.9639088592 90.22
7240.7734393506 90.73
7346.0929142326 91.33
7452.9442961523 92.01
7561.3498672106 92.78
7671.3322336089 93.59
7782.9143303638 94.33
7896.119426089 94.89
8010.9711278481 95.14
8127.4933860775 95.00
8245.7104995805 94.50
8365.6471205948 93.72
8487.328259933 92.79
8610.7792921984 91.81
8736.0259610765 90.84
8863.0943847033 89.93
8992.0110611117 89.10
9122.8028737575 88.36
9255.4970971253 87.71
9390.1214024162 87.16
9526.7038633184 86.69
9665.272961861 86.32
9805.8575943538 86.03
9948.4870774134 85.81
10093.191154076 85.66
10240.0000000005 85.57
10388.9442297607 85.51
10540.0549032298 85.45
10693.3635320572 85.35
10848.9020862397 85.17
11006.7030007884 84.86
11166.7991824927 84.39
11329.2240167822 83.79
11494.0113746885 83.11
11661.1956199091 82.26
11830.8116159726 81.18
12002.8947335097 79.81
12177.4808576284 78.06
12354.6063953979 75.71
12534.3082834402 72.53
12716.6239956331 69.68
12901.5915509241 69.38
13089.2495212594 70.26
13279.637039627 72.29
13472.7938082171 73.81
13668.7601067018 74.49
13867.5768006344 74.53
14069.2853499715 74.30
14273.9278177184 74.01
14481.5468787012 73.64
14692.1858284653 73.28
14905.8885923047 73.09
15122.6997344212 73.19
15342.6644672179 73.52
15565.8286607277 73.74
15792.2388521781 73.18
16021.9422556964 71.63
16254.9867721551 70.21
16491.4209991611 69.60
16731.2942411897 69.16
16974.656519866 68.22
17221.5585843969 67.13
17472.0519221531 66.18
17726.1887694067 65.37
17984.0221222235 64.70
18245.605747515 64.14
18510.9941942506 63.61
18780.2428048326 62.96
19053.4077266369 62.40
19330.545923722 62.86
19611.7151887077 63.92
19896.9741548268 64.40
20186.382308152 64.45
