20.000000	83.895
20.290907	83.895
20.586045	83.895
20.885476	83.895
21.189262	83.895
21.497467	83.895
21.810155	83.895
22.127391	83.895
22.449241	83.895
22.775773	83.895
23.107054	83.895
23.443154	83.895
23.784142	83.907
24.130091	83.930
24.481071	83.950
24.837156	83.971
25.198421	83.991
25.564940	84.010
25.936791	84.029
26.314050	84.047
26.696797	84.063
27.085111	84.078
27.479073	84.093
27.878765	84.105
28.284271	84.117
28.695675	84.128
29.113064	84.140
29.536523	84.150
29.966142	84.159
30.402009	84.169
30.844217	84.178
31.292856	84.189
31.748021	84.200
32.209807	84.210
32.678309	84.218
33.153626	84.225
33.635857	84.231
34.125101	84.240
34.621462	84.251
35.125043	84.263
35.635949	84.273
36.154286	84.281
36.680162	84.286
37.213687	84.289
37.754973	84.291
38.304131	84.294
38.861278	84.296
39.426528	84.296
40.000000	84.295
40.581813	84.298
41.172089	84.308
41.770951	84.322
42.378524	84.330
42.994934	84.329
43.620309	84.325
44.254781	84.328
44.898482	84.336
45.551545	84.346
46.214108	84.354
46.886308	84.360
47.568285	84.367
48.260181	84.383
48.962142	84.404
49.674312	84.420
50.396842	84.419
51.129881	84.407
51.873582	84.391
52.628101	84.379
53.393594	84.375
54.170222	84.377
54.958146	84.381
55.757531	84.383
56.568542	84.385
57.391351	84.386
58.226127	84.388
59.073046	84.393
59.932283	84.397
60.804018	84.396
61.688433	84.392
62.585712	84.390
63.496042	84.391
64.419613	84.396
65.356618	84.402
66.307252	84.406
67.271713	84.407
68.250203	84.407
69.242925	84.407
70.250086	84.409
71.271897	84.410
72.308571	84.409
73.360323	84.407
74.427374	84.406
75.509945	84.404
76.608262	84.402
77.722555	84.400
78.853056	84.398
80.000000	84.400
81.163627	84.401
82.344179	84.398
83.541903	84.395
84.757048	84.392
85.989867	84.389
87.240619	84.387
88.509563	84.387
89.796964	84.386
91.103091	84.385
92.428216	84.385
93.772615	84.385
95.136569	84.384
96.520362	84.384
97.924283	84.385
99.348625	84.387
100.793684	84.389
102.259762	84.391
103.747164	84.392
105.256202	84.395
106.787188	84.398
108.340444	84.401
109.916292	84.404
111.515061	84.408
113.137085	84.412
114.782702	84.415
116.452255	84.419
118.146092	84.423
119.864566	84.428
121.608036	84.433
123.376866	84.438
125.171424	84.444
126.992084	84.450
128.839227	84.456
130.713236	84.462
132.614504	84.469
134.543426	84.473
136.500406	84.478
138.485850	84.483
140.500173	84.490
142.543795	84.496
144.617142	84.501
146.720647	84.508
148.854748	84.516
151.019890	84.523
153.216525	84.530
155.445111	84.536
157.706112	84.544
160.000000	84.552
162.327254	84.560
164.688358	84.567
167.083805	84.574
169.514095	84.582
171.979734	84.590
174.481237	84.598
177.019125	84.606
179.593928	84.614
182.206182	84.622
184.856431	84.630
187.545230	84.638
190.273138	84.648
193.040725	84.658
195.848567	84.669
198.697250	84.678
201.587368	84.686
204.519524	84.695
207.494329	84.705
210.512403	84.717
213.574377	84.730
216.680888	84.743
219.832584	84.754
223.030122	84.764
226.274170	84.773
229.565404	84.784
232.904509	84.795
236.292183	84.806
239.729132	84.817
243.216073	84.828
246.753732	84.839
250.342848	84.851
253.984168	84.863
257.678453	84.875
261.426473	84.886
265.229008	84.898
269.086853	84.908
273.000811	84.919
276.971700	84.929
281.000346	84.940
285.087590	84.950
289.234284	84.960
293.441294	84.970
297.709496	84.981
302.039780	84.993
306.433050	85.005
310.890221	85.021
315.412224	85.039
320.000000	85.060
324.654507	85.084
329.376716	85.111
334.167610	85.143
339.028190	85.180
343.959469	85.221
348.962474	85.267
354.038251	85.317
359.187855	85.368
364.412363	85.418
369.712863	85.467
375.090460	85.513
380.546277	85.557
386.081450	85.601
391.697134	85.643
397.394500	85.686
403.174736	85.728
409.039048	85.771
414.988657	85.815
421.024807	85.861
427.148753	85.907
433.361775	85.954
439.665167	86.003
446.060244	86.052
452.548340	86.104
459.130807	86.158
465.809019	86.211
472.584367	86.267
479.458265	86.324
486.432146	86.382
493.507464	86.443
500.685695	86.504
507.968337	86.567
515.356906	86.632
522.852945	86.698
530.458016	86.765
538.173706	86.834
546.001623	86.904
553.943399	86.978
562.000691	87.056
570.175180	87.136
578.468569	87.220
586.882588	87.310
595.418991	87.403
604.079560	87.498
612.866100	87.595
621.780442	87.695
630.824447	87.796
640.000000	87.900
649.309014	88.005
658.753431	88.114
668.335221	88.223
678.056380	88.335
687.918938	88.448
697.924949	88.563
708.076501	88.680
718.375711	88.798
728.824726	88.918
739.425726	89.038
750.180921	89.157
761.092554	89.276
772.162900	89.395
783.394268	89.512
794.789000	89.628
806.349472	89.741
818.078095	89.853
829.977315	89.961
842.049613	90.068
854.297507	90.172
866.723550	90.277
879.330334	90.383
892.120489	90.490
905.096680	90.597
918.261614	90.700
931.618037	90.797
945.168733	90.888
958.916529	90.972
972.864291	91.052
987.014928	91.130
1001.371391	91.207
1015.936673	91.286
1030.713812	91.369
1045.705890	91.459
1060.916032	91.553
1076.347412	91.654
1092.003245	91.752
1107.886798	91.839
1124.001383	91.896
1140.350359	91.916
1156.937137	91.862
1173.765175	91.756
1190.837983	91.524
1208.159120	91.244
1225.732199	90.879
1243.560885	90.503
1261.648894	90.209
1280.000000	90.054
1298.618029	90.159
1317.506863	90.285
1336.670442	90.575
1356.112761	90.890
1375.837875	91.193
1395.849898	91.457
1416.153002	91.651
1436.751422	91.805
1457.649452	91.878
1478.851452	91.895
1500.361842	91.859
1522.185107	91.785
1544.325799	91.694
1566.788535	91.593
1589.577999	91.480
1612.698944	91.351
1636.156190	91.199
1659.954630	91.016
1684.099226	90.789
1708.595013	90.502
1733.447100	90.135
1758.660669	89.688
1784.240977	89.199
1810.193360	88.734
1836.523229	88.344
1863.236074	88.037
1890.337467	87.794
1917.833058	87.591
1945.728583	87.409
1974.029857	87.235
2002.742782	87.058
2031.873347	86.872
2061.427625	86.683
2091.411780	86.501
2121.832065	86.335
2152.694823	86.190
2184.006490	86.056
2215.773596	85.928
2248.002765	85.789
2280.700718	85.614
2313.874274	85.406
2347.530351	85.199
2381.675966	85.035
2416.318240	84.908
2451.464399	84.814
2487.121769	84.733
2523.297789	84.659
2560.000000	84.587
2597.236057	84.522
2635.013726	84.466
2673.340883	84.417
2712.225522	84.358
2751.675750	84.267
2791.699796	84.126
2832.306004	83.908
2873.502844	83.594
2915.298905	83.154
2957.702904	82.570
3000.723683	81.864
3044.370214	81.193
3088.651599	80.757
3133.577071	80.592
3179.155999	80.685
3225.397888	80.921
3272.312380	81.218
3319.909260	81.488
3368.198452	81.671
3417.190027	81.763
3466.894200	81.783
3517.321337	81.745
3568.481954	81.654
3620.386720	81.510
3673.046457	81.319
3726.472148	81.090
3780.674934	80.831
3835.666117	80.558
3891.457165	80.280
3948.059713	80.000
4005.485564	79.715
4063.746693	79.426
4122.855250	79.137
4182.823560	78.865
4243.664130	78.626
4305.389646	78.427
4368.012981	78.271
4431.547192	78.144
4496.005531	78.025
4561.401437	77.892
4627.748549	77.725
4695.060701	77.515
4763.351932	77.301
4832.636481	77.146
4902.928797	77.123
4974.243539	77.190
5046.595577	77.305
5120.000000	77.411
5194.472115	77.478
5270.027452	77.476
5346.681766	77.389
5424.451043	77.195
5503.351500	76.851
5583.399591	76.384
5664.612008	76.118
5747.005687	76.427
5830.597810	77.409
5915.405808	78.917
6001.447367	80.589
6088.740429	82.228
6177.303198	83.727
6267.154142	84.961
6358.311998	85.822
6450.795775	86.332
6544.624761	86.530
6639.818520	86.514
6736.396904	86.384
6834.380053	86.196
6933.788400	85.966
7034.642675	85.719
7136.963909	85.491
7240.773439	85.316
7346.092914	85.238
7452.944296	85.277
7561.349867	85.398
7671.332234	85.505
7782.914330	85.515
7896.119426	85.370
8010.971128	85.072
8127.493386	84.667
8245.710500	84.088
8365.647121	83.151
8487.328260	81.878
8610.779292	80.561
8736.025961	79.853
8863.094385	80.146
8992.011061	81.237
9122.802874	82.390
9255.497097	83.125
9390.121402	83.418
9526.703863	83.537
9665.272962	83.775
9805.857594	84.191
9948.487077	84.682
10093.191154	85.179
10240.000000	85.663
10388.944230	86.058
10540.054903	86.189
10693.363532	85.976
10848.902086	85.508
11006.703001	85.155
11166.799182	85.210
11329.224017	85.758
11494.011375	86.493
11661.195620	87.068
11830.811616	87.288
12002.894734	86.945
12177.480858	86.376
12354.606395	85.788
12534.308283	85.339
12716.623996	84.991
12901.591551	84.460
13089.249521	83.785
13279.637040	82.704
13472.793808	81.122
13668.760107	79.132
13867.576801	77.012
14069.285350	75.215
14273.927818	73.841
14481.546879	72.843
14692.185828	71.927
14905.888592	70.921
15122.699734	69.843
15342.664467	68.786
15565.828661	67.864
15792.238852	67.148
16021.942256	66.663
16254.986772	66.423
16491.420999	66.464
16731.294241	66.866
16974.656520	67.678
17221.558584	68.668
17472.051922	69.412
17726.188769	69.593
17984.022122	69.128
18245.605748	68.167
18510.994194	66.981
18780.242805	65.843
19053.407727	65.026
19330.545924	64.784
19611.715189	65.070
19896.974155	65.295
20186.382308	65.295
