20.000000	98.930
20.299999	98.838
20.600000	98.728
20.900000	98.601
21.200001	98.461
21.400000	98.371
21.799999	98.225
22.000000	98.180
22.400000	98.151
22.700001	98.165
23.000000	98.174
23.299999	98.158
23.600000	98.105
24.000000	97.975
24.299999	97.855
24.700001	97.715
25.000000	97.660
25.400000	97.668
25.799999	97.741
26.200001	97.832
26.500000	97.891
26.900000	97.935
27.200001	97.928
27.600000	97.851
28.000000	97.694
28.500000	97.417
29.000000	97.143
29.500000	96.986
30.000000	97.005
30.400000	97.115
30.700001	97.212
31.100000	97.303
31.500000	97.312
32.000000	97.209
32.500000	97.053
33.000000	96.945
33.500000	96.928
34.000000	96.958
34.500000	96.963
35.000000	96.918
35.500000	96.840
36.000000	96.752
36.500000	96.652
37.000000	96.517
37.500000	96.334
38.200001	96.040
38.700001	95.857
39.500000	95.631
40.000000	95.492
40.599998	95.302
41.200001	95.129
41.799999	95.056
42.500000	95.144
43.099998	95.310
43.700001	95.464
44.400002	95.548
45.000000	95.526
45.500000	95.467
46.200001	95.371
46.799999	95.287
47.500000	95.171
48.200001	95.035
48.700001	94.942
49.400002	94.837
50.000000	94.761
50.799999	94.680
51.500000	94.629
52.200001	94.583
53.000000	94.524
53.799999	94.465
54.500000	94.418
55.200001	94.364
56.000000	94.286
57.000000	94.176
58.000000	94.061
59.000000	93.939
60.000000	93.832
60.799999	93.763
61.500000	93.706
62.200001	93.648
63.000000	93.583
64.000000	93.501
65.000000	93.419
66.000000	93.333
67.000000	93.239
68.000000	93.141
69.000000	93.052
70.000000	92.971
71.000000	92.898
72.000000	92.825
73.000000	92.751
74.000000	92.677
75.000000	92.599
76.199997	92.499
77.500000	92.391
78.800003	92.291
80.000000	92.206
81.199997	92.124
82.500000	92.037
83.800003	91.951
85.000000	91.871
86.199997	91.793
87.500000	91.709
88.500000	91.643
90.000000	91.546
91.199997	91.468
92.500000	91.386
93.800003	91.306
95.000000	91.236
96.199997	91.167
97.500000	91.096
98.800003	91.025
100.000000	90.959
101.500000	90.869
103.000000	90.779
104.400002	90.697
106.000000	90.607
107.500000	90.524
109.000000	90.438
110.599998	90.340
112.000000	90.253
113.800003	90.147
115.000000	90.081
117.199997	89.961
118.000000	89.916
120.599998	89.775
122.000000	89.712
124.099998	89.650
125.000000	89.641
126.500000	89.646
128.000000	89.669
131.500000	89.695
132.000000	89.690
134.000000	89.651
136.000000	89.593
138.000000	89.526
140.000000	89.453
143.000000	89.332
145.000000	89.251
147.500000	89.156
150.000000	89.067
152.500000	88.979
155.000000	88.892
157.500000	88.809
160.000000	88.727
162.500000	88.646
165.000000	88.566
167.500000	88.487
170.000000	88.413
172.500000	88.343
175.000000	88.275
177.500000	88.207
180.000000	88.139
182.500000	88.072
185.000000	88.007
187.500000	87.942
190.000000	87.879
192.500000	87.816
195.000000	87.752
197.500000	87.690
200.000000	87.629
203.000000	87.558
206.000000	87.489
209.000000	87.423
212.000000	87.359
214.000000	87.318
218.000000	87.237
220.000000	87.199
224.000000	87.125
227.000000	87.071
230.000000	87.017
233.000000	86.959
236.000000	86.900
240.000000	86.823
243.000000	86.769
247.000000	86.702
250.000000	86.656
254.000000	86.600
258.000000	86.547
262.000000	86.507
265.000000	86.492
269.000000	86.498
272.000000	86.517
276.000000	86.548
280.000000	86.569
285.000000	86.564
290.000000	86.532
295.000000	86.483
300.000000	86.424
304.000000	86.377
307.000000	86.340
311.000000	86.293
315.000000	86.246
320.000000	86.190
325.000000	86.136
330.000000	86.084
335.000000	86.034
340.000000	85.985
345.000000	85.939
350.000000	85.895
355.000000	85.852
360.000000	85.812
365.000000	85.774
370.000000	85.737
375.000000	85.701
382.000000	85.655
387.000000	85.624
395.000000	85.578
400.000000	85.550
406.000000	85.518
412.000000	85.489
418.000000	85.461
425.000000	85.430
431.000000	85.406
437.000000	85.381
444.000000	85.353
450.000000	85.332
455.000000	85.315
462.000000	85.293
468.000000	85.278
475.000000	85.261
482.000000	85.245
487.000000	85.236
494.000000	85.225
500.000000	85.217
508.000000	85.208
515.000000	85.200
522.000000	85.194
530.000000	85.188
538.000000	85.182
545.000000	85.178
552.000000	85.175
560.000000	85.172
570.000000	85.170
580.000000	85.172
590.000000	85.178
600.000000	85.191
608.000000	85.203
615.000000	85.213
622.000000	85.224
630.000000	85.236
640.000000	85.250
650.000000	85.264
660.000000	85.279
670.000000	85.295
680.000000	85.312
690.000000	85.332
700.000000	85.362
710.000000	85.404
720.000000	85.460
730.000000	85.522
740.000000	85.581
750.000000	85.633
762.000000	85.691
775.000000	85.751
788.000000	85.817
800.000000	85.882
812.000000	85.953
825.000000	86.035
838.000000	86.122
850.000000	86.207
862.000000	86.297
875.000000	86.398
885.000000	86.478
900.000000	86.603
912.000000	86.707
925.000000	86.823
938.000000	86.942
950.000000	87.054
962.000000	87.169
975.000000	87.295
988.000000	87.422
1000.000000	87.542
1015.000000	87.692
1030.000000	87.843
1044.000000	87.984
1060.000000	88.145
1075.000000	88.294
1090.000000	88.442
1106.000000	88.600
1120.000000	88.734
1138.000000	88.905
1150.000000	89.017
1172.000000	89.216
1180.000000	89.287
1206.000000	89.511
1220.000000	89.629
1241.000000	89.799
1250.000000	89.870
1265.000000	89.984
1280.000000	90.096
1315.000000	90.341
1320.000000	90.374
1340.000000	90.505
1360.000000	90.629
1380.000000	90.746
1400.000000	90.857
1430.000000	91.010
1450.000000	91.104
1475.000000	91.211
1500.000000	91.306
1525.000000	91.389
1550.000000	91.459
1575.000000	91.518
1600.000000	91.564
1625.000000	91.597
1650.000000	91.618
1675.000000	91.624
1700.000000	91.618
1725.000000	91.600
1750.000000	91.570
1775.000000	91.529
1800.000000	91.478
1825.000000	91.416
1850.000000	91.347
1875.000000	91.269
1900.000000	91.184
1925.000000	91.095
1950.000000	90.999
1975.000000	90.899
2000.000000	90.795
2030.000000	90.668
2060.000000	90.537
2090.000000	90.406
2120.000000	90.274
2140.000000	90.186
2180.000000	90.013
2200.000000	89.928
2240.000000	89.761
2270.000000	89.641
2300.000000	89.523
2330.000000	89.410
2360.000000	89.302
2400.000000	89.165
2430.000000	89.069
2470.000000	88.947
2500.000000	88.863
2540.000000	88.760
2580.000000	88.668
2620.000000	88.588
2650.000000	88.538
2690.000000	88.484
2720.000000	88.454
2760.000000	88.428
2800.000000	88.415
2850.000000	88.415
2900.000000	88.428
2950.000000	88.452
3000.000000	88.486
3040.000000	88.522
3070.000000	88.554
3110.000000	88.604
3150.000000	88.663
3200.000000	88.751
3250.000000	88.853
3300.000000	88.970
3350.000000	89.097
3400.000000	89.232
3450.000000	89.375
3500.000000	89.523
3550.000000	89.674
3600.000000	89.824
3650.000000	89.972
3700.000000	90.114
3750.000000	90.248
3820.000000	90.418
3870.000000	90.525
3950.000000	90.673
4000.000000	90.751
4060.000000	90.827
4120.000000	90.884
4180.000000	90.922
4250.000000	90.940
4310.000000	90.928
4370.000000	90.887
4440.000000	90.799
4500.000000	90.688
4550.000000	90.568
4620.000000	90.358
4680.000000	90.142
4750.000000	89.855
4820.000000	89.535
4870.000000	89.291
4940.000000	88.934
5000.000000	88.620
5080.000000	88.198
5150.000000	87.834
5220.000000	87.479
5300.000000	87.091
5380.000000	86.729
5450.000000	86.436
5520.000000	86.168
5600.000000	85.895
5700.000000	85.608
5800.000000	85.379
5900.000000	85.209
6000.000000	85.102
6080.000000	85.062
6150.000000	85.064
6220.000000	85.097
6300.000000	85.175
6400.000000	85.334
6500.000000	85.563
6600.000000	85.869
6700.000000	86.256
6800.000000	86.734
6900.000000	87.311
7000.000000	87.995
7100.000000	88.785
7200.000000	89.672
7300.000000	90.624
7400.000000	91.595
7500.000000	92.508
7620.000000	93.411
7750.000000	93.996
7880.000000	94.071
8000.000000	93.692
8120.000000	92.982
8250.000000	91.994
8380.000000	90.947
8500.000000	90.042
8620.000000	89.258
8750.000000	88.574
8850.000000	88.168
9000.000000	87.737
9120.000000	87.525
9250.000000	87.396
9380.000000	87.329
9500.000000	87.279
9620.000000	87.196
9750.000000	87.019
9880.000000	86.712
10000.000000	86.287
10150.000000	85.562
10300.000000	84.642
10440.000000	83.651
10600.000000	82.423
10750.000000	81.238
10900.000000	80.072
11060.000000	78.900
11200.000000	77.981
11380.000000	77.042
11500.000000	76.653
11720.000000	76.629
11800.000000	76.845
12060.000000	78.007
12200.000000	78.652
12410.000000	79.346
12500.000000	79.519
12650.000000	79.653
12800.000000	79.628
13150.000000	79.151
13200.000000	79.049
13400.000000	78.571
13600.000000	77.986
13800.000000	77.296
14000.000000	76.517
14300.000000	75.269
14500.000000	74.446
14750.000000	73.492
15000.000000	72.654
15250.000000	71.930
15500.000000	71.294
15750.000000	70.698
16000.000000	70.072
16250.000000	69.346
16500.000000	68.466
16750.000000	67.405
17000.000000	66.117
17250.000000	64.495
17500.000000	62.448
17750.000000	59.992
18000.000000	57.256
18250.000000	54.426
18500.000000	51.718
18750.000000	49.299
19000.000000	47.184
19250.000000	45.219
19500.000000	43.218
19750.000000	41.180
