20.299999 106.20
20.6 106.20
20.9 106.21
21.200001 106.22
21.4 106.23
21.799999 106.24
22 106.25
22.4 106.27
22.700001 106.28
23 106.29
23.299999 106.30
23.6 106.31
24 106.32
24.299999 106.33
24.700001 106.33
25 106.34
25.4 106.34
25.799999 106.34
26.200001 106.35
26.5 106.35
26.9 106.34
27.200001 106.34
27.6 106.33
28 106.33
28.5 106.32
29 106.31
29.5 106.31
30 106.31
30.4 106.30
30.700001 106.30
31.1 106.30
31.5 106.30
32 106.30
32.5 106.30
33 106.30
33.5 106.29
34 106.28
34.5 106.27
35 106.26
35.5 106.24
36 106.23
36.5 106.21
37 106.20
37.5 106.19
38.200001 106.18
38.700001 106.17
39.5 106.15
40 106.13
40.599998 106.11
41.200001 106.10
41.799999 106.08
42.5 106.06
43.099998 106.04
43.700001 106.02
44.400002 106.00
45 105.98
45.5 105.96
46.200001 105.94
46.799999 105.92
47.5 105.90
48.200001 105.87
48.700001 105.85
49.400002 105.82
50 105.80
50.799999 105.78
51.5 105.76
52.200001 105.74
53 105.71
53.799999 105.68
54.5 105.65
55.200001 105.62
56 105.59
57 105.55
58 105.51
59 105.47
60 105.43
60.799999 105.39
61.5 105.37
62.200001 105.34
63 105.31
64 105.26
65 105.22
66 105.18
67 105.14
68 105.10
69 105.06
70 105.02
71 104.97
72 104.93
73 104.89
74 104.85
75 104.81
76.199997 104.77
77.5 104.72
78.800003 104.66
80 104.61
81.199997 104.56
82.5 104.51
83.800003 104.45
85 104.41
86.199997 104.36
87.5 104.30
88.5 104.26
90 104.20
91.199997 104.16
92.5 104.10
93.800003 104.05
95 104.00
96.199997 103.95
97.5 103.90
98.800003 103.84
100 103.80
101.5 103.73
103 103.67
104.400002 103.61
106 103.55
107.5 103.49
109 103.43
110.599998 103.36
112 103.30
113.800003 103.23
115 103.18
117.199997 103.09
118 103.06
120.599998 102.96
122 102.91
124.099998 102.82
125 102.79
126.5 102.73
128 102.67
131.5 102.54
132 102.52
134 102.44
136 102.37
138 102.29
140 102.22
143 102.10
145 102.03
147.5 101.94
150 101.85
152.5 101.75
155 101.66
157.5 101.57
160 101.48
162.5 101.39
165 101.31
167.5 101.22
170 101.14
172.5 101.07
175 101.00
177.5 100.93
180 100.86
182.5 100.80
185 100.74
187.5 100.69
190 100.64
192.5 100.59
195 100.54
197.5 100.48
200 100.43
203 100.36
206 100.28
209 100.21
212 100.14
214 100.08
218 99.98
220 99.93
224 99.83
227 99.75
230 99.68
233 99.61
236 99.53
240 99.44
243 99.37
247 99.28
250 99.22
254 99.13
258 99.05
262 98.97
265 98.91
269 98.83
272 98.77
276 98.69
280 98.61
285 98.52
290 98.42
295 98.33
300 98.24
304 98.17
307 98.12
311 98.05
315 97.98
320 97.89
325 97.81
330 97.73
335 97.65
340 97.58
345 97.51
350 97.44
355 97.37
360 97.31
365 97.24
370 97.19
375 97.13
382 97.06
387 97.01
395 96.93
400 96.88
406 96.82
412 96.76
418 96.70
425 96.63
431 96.57
437 96.51
444 96.45
450 96.40
455 96.35
462 96.29
468 96.25
475 96.19
482 96.14
487 96.10
494 96.05
500 96.01
508 95.96
515 95.92
522 95.88
530 95.83
538 95.78
545 95.75
552 95.71
560 95.67
570 95.62
580 95.58
590 95.54
600 95.50
608 95.47
615 95.44
622 95.42
630 95.40
640 95.37
650 95.35
660 95.33
670 95.31
680 95.29
690 95.28
700 95.27
710 95.26
720 95.26
730 95.26
740 95.27
750 95.28
762 95.30
775 95.33
788 95.38
800 95.42
812 95.47
825 95.51
838 95.55
850 95.60
862 95.64
875 95.70
885 95.74
900 95.80
912 95.83
925 95.87
938 95.91
950 95.95
962 96.00
975 96.06
988 96.14
1000 96.22
1015 96.32
1030 96.43
1044 96.53
1060 96.65
1075 96.75
1090 96.85
1106 96.95
1120 97.04
1138 97.14
1150 97.21
1172 97.34
1180 97.39
1206 97.56
1220 97.67
1241 97.85
1250 97.93
1265 98.07
1280 98.20
1315 98.52
1320 98.56
1340 98.75
1360 98.94
1380 99.12
1400 99.31
1430 99.58
1450 99.76
1475 99.99
1500 100.20
1525 100.41
1550 100.59
1575 100.77
1600 100.94
1625 101.12
1650 101.29
1675 101.46
1700 101.63
1725 101.80
1750 101.97
1775 102.13
1800 102.29
1825 102.45
1850 102.61
1875 102.77
1900 102.92
1925 103.06
1950 103.20
1975 103.34
2000 103.47
2030 103.61
2060 103.75
2090 103.86
2120 103.97
2140 104.03
2180 104.14
2200 104.17
2240 104.23
2270 104.25
2300 104.26
2330 104.25
2360 104.22
2400 104.16
2430 104.11
2470 104.03
2500 103.97
2540 103.92
2580 103.87
2620 103.85
2650 103.84
2690 103.83
2720 103.84
2760 103.84
2800 103.84
2850 103.83
2900 103.80
2950 103.75
3000 103.69
3040 103.64
3070 103.60
3110 103.56
3150 103.51
3200 103.47
3250 103.43
3300 103.40
3350 103.39
3400 103.40
3450 103.44
3500 103.50
3550 103.58
3600 103.67
3650 103.79
3700 103.91
3750 104.03
3820 104.21
3870 104.34
3950 104.56
4000 104.73
4060 104.96
4120 105.23
4180 105.53
4250 105.88
4310 106.17
4370 106.44
4440 106.70
4500 106.86
4550 106.94
4620 106.97
4680 106.90
4750 106.72
4820 106.43
4870 106.17
4940 105.73
5000 105.31
5080 104.71
5150 104.16
5220 103.61
5300 102.99
5380 102.39
5450 101.89
5520 101.41
5600 100.89
5700 100.30
5800 99.80
5900 99.40
6000 99.11
6080 98.92
6150 98.76
6220 98.62
6300 98.48
6400 98.35
6500 98.29
6600 98.30
6700 98.38
6800 98.53
6900 98.77
7000 99.09
7100 99.51
7200 100.03
7300 100.67
7400 101.43
7500 102.30
7620 103.45
7750 104.73
7880 105.83
8000 106.48
8120 106.63
8250 106.16
8380 105.13
8500 103.88
8620 102.49
8750 101.02
8850 99.97
9000 98.58
9120 97.64
9250 96.80
9380 96.11
9500 95.60
9620 95.20
9750 94.91
9880 94.74
10000 94.71
10150 94.83
10300 95.14
10440 95.59
10600 96.31
10750 97.13
10900 98.03
11060 98.93
11200 99.53
11380 99.84
11500 99.68
11720 98.67
11800 98.11
12060 95.93
12200 94.70
12410 93.00
12500 92.37
12650 91.45
12800 90.72
13150 89.67
13200 89.59
13400 89.50
13600 89.74
13800 90.31
14000 91.17
14300 92.93
14500 94.36
14750 96.20
15000 97.72
15250 98.57
15500 98.55
15750 97.78
16000 96.64
16250 95.49
16500 94.38
16750 93.10
17000 91.62
17250 90.03
17500 88.20
17750 86.01
18000 83.52
18250 80.86
18500 78.17
18750 75.59
19000 73.20
19250 71.11
19500 69.36
19750 67.95
20000 66.82
