20 102.34
20.299999 102.34
20.6 102.34
20.9 102.34
21.200001 102.34
21.4 102.34
21.799999 102.34
22 102.34
22.4 102.34
22.700001 102.34
23 102.34
23.299999 102.33
23.6 102.33
24 102.32
24.299999 102.32
24.700001 102.32
25 102.32
25.4 102.31
25.799999 102.31
26.200001 102.30
26.5 102.29
26.9 102.28
27.200001 102.27
27.6 102.25
28 102.23
28.5 102.19
29 102.16
29.5 102.16
30 102.18
30.4 102.19
30.700001 102.20
31.1 102.19
31.5 102.17
32 102.15
32.5 102.13
33 102.11
33.5 102.09
34 102.07
34.5 102.06
35 102.04
35.5 102.03
36 102.01
36.5 102.00
37 101.99
37.5 101.97
38.200001 101.95
38.700001 101.94
39.5 101.93
40 101.91
40.599998 101.89
41.200001 101.86
41.799999 101.84
42.5 101.81
43.099998 101.80
43.700001 101.79
44.400002 101.76
45 101.73
45.5 101.71
46.200001 101.68
46.799999 101.66
47.5 101.62
48.200001 101.58
48.700001 101.56
49.400002 101.54
50 101.52
50.799999 101.50
51.5 101.47
52.200001 101.41
53 101.35
53.799999 101.31
54.5 101.29
55.200001 101.27
56 101.23
57 101.18
58 101.15
59 101.11
60 101.07
60.799999 101.04
61.5 101.01
62.200001 100.98
63 100.94
64 100.89
65 100.84
66 100.78
67 100.73
68 100.68
69 100.63
70 100.58
71 100.53
72 100.48
73 100.42
74 100.37
75 100.32
76.199997 100.26
77.5 100.18
78.800003 100.11
80 100.05
81.199997 99.98
82.5 99.91
83.800003 99.85
85 99.78
86.199997 99.72
87.5 99.65
88.5 99.59
90 99.51
91.199997 99.45
92.5 99.38
93.800003 99.31
95 99.25
96.199997 99.19
97.5 99.13
98.800003 99.06
100 99.01
101.5 98.94
103 98.88
104.400002 98.83
106 98.76
107.5 98.70
109 98.63
110.599998 98.56
112 98.49
113.800003 98.41
115 98.36
117.199997 98.27
118 98.23
120.599998 98.12
122 98.06
124.099998 97.97
125 97.93
126.5 97.87
128 97.81
131.5 97.67
132 97.65
134 97.58
136 97.50
138 97.43
140 97.36
143 97.24
145 97.17
147.5 97.07
150 96.98
152.5 96.88
155 96.79
157.5 96.69
160 96.60
162.5 96.52
165 96.43
167.5 96.36
170 96.28
172.5 96.22
175 96.16
177.5 96.10
180 96.04
182.5 95.98
185 95.91
187.5 95.85
190 95.78
192.5 95.72
195 95.65
197.5 95.59
200 95.53
203 95.46
206 95.39
209 95.33
212 95.27
214 95.23
218 95.15
220 95.11
224 95.03
227 94.97
230 94.90
233 94.84
236 94.77
240 94.69
243 94.63
247 94.56
250 94.50
254 94.43
258 94.37
262 94.31
265 94.26
269 94.21
272 94.16
276 94.11
280 94.06
285 94.00
290 93.94
295 93.89
300 93.84
304 93.80
307 93.78
311 93.74
315 93.71
320 93.67
325 93.64
330 93.60
335 93.57
340 93.55
345 93.52
350 93.50
355 93.49
360 93.47
365 93.46
370 93.45
375 93.44
382 93.44
387 93.43
395 93.44
400 93.44
406 93.45
412 93.47
418 93.48
425 93.50
431 93.53
437 93.55
444 93.59
450 93.62
455 93.65
462 93.69
468 93.73
475 93.78
482 93.83
487 93.86
494 93.92
500 93.97
508 94.04
515 94.10
522 94.16
530 94.23
538 94.31
545 94.38
552 94.44
560 94.52
570 94.63
580 94.73
590 94.84
600 94.95
608 95.04
615 95.11
622 95.19
630 95.28
640 95.39
650 95.51
660 95.62
670 95.73
680 95.85
690 95.96
700 96.06
710 96.17
720 96.28
730 96.38
740 96.49
750 96.60
762 96.73
775 96.87
788 97.01
800 97.14
812 97.25
825 97.37
838 97.49
850 97.59
862 97.69
875 97.78
885 97.86
900 97.97
912 98.06
925 98.15
938 98.24
950 98.32
962 98.41
975 98.49
988 98.58
1000 98.66
1015 98.75
1030 98.84
1044 98.92
1060 99.01
1075 99.08
1090 99.14
1106 99.20
1120 99.24
1138 99.30
1150 99.33
1172 99.39
1180 99.41
1206 99.50
1220 99.56
1241 99.67
1250 99.72
1265 99.80
1280 99.89
1315 100.08
1320 100.11
1340 100.22
1360 100.34
1380 100.47
1400 100.59
1430 100.78
1450 100.90
1475 101.05
1500 101.19
1525 101.31
1550 101.42
1575 101.52
1600 101.61
1625 101.71
1650 101.81
1675 101.92
1700 102.02
1725 102.13
1750 102.24
1775 102.35
1800 102.47
1825 102.59
1850 102.71
1875 102.84
1900 102.97
1925 103.11
1950 103.25
1975 103.40
2000 103.55
2030 103.73
2060 103.92
2090 104.11
2120 104.31
2140 104.45
2180 104.73
2200 104.88
2240 105.18
2270 105.41
2300 105.65
2330 105.88
2360 106.11
2400 106.41
2430 106.63
2470 106.90
2500 107.09
2540 107.32
2580 107.51
2620 107.67
2650 107.78
2690 107.89
2720 107.96
2760 108.03
2800 108.10
2850 108.14
2900 108.16
2950 108.12
3000 108.04
3040 107.95
3070 107.87
3110 107.74
3150 107.59
3200 107.41
3250 107.22
3300 107.03
3350 106.86
3400 106.70
3450 106.56
3500 106.44
3550 106.33
3600 106.22
3650 106.10
3700 105.95
3750 105.80
3820 105.56
3870 105.39
3950 105.16
4000 105.06
4060 104.96
4120 104.90
4180 104.86
4250 104.82
4310 104.75
4370 104.63
4440 104.41
4500 104.16
4550 103.92
4620 103.55
4680 103.26
4750 102.96
4820 102.71
4870 102.56
4940 102.36
5000 102.20
5080 101.99
5150 101.82
5220 101.65
5300 101.46
5380 101.27
5450 101.11
5520 100.97
5600 100.83
5700 100.71
5800 100.66
5900 100.67
6000 100.76
6080 100.88
6150 101.03
6220 101.22
6300 101.49
6400 101.89
6500 102.32
6600 102.76
6700 103.17
6800 103.52
6900 103.80
7000 104.07
7100 104.48
7200 105.08
7300 105.68
7400 106.15
7500 106.53
7620 106.93
7750 107.33
7880 107.65
8000 107.84
8120 107.90
8250 107.80
8380 107.53
8500 107.16
8620 106.72
8750 106.20
8850 105.79
9000 105.17
9120 104.65
9250 104.05
9380 103.39
9500 102.72
9620 101.99
9750 101.15
9880 100.26
10000 99.41
10150 98.29
10300 97.10
10440 95.92
10600 94.52
10750 93.19
10900 91.88
11060 90.54
11200 89.43
11380 88.09
11500 87.26
11720 85.81
11800 85.31
12060 83.73
12200 82.94
12410 81.83
12500 81.38
12650 80.69
12800 80.03
13150 78.71
13200 78.55
13400 77.98
13600 77.56
13800 77.32
14000 77.26
14300 77.63
14500 78.26
14750 79.45
15000 80.88
15250 82.22
15500 83.35
15750 84.34
16000 85.20
16250 85.82
16500 86.19
16750 86.43
17000 86.75
17250 87.16
17500 87.27
17750 86.81
18000 85.81
18250 84.46
18500 82.90
18750 81.16
19000 79.27
19250 77.28
19500 75.31
19750 73.44
20000 71.64
