20 110.40
20.299999 110.39
20.6 110.38
20.9 110.37
21.200001 110.35
21.4 110.33
21.799999 110.31
22 110.29
22.4 110.27
22.700001 110.26
23 110.25
23.299999 110.24
23.6 110.22
24 110.18
24.299999 110.15
24.700001 110.12
25 110.10
25.4 110.10
25.799999 110.10
26.200001 110.09
26.5 110.07
26.9 110.03
27.200001 109.99
27.6 109.94
28 109.91
28.5 109.88
29 109.86
29.5 109.83
30 109.79
30.4 109.75
30.700001 109.71
31.1 109.67
31.5 109.64
32 109.62
32.5 109.61
33 109.58
33.5 109.54
34 109.49
34.5 109.44
35 109.40
35.5 109.36
36 109.32
36.5 109.29
37 109.26
37.5 109.23
38.200001 109.16
38.700001 109.11
39.5 109.04
40 109.01
40.599998 108.96
41.200001 108.91
41.799999 108.85
42.5 108.79
43.099998 108.73
43.700001 108.68
44.400002 108.62
45 108.57
45.5 108.53
46.200001 108.48
46.799999 108.42
47.5 108.36
48.200001 108.30
48.700001 108.26
49.400002 108.20
50 108.15
50.799999 108.09
51.5 108.02
52.200001 107.94
53 107.88
53.799999 107.83
54.5 107.77
55.200001 107.71
56 107.65
57 107.55
58 107.47
59 107.40
60 107.30
60.799999 107.23
61.5 107.19
62.200001 107.13
63 107.05
64 106.96
65 106.89
66 106.81
67 106.73
68 106.65
69 106.58
70 106.50
71 106.42
72 106.34
73 106.27
74 106.19
75 106.11
76.199997 106.02
77.5 105.92
78.800003 105.81
80 105.72
81.199997 105.63
82.5 105.53
83.800003 105.43
85 105.34
86.199997 105.25
87.5 105.15
88.5 105.07
90 104.96
91.199997 104.88
92.5 104.78
93.800003 104.68
95 104.60
96.199997 104.50
97.5 104.41
98.800003 104.32
100 104.22
101.5 104.11
103 104.01
104.400002 103.91
106 103.79
107.5 103.68
109 103.56
110.599998 103.43
112 103.32
113.800003 103.17
115 103.07
117.199997 102.87
118 102.79
120.599998 102.55
122 102.41
124.099998 102.24
125 102.19
126.5 102.17
128 102.25
131.5 102.70
132 102.75
134 102.87
136 102.92
138 102.94
140 102.95
143 102.87
145 102.77
147.5 102.61
150 102.46
152.5 102.29
155 102.12
157.5 101.97
160 101.83
162.5 101.69
165 101.56
167.5 101.43
170 101.31
172.5 101.19
175 101.08
177.5 100.98
180 100.88
182.5 100.78
185 100.68
187.5 100.59
190 100.49
192.5 100.39
195 100.29
197.5 100.20
200 100.11
203 99.99
206 99.88
209 99.77
212 99.67
214 99.60
218 99.47
220 99.41
224 99.31
227 99.23
230 99.15
233 99.05
236 98.96
240 98.84
243 98.75
247 98.64
250 98.56
254 98.44
258 98.33
262 98.23
265 98.15
269 98.05
272 97.98
276 97.88
280 97.78
285 97.66
290 97.55
295 97.44
300 97.33
304 97.24
307 97.17
311 97.09
315 97.00
320 96.90
325 96.79
330 96.69
335 96.59
340 96.50
345 96.40
350 96.31
355 96.22
360 96.13
365 96.04
370 95.96
375 95.88
382 95.76
387 95.69
395 95.56
400 95.48
406 95.40
412 95.32
418 95.23
425 95.14
431 95.06
437 94.98
444 94.90
450 94.82
455 94.76
462 94.68
468 94.61
475 94.53
482 94.46
487 94.41
494 94.33
500 94.29
508 94.20
515 94.13
522 94.07
530 94.00
538 93.93
545 93.87
552 93.81
560 93.74
570 93.66
580 93.59
590 93.51
600 93.44
608 93.40
615 93.35
622 93.30
630 93.26
640 93.20
650 93.15
660 93.09
670 93.04
680 93.00
690 92.95
700 92.92
710 92.87
720 92.84
730 92.81
740 92.79
750 92.77
762 92.77
775 92.73
788 92.69
800 92.62
812 92.67
825 93.05
838 93.09
850 93.08
862 93.05
875 93.04
885 93.04
900 93.06
912 93.09
925 93.12
938 93.15
950 93.18
962 93.30
975 93.48
988 93.60
1000 93.67
1015 93.70
1030 93.70
1044 93.69
1060 93.72
1075 93.78
1090 93.83
1106 93.90
1120 93.97
1138 94.05
1150 94.10
1172 94.19
1180 94.22
1206 94.32
1220 94.42
1241 94.58
1250 94.64
1265 94.76
1280 94.88
1315 95.16
1320 95.20
1340 95.37
1360 95.58
1380 95.75
1400 95.91
1430 96.14
1450 96.30
1475 96.49
1500 96.68
1525 96.88
1550 97.04
1575 97.19
1600 97.34
1625 97.51
1650 97.67
1675 97.84
1700 98.02
1725 98.19
1750 98.36
1775 98.54
1800 98.72
1825 98.90
1850 99.09
1875 99.28
1900 99.48
1925 99.68
1950 99.88
1975 100.08
2000 100.28
2030 100.52
2060 100.78
2090 101.03
2120 101.30
2140 101.48
2180 101.86
2200 102.04
2240 102.40
2270 102.65
2300 102.89
2330 103.12
2360 103.34
2400 103.66
2430 103.91
2470 104.26
2500 104.54
2540 104.91
2580 105.25
2620 105.56
2650 105.77
2690 106.02
2720 106.18
2760 106.36
2800 106.50
2850 106.64
2900 106.77
2950 106.88
3000 107.01
3040 107.10
3070 107.16
3110 107.24
3150 107.30
3200 107.38
3250 107.46
3300 107.54
3350 107.62
3400 107.69
3450 107.74
3500 107.76
3550 107.73
3600 107.67
3650 107.57
3700 107.48
3750 107.38
3820 107.20
3870 107.02
3950 106.60
4000 106.25
4060 105.75
4120 105.17
4180 104.53
4250 103.73
4310 103.02
4370 102.28
4440 101.41
4500 100.64
4550 99.99
4620 99.10
4680 98.43
4750 97.87
4820 97.58
4870 97.45
4940 97.24
5000 97.02
5080 96.66
5150 96.33
5220 95.98
5300 95.61
5380 95.26
5450 94.98
5520 94.73
5600 94.47
5700 94.20
5800 93.99
5900 93.83
6000 93.73
6080 93.69
6150 93.69
6220 93.72
6300 93.77
6400 93.88
6500 94.05
6600 94.27
6700 94.55
6800 94.87
6900 95.25
7000 95.69
7100 96.20
7200 96.79
7300 97.45
7400 98.20
7500 99.04
7620 100.19
7750 101.62
7880 103.28
8000 105.02
8120 106.94
8250 108.95
8380 110.24
8500 110.28
8620 109.32
8750 107.82
8850 106.70
9000 105.29
9120 104.39
9250 103.64
9380 103.08
9500 102.73
9620 102.51
9750 102.41
9880 102.44
10000 102.58
10150 102.83
10300 103.18
10440 103.83
10600 104.49
10750 105.08
10900 105.61
11060 106.01
11200 106.06
11380 105.75
11500 105.37
11720 104.37
11800 103.96
12060 102.50
12200 101.62
12410 100.31
12500 99.72
12650 98.77
12800 97.95
13150 96.99
13200 96.97
13400 97.50
13600 98.29
13800 98.47
14000 97.40
14300 94.88
14500 93.06
14750 90.94
15000 89.03
15250 87.25
15500 85.71
15750 86.00
16000 85.03
16250 84.37
16500 84.16
16750 84.46
17000 85.46
17250 86.79
17500 86.51
17750 84.94
18000 81.75
18250 77.48
18500 73.72
18750 70.38
19000 67.65
19250 65.14
19500 63.66
19750 61.75
20000 58.72
