20.000000	108.262
20.299999	108.249
20.600000	108.235
20.900000	108.219
21.200001	108.203
21.400000	108.194
21.799999	108.176
22.000000	108.168
22.400000	108.151
22.700001	108.139
23.000000	108.127
23.299999	108.114
23.600000	108.099
24.000000	108.078
24.299999	108.062
24.700001	108.041
25.000000	108.028
25.400000	108.014
25.799999	108.002
26.200001	107.988
26.500000	107.976
26.900000	107.955
27.200001	107.936
27.600000	107.912
28.000000	107.890
28.500000	107.867
29.000000	107.844
29.500000	107.819
30.000000	107.791
30.400000	107.768
30.700001	107.750
31.100000	107.724
31.500000	107.697
32.000000	107.665
32.500000	107.635
33.000000	107.609
33.500000	107.583
34.000000	107.551
34.500000	107.524
35.000000	107.493
35.500000	107.459
36.000000	107.428
36.500000	107.401
37.000000	107.374
37.500000	107.342
38.200001	107.289
38.700001	107.254
39.500000	107.201
40.000000	107.164
40.599998	107.119
41.200001	107.075
41.799999	107.030
42.500000	106.975
43.099998	106.930
43.700001	106.888
44.400002	106.834
45.000000	106.786
45.500000	106.751
46.200001	106.709
46.799999	106.668
47.500000	106.607
48.200001	106.540
48.700001	106.497
49.400002	106.446
50.000000	106.402
50.799999	106.332
51.500000	106.261
52.200001	106.202
53.000000	106.149
53.799999	106.098
54.500000	106.072
55.200001	106.077
56.000000	106.098
57.000000	106.102
58.000000	106.072
59.000000	106.022
60.000000	105.952
60.799999	105.890
61.500000	105.836
62.200001	105.784
63.000000	105.726
64.000000	105.659
65.000000	105.591
66.000000	105.515
67.000000	105.445
68.000000	105.378
69.000000	105.312
70.000000	105.246
71.000000	105.180
72.000000	105.109
73.000000	105.039
74.000000	104.967
75.000000	104.904
76.199997	104.822
77.500000	104.735
78.800003	104.653
80.000000	104.569
81.199997	104.497
82.500000	104.413
83.800003	104.324
85.000000	104.246
86.199997	104.169
87.500000	104.083
88.500000	104.021
90.000000	103.923
91.199997	103.849
92.500000	103.766
93.800003	103.684
95.000000	103.613
96.199997	103.541
97.500000	103.464
98.800003	103.389
100.000000	103.319
101.500000	103.226
103.000000	103.135
104.400002	103.056
106.000000	102.961
107.500000	102.875
109.000000	102.788
110.599998	102.702
112.000000	102.623
113.800003	102.527
115.000000	102.465
117.199997	102.353
118.000000	102.307
120.599998	102.179
122.000000	102.105
124.099998	101.992
125.000000	101.946
126.500000	101.865
128.000000	101.786
131.500000	101.602
132.000000	101.577
134.000000	101.472
136.000000	101.366
138.000000	101.259
140.000000	101.152
143.000000	100.988
145.000000	100.883
147.500000	100.746
150.000000	100.610
152.500000	100.472
155.000000	100.353
157.500000	100.279
160.000000	100.260
162.500000	100.287
165.000000	100.298
167.500000	100.274
170.000000	100.216
172.500000	100.141
175.000000	100.048
177.500000	99.950
180.000000	99.852
182.500000	99.751
185.000000	99.656
187.500000	99.561
190.000000	99.466
192.500000	99.370
195.000000	99.274
197.500000	99.179
200.000000	99.093
203.000000	98.978
206.000000	98.870
209.000000	98.764
212.000000	98.662
214.000000	98.594
218.000000	98.468
220.000000	98.397
224.000000	98.276
227.000000	98.191
230.000000	98.111
233.000000	98.043
236.000000	97.976
240.000000	97.906
243.000000	97.854
247.000000	97.788
250.000000	97.732
254.000000	97.650
258.000000	97.565
262.000000	97.478
265.000000	97.411
269.000000	97.323
272.000000	97.256
276.000000	97.162
280.000000	97.079
285.000000	96.970
290.000000	96.867
295.000000	96.775
300.000000	96.670
304.000000	96.597
307.000000	96.533
311.000000	96.458
315.000000	96.379
320.000000	96.279
325.000000	96.183
330.000000	96.089
335.000000	96.000
340.000000	95.905
345.000000	95.822
350.000000	95.745
355.000000	95.667
360.000000	95.587
365.000000	95.514
370.000000	95.444
375.000000	95.372
382.000000	95.278
387.000000	95.213
395.000000	95.121
400.000000	95.061
406.000000	94.999
412.000000	94.930
418.000000	94.862
425.000000	94.780
431.000000	94.715
437.000000	94.650
444.000000	94.575
450.000000	94.513
455.000000	94.466
462.000000	94.388
468.000000	94.332
475.000000	94.267
482.000000	94.202
487.000000	94.161
494.000000	94.101
500.000000	94.046
508.000000	93.983
515.000000	93.935
522.000000	93.886
530.000000	93.830
538.000000	93.784
545.000000	93.734
552.000000	93.688
560.000000	93.638
570.000000	93.575
580.000000	93.520
590.000000	93.465
600.000000	93.419
608.000000	93.383
615.000000	93.355
622.000000	93.325
630.000000	93.301
640.000000	93.268
650.000000	93.233
660.000000	93.217
670.000000	93.195
680.000000	93.179
690.000000	93.158
700.000000	93.145
710.000000	93.133
720.000000	93.135
730.000000	93.136
740.000000	93.148
750.000000	93.166
762.000000	93.183
775.000000	93.176
788.000000	93.151
800.000000	93.091
812.000000	92.995
825.000000	92.849
838.000000	92.744
850.000000	92.701
862.000000	92.738
875.000000	92.782
885.000000	92.824
900.000000	92.907
912.000000	92.938
925.000000	93.003
938.000000	93.059
950.000000	93.127
962.000000	93.180
975.000000	93.248
988.000000	93.317
1000.000000	93.398
1015.000000	93.457
1030.000000	93.538
1044.000000	93.610
1060.000000	93.701
1075.000000	93.778
1090.000000	93.816
1106.000000	93.885
1120.000000	93.939
1138.000000	94.023
1150.000000	94.057
1172.000000	94.138
1180.000000	94.166
1206.000000	94.268
1220.000000	94.360
1241.000000	94.525
1250.000000	94.587
1265.000000	94.715
1280.000000	94.830
1315.000000	95.103
1320.000000	95.136
1340.000000	95.300
1360.000000	95.496
1380.000000	95.658
1400.000000	95.826
1430.000000	96.066
1450.000000	96.220
1475.000000	96.417
1500.000000	96.625
1525.000000	96.828
1550.000000	96.978
1575.000000	97.131
1600.000000	97.290
1625.000000	97.446
1650.000000	97.600
1675.000000	97.771
1700.000000	97.930
1725.000000	98.090
1750.000000	98.241
1775.000000	98.396
1800.000000	98.558
1825.000000	98.706
1850.000000	98.863
1875.000000	99.009
1900.000000	99.169
1925.000000	99.309
1950.000000	99.455
1975.000000	99.597
2000.000000	99.736
2030.000000	99.893
2060.000000	100.050
2090.000000	100.206
2120.000000	100.345
2140.000000	100.433
2180.000000	100.601
2200.000000	100.676
2240.000000	100.825
2270.000000	100.920
2300.000000	101.006
2330.000000	101.082
2360.000000	101.150
2400.000000	101.218
2430.000000	101.266
2470.000000	101.308
2500.000000	101.329
2540.000000	101.348
2580.000000	101.350
2620.000000	101.351
2650.000000	101.343
2690.000000	101.325
2720.000000	101.304
2760.000000	101.272
2800.000000	101.242
2850.000000	101.213
2900.000000	101.191
2950.000000	101.181
3000.000000	101.168
3040.000000	101.157
3070.000000	101.160
3110.000000	101.167
3150.000000	101.185
3200.000000	101.199
3250.000000	101.233
3300.000000	101.271
3350.000000	101.330
3400.000000	101.388
3450.000000	101.447
3500.000000	101.527
3550.000000	101.596
3600.000000	101.673
3650.000000	101.745
3700.000000	101.822
3750.000000	101.880
3820.000000	101.933
3870.000000	101.948
3950.000000	101.922
4000.000000	101.852
4060.000000	101.706
4120.000000	101.497
4180.000000	101.219
4250.000000	100.823
4310.000000	100.409
4370.000000	99.957
4440.000000	99.366
4500.000000	98.824
4550.000000	98.351
4620.000000	97.653
4680.000000	97.015
4750.000000	96.231
4820.000000	95.408
4870.000000	94.784
4940.000000	93.895
5000.000000	93.903
5080.000000	93.417
5150.000000	93.195
5220.000000	93.073
5300.000000	93.016
5380.000000	93.024
5450.000000	93.124
5520.000000	93.276
5600.000000	93.473
5700.000000	93.675
5800.000000	93.736
5900.000000	93.666
6000.000000	93.496
6080.000000	93.340
6150.000000	93.220
6220.000000	93.106
6300.000000	93.008
6400.000000	92.932
6500.000000	92.928
6600.000000	92.971
6700.000000	93.101
6800.000000	93.293
6900.000000	93.582
7000.000000	93.927
7100.000000	94.365
7200.000000	94.939
7300.000000	95.617
7400.000000	96.428
7500.000000	97.374
7620.000000	98.701
7750.000000	100.353
7880.000000	102.019
8000.000000	103.064
8120.000000	102.914
8250.000000	101.434
8380.000000	99.490
8500.000000	97.783
8620.000000	96.284
8750.000000	94.887
8850.000000	93.956
9000.000000	92.802
9120.000000	92.047
9250.000000	91.344
9380.000000	90.799
9500.000000	90.398
9620.000000	90.092
9750.000000	89.877
9880.000000	89.771
10000.000000	89.767
10150.000000	89.833
10300.000000	90.016
10440.000000	90.276
10600.000000	90.669
10750.000000	91.114
10900.000000	91.586
11060.000000	92.065
11200.000000	92.429
11380.000000	92.729
11500.000000	92.778
11720.000000	92.505
11800.000000	92.327
12060.000000	91.607
12200.000000	91.204
12410.000000	90.866
12500.000000	90.760
12650.000000	90.594
12800.000000	90.398
13150.000000	89.750
13200.000000	89.634
13400.000000	89.047
13600.000000	88.423
13800.000000	88.267
14000.000000	87.939
14300.000000	88.001
14500.000000	88.336
14750.000000	89.029
15000.000000	89.878
15250.000000	90.332
15500.000000	89.945
15750.000000	88.820
16000.000000	87.519
16250.000000	86.278
16500.000000	85.370
16750.000000	84.653
17000.000000	83.427
17250.000000	78.684
17500.000000	79.135
17750.000000	76.974
18000.000000	74.442
18250.000000	72.113
18500.000000	70.287
18750.000000	68.765
19000.000000	68.191
19250.000000	67.701
19500.000000	66.363
19750.000000	65.064
20000.000000	63.455
