20 97.25
20.2909066988 97.32
20.5860447329 97.39
20.8854756485 97.46
21.1892618872 97.53
21.4974667984 97.59
21.8101546533 97.66
22.1273906578 97.73
22.4492409662 97.79
22.7757726951 97.85
23.1070539374 97.92
23.4431537764 97.98
23.7841423001 98.03
24.130090616 98.09
24.4810708661 98.15
24.8371562415 98.21
25.1984209979 98.26
25.5649404712 98.31
25.936791093 98.36
26.3140504067 98.41
26.6967970834 98.46
27.0851109387 98.51
27.4790729492 98.55
27.878765269 98.59
28.2842712475 98.63
28.6956754462 98.67
29.1130636568 98.71
29.5365229188 98.75
29.9661415375 98.78
30.402009103 98.82
30.8442165082 98.85
31.2928559682 98.88
31.7480210394 98.92
32.209806639 98.94
32.6783090648 98.97
33.1536260154 99.00
33.6358566101 99.03
34.1251014105 99.06
34.6214624402 99.08
35.1250432075 99.10
35.6359487256 99.13
36.1542855356 99.15
36.6801617282 99.16
37.2136869661 99.18
37.7549725073 99.20
38.3041312279 99.21
38.8612776461 99.22
39.4265279456 99.24
40 99.25
40.5818133975 99.25
41.1720894657 99.26
41.7709512971 99.26
42.3785237744 99.27
42.9949335968 99.27
43.6203093066 99.26
44.2547813156 99.26
44.8984819324 99.26
45.5515453903 99.25
46.2141078749 99.24
46.8863075528 99.23
47.5682846001 99.22
48.260181232 99.21
48.9621417322 99.19
49.6743124829 99.18
50.3968419958 99.16
51.1298809424 99.14
51.873582186 99.11
52.6281008133 99.09
53.3935941668 99.06
54.1702218775 99.03
54.9581458983 99.00
55.757530538 98.97
56.5685424949 98.93
57.3913508924 98.89
58.2261273137 98.85
59.0730458376 98.81
59.9322830751 98.77
60.804018206 98.72
61.6884330163 98.68
62.5857119363 98.63
63.4960420787 98.57
64.419613278 98.52
65.3566181296 98.46
66.3072520307 98.41
67.2717132203 98.35
68.2502028209 98.28
69.2429248805 98.22
70.2500864149 98.15
71.2718974512 98.08
72.3085710713 98.01
73.3603234564 97.94
74.4273739322 97.87
75.5099450145 97.80
76.6082624559 97.72
77.7225552923 97.64
78.8530558912 97.56
80 97.48
81.163626795 97.40
82.3441789315 97.31
83.5419025942 97.22
84.7570475487 97.13
85.9898671937 97.04
87.2406186132 96.94
88.5095626311 96.84
89.7969638648 96.74
91.1030907805 96.64
92.4282157498 96.53
93.7726151055 96.43
95.1365692002 96.32
96.520362464 96.21
97.9242834644 96.09
99.3486249659 95.98
100.7936839916 95.86
102.2597618848 95.74
103.7471643721 95.62
105.2562016267 95.49
106.7871883336 95.37
108.340443755 95.24
109.9162917966 95.11
111.5150610759 94.98
113.1370849898 94.85
114.7827017849 94.71
116.4522546274 94.58
118.1460916752 94.44
119.8645661501 94.30
121.6080364119 94.16
123.3768660326 94.02
125.1714238726 93.87
126.9920841575 93.73
128.8392265559 93.58
130.7132362593 93.43
132.6145040614 93.28
134.5434264406 93.13
136.5004056418 92.98
138.485849761 92.83
140.5001728299 92.67
142.5437949025 92.52
144.6171421426 92.37
146.7206469127 92.21
148.8547478643 92.05
151.0198900291 91.90
153.2165249118 91.74
155.4451105846 91.59
157.7061117824 91.43
160 91.28
162.32725359 91.12
164.688357863 90.97
167.0838051884 90.82
169.5140950975 90.67
171.9797343873 90.52
174.4812372264 90.37
177.0191252622 90.22
179.5939277295 90.08
182.2061815611 89.93
184.8564314996 89.79
187.5452302111 89.65
190.2731384004 89.50
193.0407249281 89.37
195.8485669287 89.23
198.6972499318 89.09
201.5873679832 88.95
204.5195237697 88.82
207.4943287442 88.68
210.5124032534 88.54
213.5743766672 88.40
216.6808875099 88.27
219.8325835933 88.14
223.0301221518 88.03
226.2741699797 87.97
229.5654035698 87.95
232.9045092548 88.00
236.2921833503 88.10
239.7291323003 88.21
243.2160728239 88.34
246.7537320653 88.47
250.3428477452 88.56
253.9841683149 88.60
257.6784531119 88.59
261.4264725186 88.54
265.2290081229 88.49
269.0868528812 88.44
273.0008112836 88.38
276.971699522 88.33
281.0003456597 88.29
285.0875898049 88.25
289.2342842852 88.22
293.4412938255 88.19
297.7094957287 88.16
302.0397800581 88.13
306.4330498235 88.11
310.8902211692 88.09
315.4122235649 88.07
320 88.05
324.65450718 88.04
329.3767157259 88.03
334.1676103768 88.01
339.028190195 88.00
343.9594687746 87.99
348.9624744529 87.98
354.0382505244 87.98
359.187855459 87.97
364.4123631221 87.97
369.7128629991 87.97
375.0904604222 87.96
380.5462768009 87.96
386.0814498562 87.96
391.6971338575 87.95
397.3944998635 87.95
403.1747359664 87.95
409.0390475393 87.95
414.9886574883 87.94
421.0248065068 87.94
427.1487533344 87.94
433.3617750198 87.93
439.6651671866 87.93
446.0602443037 87.93
452.5483399594 87.93
459.1308071395 87.92
465.8090185095 87.92
472.5843667007 87.92
479.4582646005 87.91
486.4321456477 87.90
493.5074641306 87.89
500.6856954905 87.88
507.9683366298 87.88
515.3569062238 87.87
522.8529450372 87.87
530.4580162458 87.86
538.1737057624 87.85
546.0016225673 87.85
553.9433990439 87.85
562.0006913195 87.84
570.1751796098 87.83
578.4685685703 87.83
586.882587651 87.82
595.4189914574 87.82
604.0795601163 87.81
612.8660996471 87.81
621.7804423383 87.80
630.8244471297 87.80
640 87.80
649.30901436 87.79
658.7534314519 87.79
668.3352207536 87.79
678.05638039 87.79
687.9189375493 87.80
697.9249489058 87.80
708.0765010489 87.81
718.375710918 87.82
728.8247262443 87.83
739.4257259983 87.84
750.1809208443 87.85
761.0925536018 87.87
772.1628997124 87.88
783.394267715 87.90
794.7889997271 87.93
806.3494719327 87.96
818.0780950787 88.00
829.9773149767 88.03
842.0496130136 88.07
854.2975066688 88.11
866.7235500396 88.16
879.3303343732 88.20
892.1204886074 88.25
905.0966799188 88.31
918.2616142791 88.37
931.618037019 88.44
945.1687334013 88.51
958.9165292011 88.59
972.8642912955 88.67
987.0149282611 88.75
1001.371390981 88.83
1015.9366732597 88.91
1030.7138124476 89.00
1045.7058900743 89.09
1060.9160324916 89.18
1076.3474115248 89.27
1092.0032451345 89.36
1107.8867980879 89.45
1124.0013826389 89.54
1140.3503592197 89.63
1156.9371371406 89.72
1173.765175302 89.81
1190.8379829148 89.89
1208.1591202326 89.98
1225.7321992942 90.07
1243.5608846767 90.17
1261.6488942595 90.26
1280 90.36
1298.6180287201 90.46
1317.5068629037 90.57
1336.6704415071 90.68
1356.1127607799 90.80
1375.8378750985 90.92
1395.8498978116 91.03
1416.1530020977 91.12
1436.751421836 91.12
1457.6494524886 91.03
1478.8514519966 90.89
1500.3618416887 90.83
1522.1851072035 90.89
1544.3257994247 91.02
1566.78853543 91.17
1589.5779994541 91.31
1612.6989438655 91.43
1636.1561901574 91.53
1659.9546299533 91.64
1684.0992260271 91.78
1708.5950133377 91.92
1733.4471000793 92.05
1758.6606687464 92.16
1784.2409772148 92.21
1810.1933598376 92.19
1836.5232285581 92.16
1863.2360740381 92.19
1890.3374668026 92.31
1917.8330584022 92.49
1945.7285825909 92.68
1974.0298565222 92.87
2002.742781962 93.07
2031.8733465194 93.27
2061.4276248951 93.47
2091.4117801487 93.67
2121.8320649832 93.87
2152.6948230496 94.07
2184.0064902691 94.27
2215.7735961758 94.48
2248.0027652779 94.69
2280.7007184393 94.91
2313.8742742813 95.13
2347.530350604 95.35
2381.6759658296 95.58
2416.3182404652 95.81
2451.4643985884 96.04
2487.1217693533 96.27
2523.297788519 96.50
2560.0000000001 96.72
2597.2360574402 96.93
2635.0137258074 97.14
2673.3408830143 97.35
2712.2255215599 97.55
2751.6757501971 97.75
2791.6997956232 97.93
2832.3060041955 98.10
2873.5028436721 98.22
2915.2989049772 98.30
2957.7029039931 98.34
3000.7236833774 98.35
3044.3702144071 98.32
3088.6515988494 98.28
3133.57707086 98.22
3179.1559989082 98.14
3225.397887731 98.05
3272.3123803148 97.95
3319.9092599067 97.84
3368.1984520542 97.71
3417.1900266754 97.58
3466.8942001586 97.44
3517.3213374928 97.31
3568.4819544296 97.18
3620.3867196753 97.05
3673.0464571163 96.93
3726.4721480761 96.81
3780.6749336053 96.68
3835.6661168044 96.56
3891.4571651819 96.43
3948.0597130445 96.31
4005.4855639241 96.19
4063.7466930387 96.07
4122.8552497902 95.96
4182.8235602974 95.85
4243.6641299665 95.75
4305.3896460992 95.64
4368.0129805382 95.54
4431.5471923516 95.43
4496.0055305558 95.31
4561.4014368787 95.20
4627.7485485626 95.08
4695.0607012081 94.98
4763.3519316592 94.88
4832.6364809305 94.79
4902.9287971769 94.71
4974.2435387067 94.63
5046.595577038 94.55
5120.0000000002 94.47
5194.4721148803 94.37
5270.0274516149 94.27
5346.6817660286 94.16
5424.4510431198 94.05
5503.3515003942 93.93
5583.3995912463 93.81
5664.6120083911 93.68
5747.0056873442 93.55
5830.5978099545 93.42
5915.4058079863 93.29
6001.4473667548 93.16
6088.7404288142 93.03
6177.3031976989 92.91
6267.1541417201 92.80
6358.3119978165 92.71
6450.795775462 92.63
6544.6247606297 92.57
6639.8185198134 92.52
6736.3969041085 92.49
6834.3800533509 92.46
6933.7884003172 92.44
7034.6426749857 92.42
7136.9639088592 92.42
7240.7734393506 92.42
7346.0929142326 92.43
7452.9442961523 92.44
7561.3498672106 92.46
7671.3322336089 92.50
7782.9143303638 92.56
7896.119426089 92.65
8010.9711278481 92.77
8127.4933860775 92.93
8245.7104995805 93.15
8365.6471205948 93.43
8487.328259933 93.77
8610.7792921984 94.16
8736.0259610765 94.58
8863.0943847033 95.00
8992.0110611117 95.35
9122.8028737575 95.52
9255.4970971253 95.45
9390.1214024162 95.08
9526.7038633184 94.44
9665.272961861 93.58
9805.8575943538 92.59
9948.4870774134 91.55
10093.191154076 90.51
10240.0000000005 89.51
10388.9442297607 88.56
10540.0549032298 87.66
10693.3635320572 86.83
10848.9020862397 86.07
11006.7030007884 85.36
11166.7991824927 84.71
11329.2240167822 84.11
11494.0113746885 83.57
11661.1956199091 83.08
11830.8116159726 82.65
12002.8947335097 82.28
12177.4808576284 81.97
12354.6063953979 81.72
12534.3082834402 81.54
12716.6239956331 81.43
12901.5915509241 81.40
13089.2495212594 81.46
13279.637039627 81.61
13472.7938082171 81.86
13668.7601067018 82.21
13867.5768006344 82.68
14069.2853499715 83.26
14273.9278177184 83.97
14481.5468787012 84.86
14692.1858284653 85.97
14905.8885923047 87.28
15122.6997344212 88.81
15342.6644672179 90.40
15565.8286607277 91.68
15792.2388521781 92.08
16021.9422556964 91.41
16254.9867721551 90.05
16491.4209991611 88.56
16731.2942411897 87.26
16974.656519866 86.26
17221.5585843969 85.59
17472.0519221531 85.25
17726.1887694067 85.27
17984.0221222235 85.63
18245.605747515 86.26
18510.9941942506 86.77
18780.2428048326 86.43
19053.4077266369 84.78
19330.545923722 82.26
19611.7151887077 79.70
19896.9741548268 77.71
20186.382308152 77.37
