20.000000	93.982
20.290907	93.970
20.586045	93.960
20.885476	93.949
21.189262	93.940
21.497467	93.928
21.810155	93.916
22.127391	93.906
22.449241	93.896
22.775773	93.885
23.107054	93.873
23.443154	93.858
23.784142	93.841
24.130091	93.826
24.481071	93.809
24.837156	93.790
25.198421	93.767
25.564940	93.742
25.936791	93.714
26.314050	93.685
26.696797	93.654
27.085111	93.622
27.479073	93.588
27.878765	93.554
28.284271	93.521
28.695675	93.489
29.113064	93.458
29.536523	93.428
29.966142	93.400
30.402009	93.377
30.844217	93.356
31.292856	93.334
31.748021	93.311
32.209807	93.287
32.678309	93.262
33.153626	93.235
33.635857	93.209
34.125101	93.180
34.621462	93.148
35.125043	93.115
35.635949	93.081
36.154286	93.044
36.680162	93.004
37.213687	92.965
37.754973	92.931
38.304131	92.900
38.861278	92.870
39.426528	92.835
40.000000	92.801
40.581813	92.771
41.172089	92.740
41.770951	92.703
42.378524	92.664
42.994934	92.627
43.620309	92.589
44.254781	92.547
44.898482	92.503
45.551545	92.462
46.214108	92.422
46.886308	92.380
47.568285	92.337
48.260181	92.294
48.962142	92.251
49.674312	92.208
50.396842	92.164
51.129881	92.119
51.873582	92.073
52.628101	92.028
53.393594	91.983
54.170222	91.938
54.958146	91.892
55.757531	91.844
56.568542	91.789
57.391351	91.741
58.226127	91.700
59.073046	91.646
59.932283	91.570
60.804018	91.521
61.688433	91.471
62.585712	91.413
63.496042	91.361
64.419613	91.307
65.356618	91.248
66.307252	91.195
67.271713	91.142
68.250203	91.076
69.242925	91.018
70.250086	90.961
71.271897	90.901
72.308571	90.842
73.360323	90.783
74.427374	90.722
75.509945	90.658
76.608262	90.597
77.722555	90.532
78.853056	90.467
80.000000	90.403
81.163627	90.337
82.344179	90.272
83.541903	90.214
84.757048	90.137
85.989867	90.070
87.240619	90.000
88.509563	89.936
89.796964	89.861
91.103091	89.796
92.428216	89.720
93.772615	89.652
95.136569	89.585
96.520362	89.519
97.924283	89.453
99.348625	89.371
100.793684	89.300
102.259762	89.229
103.747164	89.151
105.256202	89.076
106.787188	89.003
108.340444	88.931
109.916292	88.858
111.515061	88.786
113.137085	88.711
114.782702	88.634
116.452255	88.551
118.146092	88.481
119.864566	88.396
121.608036	88.326
123.376866	88.258
125.171424	88.176
126.992084	88.097
128.839227	88.015
130.713236	87.935
132.614504	87.857
134.543426	87.780
136.500406	87.699
138.485850	87.617
140.500173	87.534
142.543795	87.449
144.617142	87.366
146.720647	87.288
148.854748	87.200
151.019890	87.109
153.216525	87.017
155.445111	86.921
157.706112	86.819
160.000000	86.726
162.327254	86.614
164.688358	86.519
167.083805	86.426
169.514095	86.330
171.979734	86.234
174.481237	86.140
177.019125	86.064
179.593928	85.998
182.206182	85.889
184.856431	85.826
187.545230	85.722
190.273138	85.633
193.040725	85.549
195.848567	85.503
198.697250	85.455
201.587368	85.366
204.519524	85.291
207.494329	85.265
210.512403	85.244
213.574377	85.179
216.680888	85.153
219.832584	85.152
223.030122	85.137
226.274170	85.126
229.565404	85.107
232.904509	85.061
236.292183	84.994
239.729132	84.784
243.216073	84.841
246.753732	84.798
250.342848	84.699
253.984168	84.612
257.678453	84.520
261.426473	84.441
265.229008	84.355
269.086853	84.238
273.000811	84.175
276.971700	84.114
281.000346	84.013
285.087590	83.935
289.234284	83.860
293.441294	83.778
297.709496	83.702
302.039780	83.626
306.433050	83.545
310.890221	83.466
315.412224	83.393
320.000000	83.325
324.654507	83.258
329.376716	83.202
334.167610	83.152
339.028190	83.112
343.959469	83.076
348.962474	83.033
354.038251	82.980
359.187855	82.927
364.412363	82.860
369.712863	82.799
375.090460	82.735
380.546277	82.671
386.081450	82.609
391.697134	82.544
397.394500	82.479
403.174736	82.418
409.039048	82.359
414.988657	82.299
421.024807	82.241
427.148753	82.186
433.361775	82.129
439.665167	82.075
446.060244	82.024
452.548340	81.971
459.130807	81.921
465.809019	81.872
472.584367	81.825
479.458265	81.778
486.432146	81.737
493.507464	81.690
500.685695	81.652
507.968337	81.613
515.356906	81.575
522.852945	81.533
530.458016	81.496
538.173706	81.463
546.001623	81.427
553.943399	81.392
562.000691	81.360
570.175180	81.331
578.468569	81.299
586.882588	81.272
595.418991	81.246
604.079560	81.222
612.866100	81.199
621.780442	81.180
630.824447	81.160
640.000000	81.146
649.309014	81.128
658.753431	81.120
668.335221	81.109
678.056380	81.100
687.918938	81.096
697.924949	81.094
708.076501	81.093
718.375711	81.095
728.824726	81.102
739.425726	81.114
750.180921	81.129
761.092554	81.144
772.162900	81.168
783.394268	81.196
794.789000	81.232
806.349472	81.270
818.078095	81.313
829.977315	81.364
842.049613	81.419
854.297507	81.477
866.723550	81.543
879.330334	81.616
892.120489	81.692
905.096680	81.777
918.261614	81.875
931.618037	81.975
945.168733	82.081
958.916529	82.193
972.864291	82.313
987.014928	82.439
1001.371391	82.572
1015.936673	82.707
1030.713812	82.849
1045.705890	82.992
1060.916032	83.143
1076.347412	83.296
1092.003245	83.450
1107.886798	83.607
1124.001383	83.767
1140.350359	83.922
1156.937137	84.083
1173.765175	84.241
1190.837983	84.394
1208.159120	84.545
1225.732199	84.672
1243.560885	84.793
1261.648894	84.923
1280.000000	85.055
1298.618029	85.190
1317.506863	85.331
1336.670442	85.470
1356.112761	85.628
1375.837875	85.791
1395.849898	85.954
1416.153002	86.098
1436.751422	86.222
1457.649452	86.287
1478.851452	86.290
1500.361842	86.239
1522.185107	86.196
1544.325799	86.240
1566.788535	86.367
1589.577999	86.556
1612.698944	86.783
1636.156190	87.030
1659.954630	87.284
1684.099226	87.540
1708.595013	87.800
1733.447100	88.060
1758.660669	88.317
1784.240977	88.576
1810.193360	88.834
1836.523229	89.091
1863.236074	89.348
1890.337467	89.608
1917.833058	89.866
1945.728583	90.122
1974.029857	90.377
2002.742782	90.625
2031.873347	90.869
2061.427625	91.104
2091.411780	91.330
2121.832065	91.541
2152.694823	91.734
2184.006490	91.915
2215.773596	92.067
2248.002765	92.203
2280.700718	92.308
2313.874274	92.383
2347.530351	92.427
2381.675966	92.437
2416.318240	92.421
2451.464399	92.373
2487.121769	92.300
2523.297789	92.196
2560.000000	92.069
2597.236057	91.919
2635.013726	91.751
2673.340883	91.569
2712.225522	91.378
2751.675750	91.185
2791.699796	90.992
2832.306004	90.799
2873.502844	90.607
2915.298905	90.417
2957.702904	90.232
3000.723683	90.054
3044.370214	89.880
3088.651599	89.704
3133.577071	89.530
3179.155999	89.368
3225.397888	89.216
3272.312380	89.075
3319.909260	88.943
3368.198452	88.821
3417.190027	88.709
3466.894200	88.600
3517.321337	88.497
3568.481954	88.410
3620.386720	88.337
3673.046457	88.281
3726.472148	88.244
3780.674934	88.227
3835.666117	88.224
3891.457165	88.247
3948.059713	88.292
4005.485564	88.359
4063.746693	88.444
4122.855250	88.560
4182.823560	88.707
4243.664130	88.884
4305.389646	89.092
4368.012981	89.343
4431.547192	89.634
4496.005531	89.962
4561.401437	90.336
4627.748549	90.748
4695.060701	91.207
4763.351932	91.715
4832.636481	92.273
4902.928797	92.870
4974.243539	93.505
5046.595577	94.181
5120.000000	94.873
5194.472115	95.548
5270.027452	96.143
5346.681766	96.581
5424.451043	96.790
5503.351500	96.689
5583.399591	96.287
5664.612008	95.655
5747.005687	94.910
5830.597810	94.108
5915.405808	93.300
6001.447367	92.521
6088.740429	91.805
6177.303198	91.163
6267.154142	90.591
6358.311998	90.097
6450.795775	89.676
6544.624761	89.331
6639.818520	89.063
6736.396904	88.875
6834.380053	88.779
6933.788400	88.797
7034.642675	88.936
7136.963909	89.175
7240.773439	89.528
7346.092914	90.003
7452.944296	90.612
7561.349867	91.378
7671.332234	92.325
7782.914330	93.414
7896.119426	94.501
8010.971128	95.306
8127.493386	95.218
8245.710500	93.984
8365.647121	92.099
8487.328260	90.100
8610.779292	88.209
8736.025961	86.500
8863.094385	84.970
8992.011061	83.615
9122.802874	82.419
9255.497097	81.348
9390.121402	80.407
9526.703863	79.576
9665.272962	78.843
9805.857594	78.201
9948.487077	77.655
10093.191154	77.202
10240.000000	76.833
10388.944230	76.560
10540.054903	76.371
10693.363532	76.276
10848.902086	76.301
11006.703001	76.432
11166.799182	76.667
11329.224017	77.053
11494.011375	77.561
11661.195620	78.330
11830.811616	79.298
12002.894734	80.526
12177.480858	81.983
12354.606395	83.638
12534.308283	85.029
12716.623996	85.557
12901.591551	84.771
13089.249521	83.335
13279.637040	81.450
13472.793808	79.508
13668.760107	77.874
13867.576801	76.582
14069.285350	75.634
14273.927818	74.893
14481.546879	74.417
14692.185828	74.242
14905.888592	74.342
15122.699734	74.697
15342.664467	75.367
15565.828661	76.442
15792.238852	77.886
16021.942256	79.353
16254.986772	79.962
16491.420999	78.846
16731.294241	76.575
16974.656520	74.166
17221.558584	72.072
17472.051922	70.402
17726.188769	69.141
17984.022122	68.258
18245.605748	67.804
18510.994194	67.677
18780.242805	67.953
19053.407727	68.446
19330.545924	68.985
19611.715189	68.905
19896.974155	68.680
20186.382308	68.680
