20.000000	93.903
20.290907	93.943
20.586045	93.972
20.885476	94.001
21.189262	94.037
21.497467	94.081
21.810155	94.131
22.127391	94.184
22.449241	94.233
22.775773	94.271
23.107054	94.302
23.443154	94.330
23.784142	94.361
24.130091	94.398
24.481071	94.438
24.837156	94.479
25.198421	94.517
25.564940	94.553
25.936791	94.589
26.314050	94.624
26.696797	94.658
27.085111	94.686
27.479073	94.710
27.878765	94.731
28.284271	94.752
28.695675	94.771
29.113064	94.789
29.536523	94.806
29.966142	94.826
30.402009	94.850
30.844217	94.871
31.292856	94.890
31.748021	94.907
32.209807	94.924
32.678309	94.942
33.153626	94.961
33.635857	94.981
34.125101	94.997
34.621462	95.007
35.125043	95.015
35.635949	95.020
36.154286	95.029
36.680162	95.042
37.213687	95.055
37.754973	95.059
38.304131	95.058
38.861278	95.059
39.426528	95.063
40.000000	95.066
40.581813	95.066
41.172089	95.070
41.770951	95.079
42.378524	95.082
42.994934	95.077
43.620309	95.071
44.254781	95.068
44.898482	95.066
45.551545	95.063
46.214108	95.057
46.886308	95.046
47.568285	95.037
48.260181	95.033
48.962142	95.028
49.674312	95.015
50.396842	95.001
51.129881	94.986
51.873582	94.973
52.628101	94.963
53.393594	94.949
54.170222	94.929
54.958146	94.910
55.757531	94.889
56.568542	94.864
57.391351	94.844
58.226127	94.825
59.073046	94.791
59.932283	94.762
60.804018	94.745
61.688433	94.716
62.585712	94.692
63.496042	94.660
64.419613	94.631
65.356618	94.617
66.307252	94.599
67.271713	94.563
68.250203	94.526
69.242925	94.489
70.250086	94.458
71.271897	94.428
72.308571	94.393
73.360323	94.358
74.427374	94.322
75.509945	94.284
76.608262	94.245
77.722555	94.208
78.853056	94.166
80.000000	94.125
81.163627	94.080
82.344179	94.046
83.541903	93.995
84.757048	93.954
85.989867	93.911
87.240619	93.863
88.509563	93.823
89.796964	93.775
91.103091	93.724
92.428216	93.677
93.772615	93.628
95.136569	93.578
96.520362	93.527
97.924283	93.478
99.348625	93.428
100.793684	93.379
102.259762	93.326
103.747164	93.275
105.256202	93.217
106.787188	93.163
108.340444	93.113
109.916292	93.061
111.515061	93.006
113.137085	92.950
114.782702	92.892
116.452255	92.839
118.146092	92.782
119.864566	92.727
121.608036	92.671
123.376866	92.613
125.171424	92.556
126.992084	92.496
128.839227	92.438
130.713236	92.378
132.614504	92.319
134.543426	92.265
136.500406	92.212
138.485850	92.133
140.500173	92.070
142.543795	92.006
144.617142	91.950
146.720647	91.880
148.854748	91.814
151.019890	91.748
153.216525	91.674
155.445111	91.597
157.706112	91.523
160.000000	91.451
162.327254	91.373
164.688358	91.291
167.083805	91.211
169.514095	91.137
171.979734	91.070
174.481237	90.998
177.019125	90.933
179.593928	90.865
182.206182	90.817
184.856431	90.746
187.545230	90.681
190.273138	90.610
193.040725	90.541
195.848567	90.496
198.697250	90.440
201.587368	90.380
204.519524	90.320
207.494329	90.262
210.512403	90.200
213.574377	90.128
216.680888	90.075
219.832584	90.005
223.030122	89.931
226.274170	89.855
229.565404	89.786
232.904509	89.714
236.292183	89.641
239.729132	89.554
243.216073	89.497
246.753732	89.428
250.342848	89.350
253.984168	89.300
257.678453	89.241
261.426473	89.173
265.229008	89.101
269.086853	89.015
273.000811	88.940
276.971700	88.850
281.000346	88.761
285.087590	88.691
289.234284	88.658
293.441294	88.603
297.709496	88.612
302.039780	88.660
306.433050	88.725
310.890221	88.846
315.412224	88.933
320.000000	88.986
324.654507	88.968
329.376716	88.939
334.167610	88.885
339.028190	88.826
343.959469	88.762
348.962474	88.703
354.038251	88.645
359.187855	88.591
364.412363	88.527
369.712863	88.474
375.090460	88.420
380.546277	88.373
386.081450	88.318
391.697134	88.262
397.394500	88.217
403.174736	88.179
409.039048	88.145
414.988657	88.115
421.024807	88.082
427.148753	88.049
433.361775	88.012
439.665167	87.979
446.060244	87.945
452.548340	87.909
459.130807	87.869
465.809019	87.837
472.584367	87.810
479.458265	87.778
486.432146	87.756
493.507464	87.735
500.685695	87.716
507.968337	87.700
515.356906	87.689
522.852945	87.673
530.458016	87.660
538.173706	87.649
546.001623	87.637
553.943399	87.628
562.000691	87.622
570.175180	87.614
578.468569	87.610
586.882588	87.603
595.418991	87.598
604.079560	87.595
612.866100	87.593
621.780442	87.593
630.824447	87.593
640.000000	87.598
649.309014	87.605
658.753431	87.618
668.335221	87.631
678.056380	87.643
687.918938	87.660
697.924949	87.679
708.076501	87.704
718.375711	87.728
728.824726	87.755
739.425726	87.793
750.180921	87.830
761.092554	87.868
772.162900	87.913
783.394268	87.966
794.789000	88.022
806.349472	88.083
818.078095	88.152
829.977315	88.225
842.049613	88.306
854.297507	88.395
866.723550	88.489
879.330334	88.591
892.120489	88.602
905.096680	88.495
918.261614	88.467
931.618037	88.584
945.168733	88.802
958.916529	89.225
972.864291	89.501
987.014928	89.651
1001.371391	89.787
1015.936673	89.931
1030.713812	90.083
1045.705890	90.243
1060.916032	90.411
1076.347412	90.581
1092.003245	90.754
1107.886798	90.936
1124.001383	91.118
1140.350359	91.306
1156.937137	91.496
1173.765175	91.687
1190.837983	91.883
1208.159120	92.077
1225.732199	92.258
1243.560885	92.437
1261.648894	92.619
1280.000000	92.808
1298.618029	92.998
1317.506863	93.192
1336.670442	93.395
1356.112761	93.619
1375.837875	93.857
1395.849898	94.106
1416.153002	94.359
1436.751422	94.616
1457.649452	94.879
1478.851452	95.146
1500.361842	95.409
1522.185107	95.670
1544.325799	95.932
1566.788535	96.183
1589.577999	96.416
1612.698944	96.624
1636.156190	96.802
1659.954630	96.946
1684.099226	97.052
1708.595013	97.116
1733.447100	97.137
1758.660669	97.116
1784.240977	97.057
1810.193360	96.964
1836.523229	96.839
1863.236074	96.686
1890.337467	96.511
1917.833058	96.316
1945.728583	96.107
1974.029857	95.884
2002.742782	95.651
2031.873347	95.409
2061.427625	95.164
2091.411780	94.912
2121.832065	94.661
2152.694823	94.407
2184.006490	94.154
2215.773596	93.905
2248.002765	93.656
2280.700718	93.412
2313.874274	93.170
2347.530351	92.933
2381.675966	92.700
2416.318240	92.475
2451.464399	92.261
2487.121769	92.054
2523.297789	91.854
2560.000000	91.660
2597.236057	91.475
2635.013726	91.297
2673.340883	91.126
2712.225522	90.963
2751.675750	90.808
2791.699796	90.664
2832.306004	90.529
2873.502844	90.402
2915.298905	90.285
2957.702904	90.177
3000.723683	90.075
3044.370214	89.985
3088.651599	89.904
3133.577071	89.831
3179.155999	89.769
3225.397888	89.717
3272.312380	89.681
3319.909260	89.662
3368.198452	89.662
3417.190027	89.674
3466.894200	89.690
3517.321337	89.710
3568.481954	89.745
3620.386720	89.796
3673.046457	89.865
3726.472148	89.949
3780.674934	90.056
3835.666117	90.183
3891.457165	90.340
3948.059713	90.518
4005.485564	90.725
4063.746693	90.951
4122.855250	91.208
4182.823560	91.483
4243.664130	91.782
4305.389646	92.110
4368.012981	92.464
4431.547192	92.843
4496.005531	93.227
4561.401437	93.613
4627.748549	93.984
4695.060701	94.313
4763.351932	94.581
4832.636481	94.754
4902.928797	94.775
4974.243539	94.664
5046.595577	94.396
5120.000000	94.009
5194.472115	93.507
5270.027452	92.928
5346.681766	92.303
5424.451043	91.655
5503.351500	90.996
5583.399591	90.349
5664.612008	89.733
5747.005687	89.145
5830.597810	88.587
5915.405808	88.060
6001.447367	87.564
6088.740429	87.116
6177.303198	86.702
6267.154142	86.328
6358.311998	85.977
6450.795775	85.739
6544.624761	85.553
6639.818520	85.485
6736.396904	85.562
6834.380053	85.532
6933.788400	85.601
7034.642675	85.793
7136.963909	86.087
7240.773439	86.498
7346.092914	87.034
7452.944296	87.711
7561.349867	88.554
7671.332234	89.563
7782.914330	90.664
7896.119426	91.684
8010.971128	92.294
8127.493386	91.992
8245.710500	90.683
8365.647121	88.838
8487.328260	86.911
8610.779292	85.078
8736.025961	83.400
8863.094385	81.869
8992.011061	80.470
9122.802874	79.191
9255.497097	78.030
9390.121402	76.971
9526.703863	76.007
9665.272962	75.103
9805.857594	74.297
9948.487077	73.551
10093.191154	72.888
10240.000000	72.279
10388.944230	71.717
10540.054903	71.236
10693.363532	70.806
10848.902086	70.443
11006.703001	70.123
11166.799182	69.885
11329.224017	69.693
11494.011375	69.606
11661.195620	69.570
11830.811616	69.574
12002.894734	69.679
12177.480858	69.837
12354.606395	70.087
12534.308283	70.431
12716.623996	70.889
12901.591551	71.502
13089.249521	72.233
13279.637040	73.118
13472.793808	74.282
13668.760107	75.770
13867.576801	77.706
14069.285350	80.240
14273.927818	83.293
14481.546879	85.749
14692.185828	84.321
14905.888592	81.616
15122.699734	78.989
15342.664467	77.007
15565.828661	75.633
15792.238852	74.752
16021.942256	74.287
16254.986772	74.159
16491.420999	74.482
16731.294241	75.235
16974.656520	76.324
17221.558584	77.469
17472.051922	77.580
17726.188769	75.801
17984.022122	73.092
18245.605748	70.393
18510.994194	68.217
18780.242805	66.391
19053.407727	65.055
19330.545924	64.034
19611.715189	63.240
19896.974155	62.904
20186.382308	62.904
