20 92.74
20.2909066988 92.76
20.5860447329 92.79
20.8854756485 92.80
21.1892618872 92.82
21.4974667984 92.82
21.8101546533 92.81
22.1273906578 92.81
22.4492409662 92.81
22.7757726951 92.81
23.1070539374 92.81
23.4431537764 92.82
23.7841423001 92.83
24.130090616 92.83
24.4810708661 92.84
24.8371562415 92.85
25.1984209979 92.86
25.5649404712 92.86
25.936791093 92.86
26.3140504067 92.86
26.6967970834 92.87
27.0851109387 92.87
27.4790729492 92.87
27.878765269 92.86
28.2842712475 92.86
28.6956754462 92.86
29.1130636568 92.86
29.5365229188 92.86
29.9661415375 92.85
30.402009103 92.85
30.8442165082 92.84
31.2928559682 92.84
31.7480210394 92.84
32.209806639 92.84
32.6783090648 92.84
33.1536260154 92.84
33.6358566101 92.85
34.1251014105 92.86
34.6214624402 92.86
35.1250432075 92.86
35.6359487256 92.85
36.1542855356 92.85
36.6801617282 92.85
37.2136869661 92.84
37.7549725073 92.84
38.3041312279 92.84
38.8612776461 92.84
39.4265279456 92.84
40 92.82
40.5818133975 92.82
41.1720894657 92.82
41.7709512971 92.82
42.3785237744 92.81
42.9949335968 92.79
43.6203093066 92.78
44.2547813156 92.76
44.8984819324 92.75
45.5515453903 92.76
46.2141078749 92.77
46.8863075528 92.78
47.5682846001 92.77
48.260181232 92.74
48.9621417322 92.72
49.6743124829 92.70
50.3968419958 92.68
51.1298809424 92.68
51.873582186 92.69
52.6281008133 92.69
53.3935941668 92.67
54.1702218775 92.67
54.9581458983 92.66
55.757530538 92.64
56.5685424949 92.62
57.3913508924 92.60
58.2261273137 92.58
59.0730458376 92.56
59.9322830751 92.55
60.804018206 92.52
61.6884330163 92.50
62.5857119363 92.52
63.4960420787 92.52
64.419613278 92.50
65.3566181296 92.47
66.3072520307 92.43
67.2717132203 92.40
68.2502028209 92.40
69.2429248805 92.40
70.2500864149 92.38
71.2718974512 92.35
72.3085710713 92.33
73.3603234564 92.32
74.4273739322 92.32
75.5099450145 92.30
76.6082624559 92.25
77.7225552923 92.23
78.8530558912 92.20
80 92.18
81.163626795 92.15
82.3441789315 92.12
83.5419025942 92.10
84.7570475487 92.08
85.9898671937 92.06
87.2406186132 92.02
88.5095626311 91.99
89.7969638648 91.96
91.1030907805 91.93
92.4282157498 91.90
93.7726151055 91.87
95.1365692002 91.85
96.520362464 91.81
97.9242834644 91.78
99.3486249659 91.75
100.7936839916 91.71
102.2597618848 91.68
103.7471643721 91.65
105.2562016267 91.61
106.7871883336 91.57
108.340443755 91.54
109.9162917966 91.50
111.5150610759 91.47
113.1370849898 91.43
114.7827017849 91.40
116.4522546274 91.36
118.1460916752 91.32
119.8645661501 91.28
121.6080364119 91.24
123.3768660326 91.20
125.1714238726 91.15
126.9920841575 91.12
128.8392265559 91.07
130.7132362593 91.02
132.6145040614 90.98
134.5434264406 90.94
136.5004056418 90.88
138.485849761 90.84
140.5001728299 90.81
142.5437949025 90.75
144.6171421426 90.70
146.7206469127 90.63
148.8547478643 90.57
151.0198900291 90.52
153.2165249118 90.45
155.4451105846 90.38
157.7061117824 90.33
160 90.24
162.32725359 90.18
164.688357863 90.13
167.0838051884 90.05
169.5140950975 89.99
171.9797343873 89.93
174.4812372264 89.87
177.0191252622 89.82
179.5939277295 89.75
182.2061815611 89.70
184.8564314996 89.65
187.5452302111 89.57
190.2731384004 89.52
193.0407249281 89.46
195.8485669287 89.41
198.6972499318 89.36
201.5873679832 89.32
204.5195237697 89.26
207.4943287442 89.22
210.5124032534 89.17
213.5743766672 89.13
216.6808875099 89.06
219.8325835933 88.99
223.0301221518 88.96
226.2741699797 88.90
229.5654035698 88.85
232.9045092548 88.79
236.2921833503 88.73
239.7291323003 88.65
243.2160728239 88.62
246.7537320653 88.58
250.3428477452 88.51
253.9841683149 88.46
257.6784531119 88.40
261.4264725186 88.33
265.2290081229 88.26
269.0868528812 88.19
273.0008112836 88.12
276.971699522 88.06
281.0003456597 88.01
285.0875898049 87.97
289.2342842852 87.92
293.4412938255 87.88
297.7094957287 87.83
302.0397800581 87.77
306.4330498235 87.71
310.8902211692 87.65
315.4122235649 87.59
320 87.52
324.65450718 87.46
329.3767157259 87.40
334.1676103768 87.34
339.028190195 87.28
343.9594687746 87.22
348.9624744529 87.16
354.0382505244 87.09
359.187855459 87.03
364.4123631221 86.96
369.7128629991 86.90
375.0904604222 86.86
380.5462768009 86.80
386.0814498562 86.74
391.6971338575 86.68
397.3944998635 86.61
403.1747359664 86.53
409.0390475393 86.42
414.9886574883 86.31
421.0248065068 86.21
427.1487533344 86.11
433.3617750198 86.02
439.6651671866 85.94
446.0602443037 85.87
452.5483399594 85.81
459.1308071395 85.75
465.8090185095 85.71
472.5843667007 85.67
479.4582646005 85.63
486.4321456477 85.59
493.5074641306 85.56
500.6856954905 85.52
507.9683366298 85.49
515.3569062238 85.46
522.8529450372 85.43
530.4580162458 85.40
538.1737057624 85.37
546.0016225673 85.34
553.9433990439 85.30
562.0006913195 85.27
570.1751796098 85.22
578.4685685703 85.18
586.882587651 85.15
595.4189914574 85.11
604.0795601163 85.08
612.8660996471 85.05
621.7804423383 85.02
630.8244471297 85.00
640 84.99
649.30901436 84.97
658.7534314519 84.96
668.3352207536 84.95
678.05638039 84.95
687.9189375493 84.96
697.9249489058 84.96
708.0765010489 84.97
718.375710918 84.98
728.8247262443 85.01
739.4257259983 85.03
750.1809208443 85.07
761.0925536018 85.10
772.1628997124 85.15
783.394267715 85.20
794.7889997271 85.26
806.3494719327 85.33
818.0780950787 85.40
829.9773149767 85.47
842.0496130136 85.55
854.2975066688 85.63
866.7235500396 85.72
879.3303343732 85.80
892.1204886074 85.89
905.0966799188 85.98
918.2616142791 86.08
931.618037019 86.18
945.1687334013 86.27
958.9165292011 86.38
972.8642912955 86.48
987.0149282611 86.58
1001.371390981 86.69
1015.9366732597 86.80
1030.7138124476 86.92
1045.7058900743 87.03
1060.9160324916 87.15
1076.3474115248 87.26
1092.0032451345 87.38
1107.8867980879 87.50
1124.0013826389 87.62
1140.3503592197 87.74
1156.9371371406 87.86
1173.765175302 87.98
1190.8379829148 88.09
1208.1591202326 88.21
1225.7321992942 88.31
1243.5608846767 88.39
1261.6488942595 88.48
1280 88.57
1298.6180287201 88.66
1317.5068629037 88.75
1336.6704415071 88.84
1356.1127607799 88.94
1375.8378750985 89.05
1395.8498978116 89.17
1416.1530020977 89.29
1436.751421836 89.41
1457.6494524886 89.54
1478.8514519966 89.66
1500.3618416887 89.79
1522.1851072035 89.93
1544.3257994247 90.08
1566.78853543 90.23
1589.5779994541 90.39
1612.6989438655 90.56
1636.1561901574 90.73
1659.9546299533 90.90
1684.0992260271 91.09
1708.5950133377 91.27
1733.4471000793 91.47
1758.6606687464 91.67
1784.2409772148 91.87
1810.1933598376 92.08
1836.5232285581 92.30
1863.2360740381 92.52
1890.3374668026 92.75
1917.8330584022 92.99
1945.7285825909 93.24
1974.0298565222 93.48
2002.742781962 93.74
2031.8733465194 94.00
2061.4276248951 94.26
2091.4117801487 94.52
2121.8320649832 94.78
2152.6948230496 95.04
2184.0064902691 95.30
2215.7735961758 95.55
2248.0027652779 95.79
2280.7007184393 96.01
2313.8742742813 96.23
2347.530350604 96.42
2381.6759658296 96.59
2416.3182404652 96.74
2451.4643985884 96.86
2487.1217693533 96.96
2523.297788519 97.02
2560.0000000001 97.06
2597.2360574402 97.06
2635.0137258074 97.03
2673.3408830143 96.98
2712.2255215599 96.90
2751.6757501971 96.79
2791.6997956232 96.68
2832.3060041955 96.54
2873.5028436721 96.39
2915.2989049772 96.24
2957.7029039931 96.08
3000.7236833774 95.92
3044.3702144071 95.76
3088.6515988494 95.60
3133.57707086 95.44
3179.1559989082 95.29
3225.397887731 95.15
3272.3123803148 95.03
3319.9092599067 94.92
3368.1984520542 94.83
3417.1900266754 94.75
3466.8942001586 94.68
3517.3213374928 94.62
3568.4819544296 94.57
3620.3867196753 94.54
3673.0464571163 94.53
3726.4721480761 94.54
3780.6749336053 94.57
3835.6661168044 94.64
3891.4571651819 94.73
3948.0597130445 94.85
4005.4855639241 95.00
4063.7466930387 95.18
4122.8552497902 95.39
4182.8235602974 95.62
4243.6641299665 95.89
4305.3896460992 96.18
4368.0129805382 96.51
4431.5471923516 96.87
4496.0055305558 97.22
4561.4014368787 97.55
4627.7485485626 97.85
4695.0607012081 98.21
4763.3519316592 98.59
4832.6364809305 98.90
4902.9287971769 99.13
4974.2435387067 99.23
5046.595577038 99.11
5120.0000000002 98.82
5194.4721148803 98.37
5270.0274516149 97.79
5346.6817660286 97.16
5424.4510431198 96.49
5503.3515003942 95.82
5583.3995912463 95.16
5664.6120083911 94.55
5747.0056873442 93.98
5830.5978099545 93.45
5915.4058079863 92.97
6001.4473667548 92.54
6088.7404288142 92.17
6177.3031976989 91.85
6267.1541417201 91.59
6358.3119978165 91.37
6450.795775462 91.20
6544.6247606297 91.07
6639.8185198134 90.99
6736.3969041085 90.97
6834.3800533509 91.02
6933.7884003172 91.17
7034.6426749857 91.42
7136.9639088592 91.76
7240.7734393506 92.20
7346.0929142326 92.75
7452.9442961523 93.43
7561.3498672106 94.24
7671.3322336089 95.20
7782.9143303638 96.25
7896.119426089 97.27
8010.9711278481 98.10
8127.4933860775 98.36
8245.7104995805 97.78
8365.6471205948 96.53
8487.328259933 95.04
8610.7792921984 93.54
8736.0259610765 92.15
8863.0943847033 90.91
8992.0110611117 89.82
9122.8028737575 88.91
9255.4970971253 88.15
9390.1214024162 87.54
9526.7038633184 87.07
9665.272961861 86.76
9805.8575943538 86.60
9948.4870774134 86.62
10093.191154076 86.83
10240.0000000005 87.24
10388.9442297607 87.86
10540.0549032298 88.63
10693.3635320572 89.27
10848.9020862397 89.32
11006.7030007884 88.69
11166.7991824927 87.70
11329.2240167822 86.43
11494.0113746885 84.91
11661.1956199091 83.13
11830.8116159726 81.32
12002.8947335097 79.58
12177.4808576284 77.97
12354.6063953979 76.48
12534.3082834402 75.10
12716.6239956331 73.88
12901.5915509241 72.83
13089.2495212594 71.85
13279.637039627 71.01
13472.7938082171 70.28
13668.7601067018 69.70
13867.5768006344 69.28
14069.2853499715 69.03
14273.9278177184 68.91
14481.5468787012 69.03
14692.1858284653 69.42
14905.8885923047 70.04
15122.6997344212 70.97
15342.6644672179 72.27
15565.8286607277 73.99
15792.2388521781 75.91
16021.9422556964 77.31
16254.9867721551 76.83
16491.4209991611 74.62
16731.2942411897 72.17
16974.656519866 70.02
17221.5585843969 68.31
17472.0519221531 67.04
17726.1887694067 66.08
17984.0221222235 65.62
18245.605747515 65.59
18510.9941942506 65.79
18780.2428048326 66.12
19053.4077266369 66.01
19330.545923722 65.09
19611.7151887077 63.77
19896.9741548268 63.17
20186.382308152 63.17
