20 85.08
20.2909066988 85.25
20.5860447329 85.42
20.8854756485 85.57
21.1892618872 85.70
21.4974667984 85.82
21.8101546533 85.93
22.1273906578 86.02
22.4492409662 86.10
22.7757726951 86.17
23.1070539374 86.22
23.4431537764 86.26
23.7841423001 86.28
24.130090616 86.30
24.4810708661 86.33
24.8371562415 86.37
25.1984209979 86.42
25.5649404712 86.46
25.936791093 86.51
26.3140504067 86.57
26.6967970834 86.65
27.0851109387 86.74
27.4790729492 86.83
27.878765269 86.93
28.2842712475 87.03
28.6956754462 87.14
29.1130636568 87.23
29.5365229188 87.32
29.9661415375 87.40
30.402009103 87.47
30.8442165082 87.53
31.2928559682 87.57
31.7480210394 87.61
32.209806639 87.64
32.6783090648 87.67
33.1536260154 87.69
33.6358566101 87.72
34.1251014105 87.75
34.6214624402 87.78
35.1250432075 87.82
35.6359487256 87.87
36.1542855356 87.92
36.6801617282 87.97
37.2136869661 88.02
37.7549725073 88.08
38.3041312279 88.13
38.8612776461 88.17
39.4265279456 88.20
40 88.23
40.5818133975 88.26
41.1720894657 88.29
41.7709512971 88.31
42.3785237744 88.33
42.9949335968 88.36
43.6203093066 88.38
44.2547813156 88.41
44.8984819324 88.43
45.5515453903 88.45
46.2141078749 88.48
46.8863075528 88.50
47.5682846001 88.53
48.260181232 88.54
48.9621417322 88.56
49.6743124829 88.58
50.3968419958 88.60
51.1298809424 88.62
51.873582186 88.63
52.6281008133 88.65
53.3935941668 88.66
54.1702218775 88.67
54.9581458983 88.68
55.757530538 88.68
56.5685424949 88.69
57.3913508924 88.69
58.2261273137 88.70
59.0730458376 88.71
59.9322830751 88.72
60.804018206 88.73
61.6884330163 88.74
62.5857119363 88.74
63.4960420787 88.74
64.419613278 88.73
65.3566181296 88.73
66.3072520307 88.73
67.2717132203 88.73
68.2502028209 88.73
69.2429248805 88.73
70.2500864149 88.73
71.2718974512 88.72
72.3085710713 88.72
73.3603234564 88.71
74.4273739322 88.71
75.5099450145 88.70
76.6082624559 88.70
77.7225552923 88.69
78.8530558912 88.68
80 88.67
81.163626795 88.66
82.3441789315 88.64
83.5419025942 88.64
84.7570475487 88.62
85.9898671937 88.61
87.2406186132 88.59
88.5095626311 88.57
89.7969638648 88.55
91.1030907805 88.54
92.4282157498 88.53
93.7726151055 88.51
95.1365692002 88.49
96.520362464 88.47
97.9242834644 88.45
99.3486249659 88.43
100.7936839916 88.41
102.2597618848 88.39
103.7471643721 88.36
105.2562016267 88.33
106.7871883336 88.31
108.340443755 88.28
109.9162917966 88.26
111.5150610759 88.23
113.1370849898 88.21
114.7827017849 88.18
116.4522546274 88.14
118.1460916752 88.11
119.8645661501 88.08
121.6080364119 88.05
123.3768660326 88.02
125.1714238726 87.99
126.9920841575 87.95
128.8392265559 87.92
130.7132362593 87.89
132.6145040614 87.86
134.5434264406 87.82
136.5004056418 87.78
138.485849761 87.74
140.5001728299 87.70
142.5437949025 87.66
144.6171421426 87.63
146.7206469127 87.59
148.8547478643 87.55
151.0198900291 87.51
153.2165249118 87.46
155.4451105846 87.43
157.7061117824 87.40
160 87.37
162.32725359 87.33
164.688357863 87.29
167.0838051884 87.27
169.5140950975 87.25
171.9797343873 87.21
174.4812372264 87.15
177.0191252622 87.02
179.5939277295 86.85
182.2061815611 86.71
184.8564314996 86.58
187.5452302111 86.53
190.2731384004 86.48
193.0407249281 86.49
195.8485669287 86.49
198.6972499318 86.50
201.5873679832 86.49
204.5195237697 86.46
207.4943287442 86.42
210.5124032534 86.38
213.5743766672 86.33
216.6808875099 86.28
219.8325835933 86.23
223.0301221518 86.17
226.2741699797 86.10
229.5654035698 86.02
232.9045092548 85.98
236.2921833503 85.94
239.7291323003 85.88
243.2160728239 85.83
246.7537320653 85.77
250.3428477452 85.71
253.9841683149 85.65
257.6784531119 85.59
261.4264725186 85.54
265.2290081229 85.48
269.0868528812 85.42
273.0008112836 85.36
276.971699522 85.31
281.0003456597 85.25
285.0875898049 85.19
289.2342842852 85.13
293.4412938255 85.07
297.7094957287 85.01
302.0397800581 84.95
306.4330498235 84.89
310.8902211692 84.83
315.4122235649 84.77
320 84.72
324.65450718 84.66
329.3767157259 84.60
334.1676103768 84.54
339.028190195 84.48
343.9594687746 84.43
348.9624744529 84.38
354.0382505244 84.33
359.187855459 84.27
364.4123631221 84.22
369.7128629991 84.16
375.0904604222 84.11
380.5462768009 84.06
386.0814498562 84.01
391.6971338575 83.96
397.3944998635 83.91
403.1747359664 83.86
409.0390475393 83.81
414.9886574883 83.76
421.0248065068 83.71
427.1487533344 83.66
433.3617750198 83.61
439.6651671866 83.57
446.0602443037 83.53
452.5483399594 83.48
459.1308071395 83.44
465.8090185095 83.40
472.5843667007 83.36
479.4582646005 83.32
486.4321456477 83.27
493.5074641306 83.24
500.6856954905 83.21
507.9683366298 83.17
515.3569062238 83.14
522.8529450372 83.11
530.4580162458 83.08
538.1737057624 83.05
546.0016225673 83.02
553.9433990439 82.99
562.0006913195 82.97
570.1751796098 82.95
578.4685685703 82.92
586.882587651 82.90
595.4189914574 82.89
604.0795601163 82.87
612.8660996471 82.86
621.7804423383 82.84
630.8244471297 82.83
640 82.82
649.30901436 82.81
658.7534314519 82.80
668.3352207536 82.79
678.05638039 82.77
687.9189375493 82.73
697.9249489058 82.62
708.0765010489 82.70
718.375710918 82.83
728.8247262443 82.89
739.4257259983 82.92
750.1809208443 82.94
761.0925536018 82.97
772.1628997124 83.00
783.394267715 83.04
794.7889997271 83.09
806.3494719327 83.15
818.0780950787 83.22
829.9773149767 83.30
842.0496130136 83.38
854.2975066688 83.45
866.7235500396 83.53
879.3303343732 83.61
892.1204886074 83.70
905.0966799188 83.80
918.2616142791 83.90
931.618037019 84.02
945.1687334013 84.13
958.9165292011 84.23
972.8642912955 84.36
987.0149282611 84.47
1001.371390981 84.57
1015.9366732597 84.72
1030.7138124476 84.84
1045.7058900743 84.96
1060.9160324916 85.09
1076.3474115248 85.22
1092.0032451345 85.35
1107.8867980879 85.49
1124.0013826389 85.61
1140.3503592197 85.75
1156.9371371406 85.89
1173.765175302 86.05
1190.8379829148 86.20
1208.1591202326 86.36
1225.7321992942 86.51
1243.5608846767 86.66
1261.6488942595 86.80
1280 86.95
1298.6180287201 87.08
1317.5068629037 87.23
1336.6704415071 87.38
1356.1127607799 87.51
1375.8378750985 87.66
1395.8498978116 87.80
1416.1530020977 87.95
1436.751421836 88.10
1457.6494524886 88.25
1478.8514519966 88.39
1500.3618416887 88.53
1522.1851072035 88.67
1544.3257994247 88.81
1566.78853543 88.95
1589.5779994541 89.09
1612.6989438655 89.23
1636.1561901574 89.37
1659.9546299533 89.51
1684.0992260271 89.66
1708.5950133377 89.79
1733.4471000793 89.93
1758.6606687464 90.06
1784.2409772148 90.21
1810.1933598376 90.34
1836.5232285581 90.46
1863.2360740381 90.59
1890.3374668026 90.71
1917.8330584022 90.82
1945.7285825909 90.92
1974.0298565222 91.02
2002.742781962 91.07
2031.8733465194 91.17
2061.4276248951 91.22
2091.4117801487 91.27
2121.8320649832 91.29
2152.6948230496 91.30
2184.0064902691 91.29
2215.7735961758 91.27
2248.0027652779 91.24
2280.7007184393 91.18
2313.8742742813 91.11
2347.530350604 91.03
2381.6759658296 90.94
2416.3182404652 90.84
2451.4643985884 90.72
2487.1217693533 90.61
2523.297788519 90.49
2560.0000000001 90.38
2597.2360574402 90.26
2635.0137258074 90.14
2673.3408830143 90.03
2712.2255215599 89.92
2751.6757501971 89.83
2791.6997956232 89.75
2832.3060041955 89.67
2873.5028436721 89.61
2915.2989049772 89.56
2957.7029039931 89.52
3000.7236833774 89.51
3044.3702144071 89.50
3088.6515988494 89.50
3133.57707086 89.53
3179.1559989082 89.59
3225.397887731 89.66
3272.3123803148 89.75
3319.9092599067 89.87
3368.1984520542 90.00
3417.1900266754 90.15
3466.8942001586 90.30
3517.3213374928 90.46
3568.4819544296 90.65
3620.3867196753 90.88
3673.0464571163 91.15
3726.4721480761 91.48
3780.6749336053 91.81
3835.6661168044 92.16
3891.4571651819 92.47
3948.0597130445 92.74
4005.4855639241 92.89
4063.7466930387 92.60
4122.8552497902 92.37
4182.8235602974 92.18
4243.6641299665 91.88
4305.3896460992 91.54
4368.0129805382 91.23
4431.5471923516 91.14
4496.0055305558 91.18
4561.4014368787 91.37
4627.7485485626 91.53
4695.0607012081 91.56
4763.3519316592 91.44
4832.6364809305 91.18
4902.9287971769 90.83
4974.2435387067 90.45
5046.595577038 90.05
5120.0000000002 89.67
5194.4721148803 89.33
5270.0274516149 89.03
5346.6817660286 88.78
5424.4510431198 88.59
5503.3515003942 88.46
5583.3995912463 88.43
5664.6120083911 88.51
5747.0056873442 88.67
5830.5978099545 88.92
5915.4058079863 89.26
6001.4473667548 89.72
6088.7404288142 90.26
6177.3031976989 90.89
6267.1541417201 91.57
6358.3119978165 92.26
6450.795775462 92.79
6544.6247606297 92.99
6639.8185198134 92.74
6736.3969041085 92.04
6834.3800533509 91.04
6933.7884003172 89.94
7034.6426749857 88.91
7136.9639088592 88.01
7240.7734393506 87.27
7346.0929142326 86.68
7452.9442961523 86.28
7561.3498672106 86.02
7671.3322336089 85.90
7782.9143303638 85.87
7896.119426089 85.82
8010.9711278481 85.88
8127.4933860775 86.20
8245.7104995805 86.50
8365.6471205948 86.76
8487.328259933 86.89
8610.7792921984 86.83
8736.0259610765 86.63
8863.0943847033 86.22
8992.0110611117 85.69
9122.8028737575 85.06
9255.4970971253 84.45
9390.1214024162 83.90
9526.7038633184 83.46
9665.272961861 83.16
9805.8575943538 83.00
9948.4870774134 82.97
10093.191154076 83.02
10240.0000000005 83.06
10388.9442297607 82.94
10540.0549032298 82.52
10693.3635320572 81.75
10848.9020862397 80.65
11006.7030007884 79.38
11166.7991824927 78.02
11329.2240167822 76.70
11494.0113746885 75.43
11661.1956199091 74.46
11830.8116159726 73.64
12002.8947335097 73.12
12177.4808576284 72.77
12354.6063953979 72.80
12534.3082834402 73.22
12716.6239956331 74.07
12901.5915509241 75.08
13089.2495212594 76.06
13279.637039627 76.50
13472.7938082171 76.50
13668.7601067018 76.43
13867.5768006344 76.57
14069.2853499715 76.80
14273.9278177184 76.95
14481.5468787012 77.51
14692.1858284653 78.23
14905.8885923047 78.35
15122.6997344212 78.12
15342.6644672179 77.66
15565.8286607277 76.57
15792.2388521781 74.41
16021.9422556964 72.42
16254.9867721551 71.03
16491.4209991611 69.77
16731.2942411897 69.67
16974.656519866 69.77
17221.5585843969 69.94
17472.0519221531 70.23
17726.1887694067 70.06
17984.0221222235 69.42
18245.605747515 68.24
18510.9941942506 70.34
18780.2428048326 71.93
19053.4077266369 72.90
19330.545923722 74.28
19611.7151887077 75.76
19896.9741548268 76.42
20186.382308152 76.42
