20 98.16
20.2909066988 98.19
20.5860447329 98.21
20.8854756485 98.20
21.1892618872 98.16
21.4974667984 98.11
21.8101546533 98.05
22.1273906578 98.02
22.4492409662 98.01
22.7757726951 98.04
23.1070539374 98.07
23.4431537764 98.09
23.7841423001 98.08
24.130090616 98.05
24.4810708661 98.01
24.8371562415 98.00
25.1984209979 98.03
25.5649404712 98.07
25.936791093 98.09
26.3140504067 98.05
26.6967970834 97.94
27.0851109387 97.82
27.4790729492 97.75
27.878765269 97.76
28.2842712475 97.84
28.6956754462 97.90
29.1130636568 97.91
29.5365229188 97.84
29.9661415375 97.73
30.402009103 97.67
30.8442165082 97.67
31.2928559682 97.67
31.7480210394 97.66
32.209806639 97.63
32.6783090648 97.61
33.1536260154 97.59
33.6358566101 97.56
34.1251014105 97.50
34.6214624402 97.44
35.1250432075 97.43
35.6359487256 97.46
36.1542855356 97.48
36.6801617282 97.43
37.2136869661 97.36
37.7549725073 97.31
38.3041312279 97.31
38.8612776461 97.33
39.4265279456 97.32
40 97.24
40.5818133975 97.13
41.1720894657 97.08
41.7709512971 97.09
42.3785237744 97.09
42.9949335968 97.04
43.6203093066 96.94
44.2547813156 96.88
44.8984819324 96.85
45.5515453903 96.82
46.2141078749 96.77
46.8863075528 96.74
47.5682846001 96.74
48.260181232 96.70
48.9621417322 96.61
49.6743124829 96.55
50.3968419958 96.52
51.1298809424 96.48
51.873582186 96.41
52.6281008133 96.35
53.3935941668 96.31
54.1702218775 96.26
54.9581458983 96.21
55.757530538 96.18
56.5685424949 96.14
57.3913508924 96.10
58.2261273137 96.06
59.0730458376 96.01
59.9322830751 95.93
60.804018206 95.90
61.6884330163 95.79
62.5857119363 95.71
63.4960420787 95.67
64.419613278 95.61
65.3566181296 95.55
66.3072520307 95.48
67.2717132203 95.38
68.2502028209 95.39
69.2429248805 95.32
70.2500864149 95.21
71.2718974512 95.20
72.3085710713 95.11
73.3603234564 95.07
74.4273739322 95.01
75.5099450145 94.88
76.6082624559 94.83
77.7225552923 94.82
78.8530558912 94.68
80 94.61
81.163626795 94.59
82.3441789315 94.49
83.5419025942 94.43
84.7570475487 94.36
85.9898671937 94.23
87.2406186132 94.19
88.5095626311 94.13
89.7969638648 94.07
91.1030907805 94.00
92.4282157498 93.94
93.7726151055 93.85
95.1365692002 93.76
96.520362464 93.70
97.9242834644 93.64
99.3486249659 93.55
100.7936839916 93.45
102.2597618848 93.37
103.7471643721 93.30
105.2562016267 93.21
106.7871883336 93.13
108.340443755 93.05
109.9162917966 92.98
111.5150610759 92.92
113.1370849898 92.84
114.7827017849 92.78
116.4522546274 92.69
118.1460916752 92.60
119.8645661501 92.53
121.6080364119 92.46
123.3768660326 92.38
125.1714238726 92.31
126.9920841575 92.22
128.8392265559 92.14
130.7132362593 92.06
132.6145040614 91.97
134.5434264406 91.90
136.5004056418 91.81
138.485849761 91.72
140.5001728299 91.64
142.5437949025 91.58
144.6171421426 91.49
146.7206469127 91.42
148.8547478643 91.35
151.0198900291 91.26
153.2165249118 91.17
155.4451105846 91.08
157.7061117824 91.02
160 90.91
162.32725359 90.83
164.688357863 90.77
167.0838051884 90.70
169.5140950975 90.62
171.9797343873 90.53
174.4812372264 90.46
177.0191252622 90.38
179.5939277295 90.33
182.2061815611 90.22
184.8564314996 90.16
187.5452302111 90.09
190.2731384004 90.02
193.0407249281 89.93
195.8485669287 89.86
198.6972499318 89.79
201.5873679832 89.72
204.5195237697 89.65
207.4943287442 89.58
210.5124032534 89.51
213.5743766672 89.46
216.6808875099 89.39
219.8325835933 89.32
223.0301221518 89.25
226.2741699797 89.18
229.5654035698 89.13
232.9045092548 89.07
236.2921833503 89.00
239.7291323003 88.93
243.2160728239 88.87
246.7537320653 88.81
250.3428477452 88.76
253.9841683149 88.70
257.6784531119 88.64
261.4264725186 88.58
265.2290081229 88.53
269.0868528812 88.47
273.0008112836 88.42
276.971699522 88.38
281.0003456597 88.34
285.0875898049 88.29
289.2342842852 88.24
293.4412938255 88.19
297.7094957287 88.14
302.0397800581 88.10
306.4330498235 88.06
310.8902211692 88.02
315.4122235649 87.98
320 87.94
324.65450718 87.89
329.3767157259 87.87
334.1676103768 87.84
339.028190195 87.80
343.9594687746 87.78
348.9624744529 87.74
354.0382505244 87.72
359.187855459 87.69
364.4123631221 87.67
369.7128629991 87.64
375.0904604222 87.62
380.5462768009 87.60
386.0814498562 87.58
391.6971338575 87.57
397.3944998635 87.55
403.1747359664 87.54
409.0390475393 87.52
414.9886574883 87.51
421.0248065068 87.50
427.1487533344 87.49
433.3617750198 87.48
439.6651671866 87.47
446.0602443037 87.47
452.5483399594 87.46
459.1308071395 87.46
465.8090185095 87.45
472.5843667007 87.45
479.4582646005 87.45
486.4321456477 87.45
493.5074641306 87.46
500.6856954905 87.46
507.9683366298 87.47
515.3569062238 87.46
522.8529450372 87.47
530.4580162458 87.48
538.1737057624 87.49
546.0016225673 87.50
553.9433990439 87.50
562.0006913195 87.51
570.1751796098 87.53
578.4685685703 87.54
586.882587651 87.55
595.4189914574 87.57
604.0795601163 87.58
612.8660996471 87.60
621.7804423383 87.62
630.8244471297 87.64
640 87.66
649.30901436 87.69
658.7534314519 87.72
668.3352207536 87.74
678.05638039 87.76
687.9189375493 87.80
697.9249489058 87.83
708.0765010489 87.86
718.375710918 87.89
728.8247262443 87.92
739.4257259983 87.96
750.1809208443 88.01
761.0925536018 88.06
772.1628997124 88.10
783.394267715 88.15
794.7889997271 88.19
806.3494719327 88.23
818.0780950787 88.28
829.9773149767 88.33
842.0496130136 88.38
854.2975066688 88.43
866.7235500396 88.49
879.3303343732 88.55
892.1204886074 88.62
905.0966799188 88.69
918.2616142791 88.76
931.618037019 88.85
945.1687334013 88.94
958.9165292011 89.04
972.8642912955 89.14
987.0149282611 89.25
1001.371390981 89.38
1015.9366732597 89.51
1030.7138124476 89.64
1045.7058900743 89.80
1060.9160324916 89.95
1076.3474115248 90.11
1092.0032451345 90.28
1107.8867980879 90.45
1124.0013826389 90.63
1140.3503592197 90.81
1156.9371371406 90.99
1173.765175302 91.17
1190.8379829148 91.36
1208.1591202326 91.54
1225.7321992942 91.72
1243.5608846767 91.89
1261.6488942595 92.06
1280 92.23
1298.6180287201 92.39
1317.5068629037 92.55
1336.6704415071 92.70
1356.1127607799 92.85
1375.8378750985 92.99
1395.8498978116 93.13
1416.1530020977 93.27
1436.751421836 93.40
1457.6494524886 93.53
1478.8514519966 93.65
1500.3618416887 93.77
1522.1851072035 93.89
1544.3257994247 94.01
1566.78853543 94.12
1589.5779994541 94.23
1612.6989438655 94.33
1636.1561901574 94.44
1659.9546299533 94.54
1684.0992260271 94.64
1708.5950133377 94.74
1733.4471000793 94.84
1758.6606687464 94.93
1784.2409772148 95.02
1810.1933598376 95.10
1836.5232285581 95.18
1863.2360740381 95.25
1890.3374668026 95.32
1917.8330584022 95.38
1945.7285825909 95.43
1974.0298565222 95.48
2002.742781962 95.51
2031.8733465194 95.53
2061.4276248951 95.54
2091.4117801487 95.53
2121.8320649832 95.50
2152.6948230496 95.45
2184.0064902691 95.40
2215.7735961758 95.31
2248.0027652779 95.21
2280.7007184393 95.08
2313.8742742813 94.94
2347.530350604 94.78
2381.6759658296 94.59
2416.3182404652 94.39
2451.4643985884 94.18
2487.1217693533 93.95
2523.297788519 93.70
2560.0000000001 93.45
2597.2360574402 93.19
2635.0137258074 92.93
2673.3408830143 92.66
2712.2255215599 92.40
2751.6757501971 92.14
2791.6997956232 91.90
2832.3060041955 91.67
2873.5028436721 91.45
2915.2989049772 91.25
2957.7029039931 91.07
3000.7236833774 90.91
3044.3702144071 90.78
3088.6515988494 90.67
3133.57707086 90.59
3179.1559989082 90.53
3225.397887731 90.50
3272.3123803148 90.49
3319.9092599067 90.50
3368.1984520542 90.54
3417.1900266754 90.60
3466.8942001586 90.68
3517.3213374928 90.77
3568.4819544296 90.88
3620.3867196753 91.01
3673.0464571163 91.15
3726.4721480761 91.30
3780.6749336053 91.46
3835.6661168044 91.63
3891.4571651819 91.79
3948.0597130445 91.95
4005.4855639241 92.11
4063.7466930387 92.26
4122.8552497902 92.40
4182.8235602974 92.53
4243.6641299665 92.66
4305.3896460992 92.77
4368.0129805382 92.86
4431.5471923516 92.92
4496.0055305558 92.94
4561.4014368787 92.92
4627.7485485626 92.81
4695.0607012081 92.55
4763.3519316592 92.08
4832.6364809305 91.30
4902.9287971769 90.10
4974.2435387067 88.68
5046.595577038 87.40
5120.0000000002 86.57
5194.4721148803 86.35
5270.0274516149 86.57
5346.6817660286 86.95
5424.4510431198 87.35
5503.3515003942 87.71
5583.3995912463 88.02
5664.6120083911 88.32
5747.0056873442 88.62
5830.5978099545 88.94
5915.4058079863 89.29
6001.4473667548 89.70
6088.7404288142 90.17
6177.3031976989 90.69
6267.1541417201 91.18
6358.3119978165 91.45
6450.795775462 91.67
6544.6247606297 91.96
6639.8185198134 92.04
6736.3969041085 91.70
6834.3800533509 91.11
6933.7884003172 90.49
7034.6426749857 89.98
7136.9639088592 89.63
7240.7734393506 89.43
7346.0929142326 89.28
7452.9442961523 89.10
7561.3498672106 88.80
7671.3322336089 88.36
7782.9143303638 87.79
7896.119426089 87.11
8010.9711278481 86.36
8127.4933860775 85.61
8245.7104995805 84.89
8365.6471205948 84.24
8487.328259933 83.66
8610.7792921984 83.17
8736.0259610765 82.71
8863.0943847033 82.37
8992.0110611117 82.23
9122.8028737575 83.37
9255.4970971253 83.97
9390.1214024162 84.10
9526.7038633184 84.38
9665.272961861 84.90
9805.8575943538 85.60
9948.4870774134 86.50
10093.191154076 87.61
10240.0000000005 88.92
10388.9442297607 90.38
10540.0549032298 91.78
10693.3635320572 92.73
10848.9020862397 92.74
11006.7030007884 91.80
11166.7991824927 90.42
11329.2240167822 88.99
11494.0113746885 87.69
11661.1956199091 86.62
11830.8116159726 85.70
12002.8947335097 84.97
12177.4808576284 84.39
12354.6063953979 84.03
12534.3082834402 83.78
12716.6239956331 83.69
12901.5915509241 83.69
13089.2495212594 83.71
13279.637039627 83.68
13472.7938082171 83.58
13668.7601067018 83.35
13867.5768006344 82.98
14069.2853499715 82.49
14273.9278177184 81.95
14481.5468787012 81.42
14692.1858284653 80.93
14905.8885923047 80.43
15122.6997344212 80.18
15342.6644672179 80.26
15565.8286607277 80.60
15792.2388521781 81.15
16021.9422556964 81.92
16254.9867721551 82.78
16491.4209991611 83.49
16731.2942411897 84.05
16974.656519866 84.60
17221.5585843969 84.73
17472.0519221531 84.34
17726.1887694067 83.25
17984.0221222235 81.27
18245.605747515 78.55
18510.9941942506 74.95
18780.2428048326 70.85
19053.4077266369 66.49
19330.545923722 61.41
19611.7151887077 55.73
19896.9741548268 52.84
20186.382308152 52.84
