20 92.43
20.2909066988 92.55
20.5860447329 92.59
20.8854756485 92.56
21.1892618872 92.50
21.4974667984 92.52
21.8101546533 92.60
22.1273906578 92.75
22.4492409662 92.90
22.7757726951 92.97
23.1070539374 92.95
23.4431537764 92.87
23.7841423001 92.81
24.130090616 92.81
24.4810708661 92.87
24.8371562415 92.93
25.1984209979 92.91
25.5649404712 92.82
25.936791093 92.72
26.3140504067 92.71
26.6967970834 92.86
27.0851109387 93.09
27.4790729492 93.26
27.878765269 93.30
28.2842712475 93.22
28.6956754462 93.12
29.1130636568 93.09
29.5365229188 93.15
29.9661415375 93.25
30.402009103 93.33
30.8442165082 93.36
31.2928559682 93.40
31.7480210394 93.42
32.209806639 93.40
32.6783090648 93.33
33.1536260154 93.26
33.6358566101 93.28
34.1251014105 93.39
34.6214624402 93.52
35.1250432075 93.56
35.6359487256 93.53
36.1542855356 93.52
36.6801617282 93.55
37.2136869661 93.58
37.7549725073 93.58
38.3041312279 93.56
38.8612776461 93.53
39.4265279456 93.50
40 93.49
40.5818133975 93.55
41.1720894657 93.64
41.7709512971 93.68
42.3785237744 93.64
42.9949335968 93.59
43.6203093066 93.61
44.2547813156 93.67
44.8984819324 93.68
45.5515453903 93.63
46.2141078749 93.57
46.8863075528 93.56
47.5682846001 93.57
48.260181232 93.58
48.9621417322 93.58
49.6743124829 93.55
50.3968419958 93.56
51.1298809424 93.61
51.873582186 93.64
52.6281008133 93.60
53.3935941668 93.53
54.1702218775 93.50
54.9581458983 93.51
55.757530538 93.52
56.5685424949 93.51
57.3913508924 93.48
58.2261273137 93.46
59.0730458376 93.45
59.9322830751 93.40
60.804018206 93.40
61.6884330163 93.44
62.5857119363 93.43
63.4960420787 93.39
64.419613278 93.34
65.3566181296 93.28
66.3072520307 93.23
67.2717132203 93.18
68.2502028209 93.15
69.2429248805 93.16
70.2500864149 93.14
71.2718974512 93.15
72.3085710713 93.14
73.3603234564 93.11
74.4273739322 93.07
75.5099450145 93.04
76.6082624559 93.02
77.7225552923 92.99
78.8530558912 92.92
80 92.90
81.163626795 92.82
82.3441789315 92.78
83.5419025942 92.72
84.7570475487 92.70
85.9898671937 92.68
87.2406186132 92.61
88.5095626311 92.57
89.7969638648 92.55
91.1030907805 92.51
92.4282157498 92.47
93.7726151055 92.41
95.1365692002 92.34
96.520362464 92.28
97.9242834644 92.22
99.3486249659 92.19
100.7936839916 92.15
102.2597618848 92.11
103.7471643721 92.06
105.2562016267 92.00
106.7871883336 91.93
108.340443755 91.87
109.9162917966 91.83
111.5150610759 91.79
113.1370849898 91.74
114.7827017849 91.67
116.4522546274 91.63
118.1460916752 91.56
119.8645661501 91.52
121.6080364119 91.46
123.3768660326 91.41
125.1714238726 91.35
126.9920841575 91.30
128.8392265559 91.24
130.7132362593 91.18
132.6145040614 91.12
134.5434264406 91.07
136.5004056418 91.02
138.485849761 90.97
140.5001728299 90.90
142.5437949025 90.84
144.6171421426 90.78
146.7206469127 90.72
148.8547478643 90.67
151.0198900291 90.61
153.2165249118 90.55
155.4451105846 90.50
157.7061117824 90.44
160 90.38
162.32725359 90.33
164.688357863 90.27
167.0838051884 90.21
169.5140950975 90.16
171.9797343873 90.10
174.4812372264 90.05
177.0191252622 89.99
179.5939277295 89.95
182.2061815611 89.87
184.8564314996 89.81
187.5452302111 89.76
190.2731384004 89.70
193.0407249281 89.64
195.8485669287 89.60
198.6972499318 89.54
201.5873679832 89.49
204.5195237697 89.43
207.4943287442 89.38
210.5124032534 89.32
213.5743766672 89.27
216.6808875099 89.22
219.8325835933 89.17
223.0301221518 89.12
226.2741699797 89.06
229.5654035698 89.01
232.9045092548 88.96
236.2921833503 88.91
239.7291323003 88.86
243.2160728239 88.81
246.7537320653 88.77
250.3428477452 88.73
253.9841683149 88.68
257.6784531119 88.63
261.4264725186 88.58
265.2290081229 88.54
269.0868528812 88.49
273.0008112836 88.45
276.971699522 88.40
281.0003456597 88.36
285.0875898049 88.31
289.2342842852 88.27
293.4412938255 88.23
297.7094957287 88.18
302.0397800581 88.14
306.4330498235 88.11
310.8902211692 88.07
315.4122235649 88.03
320 88.00
324.65450718 87.96
329.3767157259 87.92
334.1676103768 87.89
339.028190195 87.85
343.9594687746 87.81
348.9624744529 87.77
354.0382505244 87.73
359.187855459 87.72
364.4123631221 87.68
369.7128629991 87.64
375.0904604222 87.61
380.5462768009 87.57
386.0814498562 87.53
391.6971338575 87.51
397.3944998635 87.48
403.1747359664 87.44
409.0390475393 87.41
414.9886574883 87.38
421.0248065068 87.35
427.1487533344 87.32
433.3617750198 87.29
439.6651671866 87.27
446.0602443037 87.24
452.5483399594 87.21
459.1308071395 87.18
465.8090185095 87.16
472.5843667007 87.13
479.4582646005 87.10
486.4321456477 87.08
493.5074641306 87.05
500.6856954905 87.03
507.9683366298 87.01
515.3569062238 86.98
522.8529450372 86.96
530.4580162458 86.93
538.1737057624 86.90
546.0016225673 86.88
553.9433990439 86.86
562.0006913195 86.83
570.1751796098 86.81
578.4685685703 86.79
586.882587651 86.77
595.4189914574 86.75
604.0795601163 86.73
612.8660996471 86.71
621.7804423383 86.69
630.8244471297 86.67
640 86.65
649.30901436 86.64
658.7534314519 86.62
668.3352207536 86.60
678.05638039 86.58
687.9189375493 86.57
697.9249489058 86.56
708.0765010489 86.55
718.375710918 86.54
728.8247262443 86.53
739.4257259983 86.52
750.1809208443 86.52
761.0925536018 86.51
772.1628997124 86.51
783.394267715 86.51
794.7889997271 86.51
806.3494719327 86.52
818.0780950787 86.53
829.9773149767 86.54
842.0496130136 86.56
854.2975066688 86.59
866.7235500396 86.62
879.3303343732 86.65
892.1204886074 86.69
905.0966799188 86.74
918.2616142791 86.79
931.618037019 86.85
945.1687334013 86.92
958.9165292011 86.99
972.8642912955 87.08
987.0149282611 87.17
1001.371390981 87.28
1015.9366732597 87.38
1030.7138124476 87.50
1045.7058900743 87.63
1060.9160324916 87.76
1076.3474115248 87.90
1092.0032451345 88.05
1107.8867980879 88.20
1124.0013826389 88.36
1140.3503592197 88.52
1156.9371371406 88.68
1173.765175302 88.84
1190.8379829148 89.00
1208.1591202326 89.17
1225.7321992942 89.32
1243.5608846767 89.48
1261.6488942595 89.63
1280 89.77
1298.6180287201 89.91
1317.5068629037 90.05
1336.6704415071 90.18
1356.1127607799 90.31
1375.8378750985 90.44
1395.8498978116 90.57
1416.1530020977 90.69
1436.751421836 90.81
1457.6494524886 90.93
1478.8514519966 91.05
1500.3618416887 91.17
1522.1851072035 91.29
1544.3257994247 91.41
1566.78853543 91.54
1589.5779994541 91.66
1612.6989438655 91.80
1636.1561901574 91.93
1659.9546299533 92.07
1684.0992260271 92.22
1708.5950133377 92.36
1733.4471000793 92.52
1758.6606687464 92.68
1784.2409772148 92.83
1810.1933598376 93.00
1836.5232285581 93.17
1863.2360740381 93.34
1890.3374668026 93.52
1917.8330584022 93.69
1945.7285825909 93.87
1974.0298565222 94.05
2002.742781962 94.22
2031.8733465194 94.39
2061.4276248951 94.54
2091.4117801487 94.68
2121.8320649832 94.81
2152.6948230496 94.92
2184.0064902691 95.01
2215.7735961758 95.07
2248.0027652779 95.11
2280.7007184393 95.13
2313.8742742813 95.11
2347.530350604 95.07
2381.6759658296 94.98
2416.3182404652 94.87
2451.4643985884 94.72
2487.1217693533 94.55
2523.297788519 94.33
2560.0000000001 94.09
2597.2360574402 93.82
2635.0137258074 93.53
2673.3408830143 93.23
2712.2255215599 92.92
2751.6757501971 92.61
2791.6997956232 92.30
2832.3060041955 92.00
2873.5028436721 91.75
2915.2989049772 91.53
2957.7029039931 91.34
3000.7236833774 91.13
3044.3702144071 90.98
3088.6515988494 90.82
3133.57707086 90.68
3179.1559989082 90.58
3225.397887731 90.52
3272.3123803148 90.49
3319.9092599067 90.50
3368.1984520542 90.55
3417.1900266754 90.63
3466.8942001586 90.73
3517.3213374928 90.84
3568.4819544296 90.96
3620.3867196753 91.09
3673.0464571163 91.24
3726.4721480761 91.41
3780.6749336053 91.62
3835.6661168044 91.85
3891.4571651819 92.11
3948.0597130445 92.39
4005.4855639241 92.71
4063.7466930387 93.07
4122.8552497902 93.46
4182.8235602974 93.88
4243.6641299665 94.32
4305.3896460992 94.75
4368.0129805382 95.16
4431.5471923516 95.52
4496.0055305558 95.79
4561.4014368787 95.90
4627.7485485626 95.84
4695.0607012081 95.55
4763.3519316592 95.04
4832.6364809305 94.35
4902.9287971769 93.54
4974.2435387067 92.74
5046.595577038 92.03
5120.0000000002 91.43
5194.4721148803 90.94
5270.0274516149 90.56
5346.6817660286 90.25
5424.4510431198 90.00
5503.3515003942 89.79
5583.3995912463 89.62
5664.6120083911 89.47
5747.0056873442 89.32
5830.5978099545 89.18
5915.4058079863 89.07
6001.4473667548 88.98
6088.7404288142 88.82
6177.3031976989 88.60
6267.1541417201 88.31
6358.3119978165 87.93
6450.795775462 87.47
6544.6247606297 86.93
6639.8185198134 86.32
6736.3969041085 85.67
6834.3800533509 84.98
6933.7884003172 84.29
7034.6426749857 83.61
7136.9639088592 82.96
7240.7734393506 82.37
7346.0929142326 81.89
7452.9442961523 81.57
7561.3498672106 81.30
7671.3322336089 81.06
7782.9143303638 80.87
7896.119426089 80.76
8010.9711278481 80.70
8127.4933860775 80.72
8245.7104995805 80.82
8365.6471205948 80.97
8487.328259933 81.15
8610.7792921984 81.38
8736.0259610765 81.63
8863.0943847033 81.90
8992.0110611117 82.18
9122.8028737575 82.46
9255.4970971253 82.78
9390.1214024162 83.15
9526.7038633184 83.55
9665.272961861 84.06
9805.8575943538 84.67
9948.4870774134 85.43
10093.191154076 86.35
10240.0000000005 87.28
10388.9442297607 88.31
10540.0549032298 89.63
10693.3635320572 91.05
10848.9020862397 92.03
11006.7030007884 91.78
11166.7991824927 90.33
11329.2240167822 88.31
11494.0113746885 86.35
11661.1956199091 84.77
11830.8116159726 83.35
12002.8947335097 82.20
12177.4808576284 81.49
12354.6063953979 81.32
12534.3082834402 81.32
12716.6239956331 81.44
12901.5915509241 81.44
13089.2495212594 81.36
13279.637039627 81.03
13472.7938082171 80.45
13668.7601067018 79.67
13867.5768006344 78.70
14069.2853499715 77.66
14273.9278177184 76.64
14481.5468787012 75.85
14692.1858284653 75.42
14905.8885923047 75.11
15122.6997344212 75.21
15342.6644672179 75.77
15565.8286607277 76.56
15792.2388521781 77.24
16021.9422556964 77.62
16254.9867721551 77.81
16491.4209991611 78.57
16731.2942411897 79.93
16974.656519866 81.71
17221.5585843969 83.52
17472.0519221531 84.37
17726.1887694067 83.68
17984.0221222235 81.95
18245.605747515 79.99
18510.9941942506 77.86
18780.2428048326 75.20
19053.4077266369 71.70
19330.545923722 67.52
19611.7151887077 62.53
19896.9741548268 59.89
20186.382308152 59.89
