20 92.07
20.2909066988 92.08
20.5860447329 92.07
20.8854756485 92.06
21.1892618872 92.05
21.4974667984 92.05
21.8101546533 92.06
22.1273906578 92.07
22.4492409662 92.07
22.7757726951 92.06
23.1070539374 92.05
23.4431537764 92.04
23.7841423001 92.04
24.130090616 92.04
24.4810708661 92.05
24.8371562415 92.05
25.1984209979 92.05
25.5649404712 92.04
25.936791093 92.03
26.3140504067 92.03
26.6967970834 92.02
27.0851109387 92.03
27.4790729492 92.02
27.878765269 92.00
28.2842712475 91.98
28.6956754462 91.96
29.1130636568 91.94
29.5365229188 91.96
29.9661415375 92.00
30.402009103 92.01
30.8442165082 92.00
31.2928559682 91.98
31.7480210394 91.97
32.209806639 91.96
32.6783090648 91.96
33.1536260154 91.96
33.6358566101 91.95
34.1251014105 91.94
34.6214624402 91.93
35.1250432075 91.93
35.6359487256 91.92
36.1542855356 91.92
36.6801617282 91.92
37.2136869661 91.91
37.7549725073 91.89
38.3041312279 91.88
38.8612776461 91.87
39.4265279456 91.86
40 91.83
40.5818133975 91.81
41.1720894657 91.79
41.7709512971 91.77
42.3785237744 91.72
42.9949335968 91.70
43.6203093066 91.78
44.2547813156 91.80
44.8984819324 91.76
45.5515453903 91.72
46.2141078749 91.66
46.8863075528 91.65
47.5682846001 91.62
48.260181232 91.56
48.9621417322 91.55
49.6743124829 91.55
50.3968419958 91.51
51.1298809424 91.50
51.873582186 91.57
52.6281008133 91.52
53.3935941668 91.33
54.1702218775 91.27
54.9581458983 91.39
55.757530538 91.37
56.5685424949 91.37
57.3913508924 91.43
58.2261273137 91.45
59.0730458376 91.30
59.9322830751 91.22
60.804018206 91.20
61.6884330163 91.15
62.5857119363 91.13
63.4960420787 91.09
64.419613278 91.03
65.3566181296 91.01
66.3072520307 91.02
67.2717132203 91.00
68.2502028209 90.98
69.2429248805 90.95
70.2500864149 90.90
71.2718974512 90.87
72.3085710713 90.83
73.3603234564 90.79
74.4273739322 90.75
75.5099450145 90.72
76.6082624559 90.68
77.7225552923 90.65
78.8530558912 90.60
80 90.56
81.163626795 90.50
82.3441789315 90.46
83.5419025942 90.43
84.7570475487 90.39
85.9898671937 90.34
87.2406186132 90.31
88.5095626311 90.26
89.7969638648 90.20
91.1030907805 90.15
92.4282157498 90.12
93.7726151055 90.07
95.1365692002 90.03
96.520362464 89.98
97.9242834644 89.92
99.3486249659 89.87
100.7936839916 89.82
102.2597618848 89.77
103.7471643721 89.71
105.2562016267 89.66
106.7871883336 89.60
108.340443755 89.55
109.9162917966 89.49
111.5150610759 89.44
113.1370849898 89.34
114.7827017849 89.32
116.4522546274 89.25
118.1460916752 89.20
119.8645661501 89.12
121.6080364119 89.07
123.3768660326 89.01
125.1714238726 88.95
126.9920841575 88.92
128.8392265559 88.84
130.7132362593 88.77
132.6145040614 88.75
134.5434264406 88.66
136.5004056418 88.57
138.485849761 88.52
140.5001728299 88.47
142.5437949025 88.41
144.6171421426 88.36
146.7206469127 88.33
148.8547478643 88.30
151.0198900291 88.29
153.2165249118 88.31
155.4451105846 88.31
157.7061117824 88.30
160 88.30
162.32725359 88.25
164.688357863 88.20
167.0838051884 88.13
169.5140950975 88.06
171.9797343873 88.00
174.4812372264 87.92
177.0191252622 87.83
179.5939277295 87.77
182.2061815611 87.70
184.8564314996 87.62
187.5452302111 87.55
190.2731384004 87.47
193.0407249281 87.40
195.8485669287 87.32
198.6972499318 87.26
201.5873679832 87.20
204.5195237697 87.12
207.4943287442 87.05
210.5124032534 86.98
213.5743766672 86.92
216.6808875099 86.86
219.8325835933 86.80
223.0301221518 86.74
226.2741699797 86.68
229.5654035698 86.62
232.9045092548 86.56
236.2921833503 86.50
239.7291323003 86.46
243.2160728239 86.40
246.7537320653 86.35
250.3428477452 86.31
253.9841683149 86.27
257.6784531119 86.23
261.4264725186 86.19
265.2290081229 86.15
269.0868528812 86.10
273.0008112836 86.04
276.971699522 85.97
281.0003456597 85.93
285.0875898049 85.86
289.2342842852 85.81
293.4412938255 85.76
297.7094957287 85.70
302.0397800581 85.64
306.4330498235 85.58
310.8902211692 85.53
315.4122235649 85.48
320 85.42
324.65450718 85.37
329.3767157259 85.32
334.1676103768 85.26
339.028190195 85.21
343.9594687746 85.16
348.9624744529 85.11
354.0382505244 85.06
359.187855459 85.01
364.4123631221 84.96
369.7128629991 84.91
375.0904604222 84.87
380.5462768009 84.82
386.0814498562 84.77
391.6971338575 84.73
397.3944998635 84.68
403.1747359664 84.64
409.0390475393 84.59
414.9886574883 84.55
421.0248065068 84.50
427.1487533344 84.46
433.3617750198 84.42
439.6651671866 84.37
446.0602443037 84.33
452.5483399594 84.29
459.1308071395 84.25
465.8090185095 84.21
472.5843667007 84.17
479.4582646005 84.14
486.4321456477 84.09
493.5074641306 84.06
500.6856954905 84.03
507.9683366298 83.99
515.3569062238 83.95
522.8529450372 83.92
530.4580162458 83.88
538.1737057624 83.85
546.0016225673 83.82
553.9433990439 83.79
562.0006913195 83.76
570.1751796098 83.73
578.4685685703 83.70
586.882587651 83.67
595.4189914574 83.64
604.0795601163 83.61
612.8660996471 83.58
621.7804423383 83.55
630.8244471297 83.53
640 83.51
649.30901436 83.49
658.7534314519 83.46
668.3352207536 83.44
678.05638039 83.42
687.9189375493 83.40
697.9249489058 83.37
708.0765010489 83.36
718.375710918 83.35
728.8247262443 83.33
739.4257259983 83.31
750.1809208443 83.30
761.0925536018 83.30
772.1628997124 83.30
783.394267715 83.30
794.7889997271 83.30
806.3494719327 83.32
818.0780950787 83.35
829.9773149767 83.37
842.0496130136 83.40
854.2975066688 83.44
866.7235500396 83.48
879.3303343732 83.54
892.1204886074 83.60
905.0966799188 83.67
918.2616142791 83.74
931.618037019 83.83
945.1687334013 83.92
958.9165292011 84.02
972.8642912955 84.13
987.0149282611 84.24
1001.371390981 84.37
1015.9366732597 84.51
1030.7138124476 84.64
1045.7058900743 84.79
1060.9160324916 84.95
1076.3474115248 85.11
1092.0032451345 85.27
1107.8867980879 85.44
1124.0013826389 85.60
1140.3503592197 85.77
1156.9371371406 85.93
1173.765175302 86.10
1190.8379829148 86.25
1208.1591202326 86.41
1225.7321992942 86.56
1243.5608846767 86.71
1261.6488942595 86.85
1280 86.98
1298.6180287201 87.11
1317.5068629037 87.24
1336.6704415071 87.36
1356.1127607799 87.47
1375.8378750985 87.58
1395.8498978116 87.70
1416.1530020977 87.81
1436.751421836 87.91
1457.6494524886 88.02
1478.8514519966 88.13
1500.3618416887 88.24
1522.1851072035 88.34
1544.3257994247 88.45
1566.78853543 88.57
1589.5779994541 88.68
1612.6989438655 88.80
1636.1561901574 88.92
1659.9546299533 89.04
1684.0992260271 89.17
1708.5950133377 89.30
1733.4471000793 89.44
1758.6606687464 89.58
1784.2409772148 89.73
1810.1933598376 89.89
1836.5232285581 90.05
1863.2360740381 90.21
1890.3374668026 90.38
1917.8330584022 90.56
1945.7285825909 90.74
1974.0298565222 90.93
2002.742781962 91.13
2031.8733465194 91.33
2061.4276248951 91.53
2091.4117801487 91.74
2121.8320649832 91.95
2152.6948230496 92.16
2184.0064902691 92.38
2215.7735961758 92.59
2248.0027652779 92.80
2280.7007184393 93.01
2313.8742742813 93.21
2347.530350604 93.41
2381.6759658296 93.59
2416.3182404652 93.76
2451.4643985884 93.92
2487.1217693533 94.06
2523.297788519 94.18
2560.0000000001 94.28
2597.2360574402 94.35
2635.0137258074 94.40
2673.3408830143 94.42
2712.2255215599 94.41
2751.6757501971 94.38
2791.6997956232 94.32
2832.3060041955 94.25
2873.5028436721 94.17
2915.2989049772 94.09
2957.7029039931 94.02
3000.7236833774 93.96
3044.3702144071 93.91
3088.6515988494 93.86
3133.57707086 93.82
3179.1559989082 93.76
3225.397887731 93.70
3272.3123803148 93.63
3319.9092599067 93.57
3368.1984520542 93.52
3417.1900266754 93.48
3466.8942001586 93.45
3517.3213374928 93.44
3568.4819544296 93.45
3620.3867196753 93.47
3673.0464571163 93.52
3726.4721480761 93.59
3780.6749336053 93.68
3835.6661168044 93.79
3891.4571651819 93.93
3948.0597130445 94.09
4005.4855639241 94.26
4063.7466930387 94.45
4122.8552497902 94.64
4182.8235602974 94.84
4243.6641299665 95.03
4305.3896460992 95.26
4368.0129805382 95.54
4431.5471923516 95.85
4496.0055305558 96.17
4561.4014368787 96.47
4627.7485485626 96.71
4695.0607012081 96.86
4763.3519316592 96.91
4832.6364809305 96.82
4902.9287971769 96.56
4974.2435387067 96.18
5046.595577038 95.66
5120.0000000002 95.06
5194.4721148803 94.41
5270.0274516149 93.72
5346.6817660286 93.04
5424.4510431198 92.38
5503.3515003942 91.74
5583.3995912463 91.15
5664.6120083911 90.61
5747.0056873442 90.11
5830.5978099545 89.67
5915.4058079863 89.28
6001.4473667548 88.95
6088.7404288142 88.69
6177.3031976989 88.50
6267.1541417201 88.39
6358.3119978165 88.35
6450.795775462 88.39
6544.6247606297 88.52
6639.8185198134 88.75
6736.3969041085 89.07
6834.3800533509 89.53
6933.7884003172 90.09
7034.6426749857 90.76
7136.9639088592 91.52
7240.7734393506 92.30
7346.0929142326 92.99
7452.9442961523 93.35
7561.3498672106 93.17
7671.3322336089 92.47
7782.9143303638 91.43
7896.119426089 90.21
8010.9711278481 88.97
8127.4933860775 87.78
8245.7104995805 86.70
8365.6471205948 85.74
8487.328259933 84.91
8610.7792921984 84.22
8736.0259610765 83.64
8863.0943847033 83.20
8992.0110611117 82.87
9122.8028737575 82.67
9255.4970971253 82.60
9390.1214024162 82.66
9526.7038633184 82.88
9665.272961861 83.13
9805.8575943538 83.57
9948.4870774134 84.22
10093.191154076 85.02
10240.0000000005 85.94
10388.9442297607 86.83
10540.0549032298 87.36
10693.3635320572 87.21
10848.9020862397 86.23
11006.7030007884 84.65
11166.7991824927 82.92
11329.2240167822 81.26
11494.0113746885 79.70
11661.1956199091 78.49
11830.8116159726 77.34
12002.8947335097 76.38
12177.4808576284 75.58
12354.6063953979 75.63
12534.3082834402 76.06
12716.6239956331 76.68
12901.5915509241 77.41
13089.2495212594 78.22
13279.637039627 79.15
13472.7938082171 80.22
13668.7601067018 81.35
13867.5768006344 82.54
14069.2853499715 83.62
14273.9278177184 84.52
14481.5468787012 84.96
14692.1858284653 84.71
14905.8885923047 84.04
15122.6997344212 83.16
15342.6644672179 82.26
15565.8286607277 81.43
15792.2388521781 80.76
16021.9422556964 80.29
16254.9867721551 80.02
16491.4209991611 79.91
16731.2942411897 79.81
16974.656519866 79.51
17221.5585843969 78.76
17472.0519221531 77.44
17726.1887694067 75.70
17984.0221222235 73.73
18245.605747515 71.74
18510.9941942506 69.71
18780.2428048326 67.59
19053.4077266369 65.06
19330.545923722 61.81
19611.7151887077 57.81
19896.9741548268 55.73
20186.382308152 55.73
