20 99.69
20.2909066988 99.69
20.5860447329 99.69
20.8854756485 99.68
21.1892618872 99.67
21.4974667984 99.67
21.8101546533 99.66
22.1273906578 99.65
22.4492409662 99.65
22.7757726951 99.66
23.1070539374 99.66
23.4431537764 99.67
23.7841423001 99.66
24.130090616 99.66
24.4810708661 99.65
24.8371562415 99.64
25.1984209979 99.63
25.5649404712 99.63
25.936791093 99.63
26.3140504067 99.63
26.6967970834 99.63
27.0851109387 99.63
27.4790729492 99.62
27.878765269 99.61
28.2842712475 99.60
28.6956754462 99.60
29.1130636568 99.60
29.5365229188 99.59
29.9661415375 99.59
30.402009103 99.57
30.8442165082 99.56
31.2928559682 99.56
31.7480210394 99.56
32.209806639 99.55
32.6783090648 99.54
33.1536260154 99.53
33.6358566101 99.52
34.1251014105 99.52
34.6214624402 99.51
35.1250432075 99.51
35.6359487256 99.50
36.1542855356 99.50
36.6801617282 99.49
37.2136869661 99.48
37.7549725073 99.47
38.3041312279 99.46
38.8612776461 99.46
39.4265279456 99.44
40 99.43
40.5818133975 99.42
41.1720894657 99.41
41.7709512971 99.41
42.3785237744 99.41
42.9949335968 99.40
43.6203093066 99.38
44.2547813156 99.37
44.8984819324 99.36
45.5515453903 99.35
46.2141078749 99.33
46.8863075528 99.32
47.5682846001 99.32
48.260181232 99.31
48.9621417322 99.30
49.6743124829 99.28
50.3968419958 99.26
51.1298809424 99.24
51.873582186 99.24
52.6281008133 99.23
53.3935941668 99.21
54.1702218775 99.20
54.9581458983 99.18
55.757530538 99.17
56.5685424949 99.15
57.3913508924 99.14
58.2261273137 99.13
59.0730458376 99.11
59.9322830751 99.10
60.804018206 99.09
61.6884330163 99.07
62.5857119363 99.05
63.4960420787 99.03
64.419613278 99.01
65.3566181296 99.00
66.3072520307 98.98
67.2717132203 98.96
68.2502028209 98.94
69.2429248805 98.93
70.2500864149 98.91
71.2718974512 98.89
72.3085710713 98.87
73.3603234564 98.85
74.4273739322 98.83
75.5099450145 98.81
76.6082624559 98.79
77.7225552923 98.76
78.8530558912 98.74
80 98.72
81.163626795 98.70
82.3441789315 98.68
83.5419025942 98.65
84.7570475487 98.63
85.9898671937 98.60
87.2406186132 98.58
88.5095626311 98.55
89.7969638648 98.52
91.1030907805 98.50
92.4282157498 98.47
93.7726151055 98.45
95.1365692002 98.42
96.520362464 98.39
97.9242834644 98.37
99.3486249659 98.34
100.7936839916 98.31
102.2597618848 98.28
103.7471643721 98.25
105.2562016267 98.22
106.7871883336 98.19
108.340443755 98.16
109.9162917966 98.12
111.5150610759 98.09
113.1370849898 98.06
114.7827017849 98.03
116.4522546274 97.99
118.1460916752 97.96
119.8645661501 97.92
121.6080364119 97.88
123.3768660326 97.84
125.1714238726 97.80
126.9920841575 97.77
128.8392265559 97.73
130.7132362593 97.69
132.6145040614 97.65
134.5434264406 97.60
136.5004056418 97.56
138.485849761 97.52
140.5001728299 97.48
142.5437949025 97.44
144.6171421426 97.39
146.7206469127 97.35
148.8547478643 97.31
151.0198900291 97.26
153.2165249118 97.21
155.4451105846 97.16
157.7061117824 97.11
160 97.05
162.32725359 96.99
164.688357863 96.94
167.0838051884 96.88
169.5140950975 96.81
171.9797343873 96.75
174.4812372264 96.69
177.0191252622 96.62
179.5939277295 96.55
182.2061815611 96.46
184.8564314996 96.38
187.5452302111 96.33
190.2731384004 96.33
193.0407249281 96.36
195.8485669287 96.39
198.6972499318 96.40
201.5873679832 96.38
204.5195237697 96.37
207.4943287442 96.34
210.5124032534 96.31
213.5743766672 96.28
216.6808875099 96.23
219.8325835933 96.19
223.0301221518 96.14
226.2741699797 96.09
229.5654035698 96.03
232.9045092548 95.97
236.2921833503 95.91
239.7291323003 95.84
243.2160728239 95.77
246.7537320653 95.70
250.3428477452 95.63
253.9841683149 95.55
257.6784531119 95.48
261.4264725186 95.41
265.2290081229 95.33
269.0868528812 95.26
273.0008112836 95.18
276.971699522 95.10
281.0003456597 95.02
285.0875898049 94.95
289.2342842852 94.87
293.4412938255 94.79
297.7094957287 94.71
302.0397800581 94.63
306.4330498235 94.55
310.8902211692 94.46
315.4122235649 94.38
320 94.30
324.65450718 94.21
329.3767157259 94.13
334.1676103768 94.04
339.028190195 93.95
343.9594687746 93.86
348.9624744529 93.76
354.0382505244 93.67
359.187855459 93.57
364.4123631221 93.47
369.7128629991 93.37
375.0904604222 93.28
380.5462768009 93.18
386.0814498562 93.09
391.6971338575 93.01
397.3944998635 92.94
403.1747359664 92.86
409.0390475393 92.78
414.9886574883 92.69
421.0248065068 92.59
427.1487533344 92.49
433.3617750198 92.38
439.6651671866 92.27
446.0602443037 92.15
452.5483399594 92.04
459.1308071395 91.92
465.8090185095 91.81
472.5843667007 91.70
479.4582646005 91.58
486.4321456477 91.47
493.5074641306 91.36
500.6856954905 91.27
507.9683366298 91.17
515.3569062238 91.09
522.8529450372 91.02
530.4580162458 90.95
538.1737057624 90.90
546.0016225673 90.85
553.9433990439 90.80
562.0006913195 90.74
570.1751796098 90.67
578.4685685703 90.60
586.882587651 90.54
595.4189914574 90.47
604.0795601163 90.41
612.8660996471 90.34
621.7804423383 90.28
630.8244471297 90.22
640 90.16
649.30901436 90.11
658.7534314519 90.06
668.3352207536 90.01
678.05638039 89.96
687.9189375493 89.91
697.9249489058 89.87
708.0765010489 89.83
718.375710918 89.78
728.8247262443 89.74
739.4257259983 89.70
750.1809208443 89.66
761.0925536018 89.63
772.1628997124 89.60
783.394267715 89.57
794.7889997271 89.55
806.3494719327 89.53
818.0780950787 89.52
829.9773149767 89.51
842.0496130136 89.51
854.2975066688 89.51
866.7235500396 89.52
879.3303343732 89.54
892.1204886074 89.57
905.0966799188 89.61
918.2616142791 89.66
931.618037019 89.72
945.1687334013 89.78
958.9165292011 89.86
972.8642912955 89.96
987.0149282611 90.06
1001.371390981 90.17
1015.9366732597 90.30
1030.7138124476 90.43
1045.7058900743 90.58
1060.9160324916 90.74
1076.3474115248 90.91
1092.0032451345 91.08
1107.8867980879 91.26
1124.0013826389 91.45
1140.3503592197 91.64
1156.9371371406 91.84
1173.765175302 92.04
1190.8379829148 92.24
1208.1591202326 92.45
1225.7321992942 92.65
1243.5608846767 92.85
1261.6488942595 93.04
1280 93.22
1298.6180287201 93.39
1317.5068629037 93.55
1336.6704415071 93.70
1356.1127607799 93.84
1375.8378750985 93.96
1395.8498978116 94.07
1416.1530020977 94.18
1436.751421836 94.29
1457.6494524886 94.39
1478.8514519966 94.49
1500.3618416887 94.60
1522.1851072035 94.70
1544.3257994247 94.81
1566.78853543 94.92
1589.5779994541 95.04
1612.6989438655 95.16
1636.1561901574 95.27
1659.9546299533 95.39
1684.0992260271 95.50
1708.5950133377 95.62
1733.4471000793 95.73
1758.6606687464 95.84
1784.2409772148 95.95
1810.1933598376 96.06
1836.5232285581 96.17
1863.2360740381 96.27
1890.3374668026 96.38
1917.8330584022 96.48
1945.7285825909 96.59
1974.0298565222 96.69
2002.742781962 96.80
2031.8733465194 96.91
2061.4276248951 97.02
2091.4117801487 97.13
2121.8320649832 97.24
2152.6948230496 97.35
2184.0064902691 97.47
2215.7735961758 97.58
2248.0027652779 97.69
2280.7007184393 97.79
2313.8742742813 97.88
2347.530350604 97.96
2381.6759658296 98.03
2416.3182404652 98.07
2451.4643985884 98.09
2487.1217693533 98.09
2523.297788519 98.04
2560.0000000001 97.96
2597.2360574402 97.85
2635.0137258074 97.70
2673.3408830143 97.51
2712.2255215599 97.28
2751.6757501971 97.03
2791.6997956232 96.75
2832.3060041955 96.44
2873.5028436721 96.13
2915.2989049772 95.80
2957.7029039931 95.46
3000.7236833774 95.13
3044.3702144071 94.80
3088.6515988494 94.48
3133.57707086 94.17
3179.1559989082 93.87
3225.397887731 93.59
3272.3123803148 93.33
3319.9092599067 93.09
3368.1984520542 92.87
3417.1900266754 92.67
3466.8942001586 92.51
3517.3213374928 92.36
3568.4819544296 92.24
3620.3867196753 92.15
3673.0464571163 92.08
3726.4721480761 92.04
3780.6749336053 92.03
3835.6661168044 92.03
3891.4571651819 92.07
3948.0597130445 92.13
4005.4855639241 92.22
4063.7466930387 92.32
4122.8552497902 92.46
4182.8235602974 92.63
4243.6641299665 92.81
4305.3896460992 93.01
4368.0129805382 93.23
4431.5471923516 93.46
4496.0055305558 93.69
4561.4014368787 93.92
4627.7485485626 94.16
4695.0607012081 94.41
4763.3519316592 94.66
4832.6364809305 94.92
4902.9287971769 95.17
4974.2435387067 95.38
5046.595577038 95.51
5120.0000000002 95.54
5194.4721148803 95.43
5270.0274516149 95.18
5346.6817660286 94.83
5424.4510431198 94.42
5503.3515003942 93.99
5583.3995912463 93.60
5664.6120083911 93.30
5747.0056873442 93.10
5830.5978099545 93.01
5915.4058079863 93.05
6001.4473667548 93.22
6088.7404288142 93.51
6177.3031976989 93.88
6267.1541417201 94.31
6358.3119978165 94.77
6450.795775462 95.21
6544.6247606297 95.63
6639.8185198134 96.00
6736.3969041085 96.32
6834.3800533509 96.62
6933.7884003172 96.90
7034.6426749857 97.19
7136.9639088592 97.50
7240.7734393506 97.86
7346.0929142326 98.24
7452.9442961523 98.59
7561.3498672106 98.81
7671.3322336089 98.78
7782.9143303638 98.49
7896.119426089 97.96
8010.9711278481 97.17
8127.4933860775 96.13
8245.7104995805 94.95
8365.6471205948 93.75
8487.328259933 92.60
8610.7792921984 91.54
8736.0259610765 90.57
8863.0943847033 89.72
8992.0110611117 88.99
9122.8028737575 88.37
9255.4970971253 87.87
9390.1214024162 87.46
9526.7038633184 87.19
9665.272961861 87.05
9805.8575943538 87.04
9948.4870774134 87.16
10093.191154076 87.42
10240.0000000005 87.79
10388.9442297607 88.20
10540.0549032298 88.49
10693.3635320572 88.47
10848.9020862397 88.01
11006.7030007884 87.25
11166.7991824927 86.50
11329.2240167822 85.86
11494.0113746885 85.10
11661.1956199091 83.83
11830.8116159726 82.18
12002.8947335097 80.11
12177.4808576284 77.83
12354.6063953979 75.37
12534.3082834402 72.87
12716.6239956331 70.46
12901.5915509241 68.55
13089.2495212594 67.01
13279.637039627 66.04
13472.7938082171 65.82
13668.7601067018 65.95
13867.5768006344 66.31
14069.2853499715 66.84
14273.9278177184 67.40
14481.5468787012 68.03
14692.1858284653 68.58
14905.8885923047 69.38
15122.6997344212 70.36
15342.6644672179 71.54
15565.8286607277 73.04
15792.2388521781 74.96
16021.9422556964 77.13
16254.9867721551 79.00
16491.4209991611 79.01
16731.2942411897 76.08
16974.656519866 70.05
17221.5585843969 63.87
17472.0519221531 60.21
17726.1887694067 58.00
17984.0221222235 58.30
18245.605747515 57.81
18510.9941942506 57.59
18780.2428048326 58.68
19053.4077266369 60.16
19330.545923722 61.25
19611.7151887077 61.59
19896.9741548268 61.50
20186.382308152 61.50
