20.000000	97.534
20.290907	97.580
20.586045	97.627
20.885476	97.675
21.189262	97.723
21.497467	97.769
21.810155	97.814
22.127391	97.855
22.449241	97.896
22.775773	97.934
23.107054	97.972
23.443154	98.011
23.784142	98.052
24.130091	98.094
24.481071	98.134
24.837156	98.172
25.198421	98.205
25.564940	98.235
25.936791	98.263
26.314050	98.293
26.696797	98.325
27.085111	98.360
27.479073	98.395
27.878765	98.428
28.284271	98.458
28.695675	98.487
29.113064	98.516
29.536523	98.544
29.966142	98.573
30.402009	98.601
30.844217	98.628
31.292856	98.654
31.748021	98.680
32.209807	98.705
32.678309	98.731
33.153626	98.756
33.635857	98.779
34.125101	98.802
34.621462	98.825
35.125043	98.848
35.635949	98.870
36.154286	98.891
36.680162	98.912
37.213687	98.932
37.754973	98.951
38.304131	98.969
38.861278	98.989
39.426528	99.012
40.000000	99.033
40.581813	99.048
41.172089	99.062
41.770951	99.079
42.378524	99.095
42.994934	99.109
43.620309	99.124
44.254781	99.140
44.898482	99.156
45.551545	99.168
46.214108	99.180
46.886308	99.195
47.568285	99.208
48.260181	99.219
48.962142	99.230
49.674312	99.241
50.396842	99.249
51.129881	99.260
51.873582	99.270
52.628101	99.279
53.393594	99.293
54.170222	99.308
54.958146	99.309
55.757531	99.305
56.568542	99.318
57.391351	99.333
58.226127	99.342
59.073046	99.349
59.932283	99.360
60.804018	99.369
61.688433	99.379
62.585712	99.383
63.496042	99.388
64.419613	99.395
65.356618	99.401
66.307252	99.410
67.271713	99.420
68.250203	99.416
69.242925	99.406
70.250086	99.413
71.271897	99.430
72.308571	99.431
73.360323	99.435
74.427374	99.432
75.509945	99.424
76.608262	99.444
77.722555	99.463
78.853056	99.436
80.000000	99.424
81.163627	99.426
82.344179	99.437
83.541903	99.442
84.757048	99.440
85.989867	99.436
87.240619	99.435
88.509563	99.434
89.796964	99.429
91.103091	99.425
92.428216	99.421
93.772615	99.416
95.136569	99.413
96.520362	99.401
97.924283	99.396
99.348625	99.388
100.793684	99.383
102.259762	99.378
103.747164	99.376
105.256202	99.366
106.787188	99.356
108.340444	99.340
109.916292	99.335
111.515061	99.334
113.137085	99.342
114.782702	99.333
116.452255	99.298
118.146092	99.298
119.864566	99.233
121.608036	99.260
123.376866	99.281
125.171424	99.272
126.992084	99.270
128.839227	99.255
130.713236	99.235
132.614504	99.220
134.543426	99.206
136.500406	99.196
138.485850	99.182
140.500173	99.164
142.543795	99.149
144.617142	99.130
146.720647	99.108
148.854748	99.093
151.019890	99.078
153.216525	99.062
155.445111	99.051
157.706112	99.028
160.000000	99.016
162.327254	99.007
164.688358	98.996
167.083805	98.984
169.514095	98.967
171.979734	98.951
174.481237	98.938
177.019125	98.920
179.593928	98.907
182.206182	98.889
184.856431	98.871
187.545230	98.846
190.273138	98.839
193.040725	98.813
195.848567	98.790
198.697250	98.762
201.587368	98.747
204.519524	98.715
207.494329	98.682
210.512403	98.671
213.574377	98.634
216.680888	98.565
219.832584	98.564
223.030122	98.548
226.274170	98.514
229.565404	98.461
232.904509	98.449
236.292183	98.413
239.729132	98.378
243.216073	98.346
246.753732	98.320
250.342848	98.291
253.984168	98.248
257.678453	98.215
261.426473	98.183
265.229008	98.147
269.086853	98.106
273.000811	98.067
276.971700	98.031
281.000346	97.986
285.087590	97.945
289.234284	97.901
293.441294	97.862
297.709496	97.820
302.039780	97.779
306.433050	97.736
310.890221	97.693
315.412224	97.648
320.000000	97.605
324.654507	97.563
329.376716	97.507
334.167610	97.478
339.028190	97.420
343.959469	97.378
348.962474	97.336
354.038251	97.297
359.187855	97.255
364.412363	97.217
369.712863	97.189
375.090460	97.156
380.546277	97.123
386.081450	97.089
391.697134	97.050
397.394500	97.011
403.174736	96.972
409.039048	96.929
414.988657	96.886
421.024807	96.843
427.148753	96.796
433.361775	96.753
439.665167	96.709
446.060244	96.666
452.548340	96.621
459.130807	96.578
465.809019	96.536
472.584367	96.488
479.458265	96.445
486.432146	96.401
493.507464	96.366
500.685695	96.326
507.968337	96.278
515.356906	96.235
522.852945	96.212
530.458016	96.170
538.173706	96.135
546.001623	96.096
553.943399	96.055
562.000691	96.024
570.175180	95.989
578.468569	95.956
586.882588	95.927
595.418991	95.898
604.079560	95.870
612.866100	95.843
621.780442	95.819
630.824447	95.797
640.000000	95.775
649.309014	95.754
658.753431	95.736
668.335221	95.721
678.056380	95.709
687.918938	95.699
697.924949	95.693
708.076501	95.689
718.375711	95.690
728.824726	95.691
739.425726	95.698
750.180921	95.710
761.092554	95.723
772.162900	95.743
783.394268	95.767
794.789000	95.797
806.349472	95.832
818.078095	95.874
829.977315	95.922
842.049613	95.977
854.297507	96.042
866.723550	96.113
879.330334	96.194
892.120489	96.285
905.096680	96.384
918.261614	96.493
931.618037	96.614
945.168733	96.745
958.916529	96.887
972.864291	97.040
987.014928	97.207
1001.371391	97.384
1015.936673	97.575
1030.713812	97.776
1045.705890	97.988
1060.916032	98.212
1076.347412	98.444
1092.003245	98.687
1107.886798	98.937
1124.001383	99.194
1140.350359	99.458
1156.937137	99.727
1173.765175	99.999
1190.837983	100.275
1208.159120	100.553
1225.732199	100.831
1243.560885	101.109
1261.648894	101.386
1280.000000	101.660
1298.618029	101.918
1317.506863	102.178
1336.670442	102.415
1356.112761	102.632
1375.837875	102.819
1395.849898	102.970
1416.153002	103.064
1436.751422	103.124
1457.649452	103.110
1478.851452	103.036
1500.361842	102.894
1522.185107	102.678
1544.325799	102.403
1566.788535	102.081
1589.577999	101.725
1612.698944	101.348
1636.156190	100.960
1659.954630	100.568
1684.099226	100.178
1708.595013	99.798
1733.447100	99.435
1758.660669	99.098
1784.240977	98.796
1810.193360	98.540
1836.523229	98.336
1863.236074	98.188
1890.337467	98.100
1917.833058	98.072
1945.728583	98.105
1974.029857	98.193
2002.742782	98.336
2031.873347	98.531
2061.427625	98.765
2091.411780	99.039
2121.832065	99.344
2152.694823	99.674
2184.006490	100.019
2215.773596	100.376
2248.002765	100.739
2280.700718	101.102
2313.874274	101.460
2347.530351	101.809
2381.675966	102.140
2416.318240	102.452
2451.464399	102.726
2487.121769	102.963
2523.297789	103.138
2560.000000	103.249
2597.236057	103.291
2635.013726	103.268
2673.340883	103.174
2712.225522	103.034
2751.675750	102.846
2791.699796	102.628
2832.306004	102.390
2873.502844	102.148
2915.298905	101.911
2957.702904	101.684
3000.723683	101.481
3044.370214	101.305
3088.651599	101.162
3133.577071	101.049
3179.155999	100.976
3225.397888	100.932
3272.312380	100.913
3319.909260	100.905
3368.198452	100.879
3417.190027	100.794
3466.894200	100.606
3517.321337	100.279
3568.481954	99.809
3620.386720	99.233
3673.046457	98.602
3726.472148	97.980
3780.674934	97.434
3835.666117	96.974
3891.457165	96.686
3948.059713	96.504
4005.485564	96.466
4063.746693	96.521
4122.855250	96.633
4182.823560	96.785
4243.664130	96.956
4305.389646	97.137
4368.012981	97.336
4431.547192	97.541
4496.005531	97.764
4561.401437	98.002
4627.748549	98.253
4695.060701	98.520
4763.351932	98.802
4832.636481	99.098
4902.928797	99.409
4974.243539	99.739
5046.595577	100.096
5120.000000	100.480
5194.472115	100.892
5270.027452	101.330
5346.681766	101.785
5424.451043	102.245
5503.351500	102.697
5583.399591	103.121
5664.612008	103.490
5747.005687	103.799
5830.597810	104.045
5915.405808	104.235
6001.447367	104.385
6088.740429	104.516
6177.303198	104.623
6267.154142	104.693
6358.311998	104.717
6450.795775	104.693
6544.624761	104.623
6639.818520	104.524
6736.396904	104.419
6834.380053	104.327
6933.788400	104.260
7034.642675	104.263
7136.963909	104.372
7240.773439	104.594
7346.092914	104.921
7452.944296	105.346
7561.349867	105.942
7671.332234	106.725
7782.914330	107.635
7896.119426	108.568
8010.971128	109.248
8127.493386	109.301
8245.710500	108.543
8365.647121	107.114
8487.328260	105.422
8610.779292	103.731
8736.025961	102.201
8863.094385	100.861
8992.011061	99.756
9122.802874	99.075
9255.497097	99.054
9390.121402	99.098
9526.703863	98.930
9665.272962	98.510
9805.857594	98.014
9948.487077	97.645
10093.191154	97.487
10240.000000	97.490
10388.944230	97.599
10540.054903	97.692
10693.363532	97.757
10848.902086	97.940
11006.703001	98.287
11166.799182	98.579
11329.224017	98.472
11494.011375	97.971
11661.195620	96.994
11830.811616	95.913
12002.894734	94.796
12177.480858	93.750
12354.606395	92.901
12534.308283	92.211
12716.623996	91.740
12901.591551	91.503
13089.249521	91.372
13279.637040	91.414
13472.793808	91.640
13668.760107	92.025
13867.576801	92.530
14069.285350	93.163
14273.927818	93.952
14481.546879	94.494
14692.185828	94.500
14905.888592	94.253
15122.699734	93.904
15342.664467	93.559
15565.828661	93.214
15792.238852	92.601
16021.942256	91.080
16254.986772	88.824
16491.420999	86.262
16731.294241	84.441
16974.656520	84.180
17221.558584	84.526
17472.051922	83.873
17726.188769	82.279
17984.022122	81.171
18245.605748	79.911
18510.994194	77.817
18780.242805	75.603
19053.407727	73.535
19330.545924	71.298
19611.715189	68.617
19896.974155	67.047
20186.382308	67.047
