20.000000	100.744
20.290907	100.744
20.586045	100.754
20.885476	100.758
21.189262	100.753
21.497467	100.738
21.810155	100.717
22.127391	100.695
22.449241	100.677
22.775773	100.668
23.107054	100.665
23.443154	100.660
23.784142	100.646
24.130091	100.624
24.481071	100.596
24.837156	100.571
25.198421	100.558
25.564940	100.553
25.936791	100.550
26.314050	100.538
26.696797	100.510
27.085111	100.474
27.479073	100.439
27.878765	100.414
28.284271	100.399
28.695675	100.387
29.113064	100.374
29.536523	100.356
29.966142	100.331
30.402009	100.298
30.844217	100.256
31.292856	100.213
31.748021	100.180
32.209807	100.162
32.678309	100.156
33.153626	100.149
33.635857	100.129
34.125101	100.093
34.621462	100.050
35.125043	100.007
35.635949	99.970
36.154286	99.939
36.680162	99.912
37.213687	99.884
37.754973	99.848
38.304131	99.806
38.861278	99.764
39.426528	99.726
40.000000	99.689
40.581813	99.645
41.172089	99.601
41.770951	99.562
42.378524	99.522
42.994934	99.474
43.620309	99.425
44.254781	99.386
44.898482	99.350
45.551545	99.308
46.214108	99.261
46.886308	99.212
47.568285	99.158
48.260181	99.101
48.962142	99.058
49.674312	99.019
50.396842	98.972
51.129881	98.918
51.873582	98.862
52.628101	98.802
53.393594	98.742
54.170222	98.685
54.958146	98.635
55.757531	98.584
56.568542	98.528
57.391351	98.466
58.226127	98.403
59.073046	98.345
59.932283	98.301
60.804018	98.249
61.688433	98.183
62.585712	98.128
63.496042	98.084
64.419613	98.016
65.356618	97.934
66.307252	97.861
67.271713	97.786
68.250203	97.741
69.242925	97.700
70.250086	97.619
71.271897	97.562
72.308571	97.498
73.360323	97.429
74.427374	97.349
75.509945	97.285
76.608262	97.233
77.722555	97.151
78.853056	97.085
80.000000	97.003
81.163627	96.929
82.344179	96.850
83.541903	96.835
84.757048	96.805
85.989867	96.745
87.240619	96.671
88.509563	96.598
89.796964	96.517
91.103091	96.447
92.428216	96.381
93.772615	96.289
95.136569	96.219
96.520362	96.162
97.924283	96.079
99.348625	96.003
100.793684	95.928
102.259762	95.854
103.747164	95.781
105.256202	95.709
106.787188	95.625
108.340444	95.548
109.916292	95.479
111.515061	95.402
113.137085	95.319
114.782702	95.250
116.452255	95.189
118.146092	95.133
119.864566	95.049
121.608036	94.970
123.376866	94.891
125.171424	94.821
126.992084	94.737
128.839227	94.659
130.713236	94.581
132.614504	94.505
134.543426	94.436
136.500406	94.352
138.485850	94.284
140.500173	94.203
142.543795	94.122
144.617142	94.051
146.720647	93.972
148.854748	93.892
151.019890	93.818
153.216525	93.745
155.445111	93.666
157.706112	93.595
160.000000	93.511
162.327254	93.447
164.688358	93.365
167.083805	93.284
169.514095	93.186
171.979734	93.118
174.481237	93.060
177.019125	93.027
179.593928	93.013
182.206182	93.023
184.856431	92.981
187.545230	92.942
190.273138	92.867
193.040725	92.810
195.848567	92.740
198.697250	92.661
201.587368	92.605
204.519524	92.533
207.494329	92.452
210.512403	92.391
213.574377	92.324
216.680888	92.274
219.832584	92.232
223.030122	92.193
226.274170	92.147
229.565404	92.100
232.904509	92.046
236.292183	91.987
239.729132	91.917
243.216073	91.879
246.753732	91.823
250.342848	91.767
253.984168	91.714
257.678453	91.674
261.426473	91.612
265.229008	91.580
269.086853	91.518
273.000811	91.494
276.971700	91.442
281.000346	91.396
285.087590	91.329
289.234284	91.318
293.441294	91.297
297.709496	91.279
302.039780	91.274
306.433050	91.260
310.890221	91.228
315.412224	91.197
320.000000	91.171
324.654507	91.139
329.376716	91.110
334.167610	91.083
339.028190	91.065
343.959469	91.039
348.962474	91.014
354.038251	90.990
359.187855	90.982
364.412363	90.984
369.712863	90.998
375.090460	91.001
380.546277	91.018
386.081450	91.025
391.697134	91.021
397.394500	91.003
403.174736	90.999
409.039048	91.007
414.988657	91.011
421.024807	91.009
427.148753	91.006
433.361775	91.015
439.665167	91.018
446.060244	91.024
452.548340	91.033
459.130807	91.054
465.809019	91.063
472.584367	91.069
479.458265	91.082
486.432146	91.091
493.507464	91.117
500.685695	91.129
507.968337	91.140
515.356906	91.156
522.852945	91.177
530.458016	91.187
538.173706	91.212
546.001623	91.218
553.943399	91.231
562.000691	91.248
570.175180	91.259
578.468569	91.277
586.882588	91.283
595.418991	91.293
604.079560	91.303
612.866100	91.306
621.780442	91.311
630.824447	91.315
640.000000	91.317
649.309014	91.332
658.753431	91.326
668.335221	91.331
678.056380	91.320
687.918938	91.308
697.924949	91.307
708.076501	91.288
718.375711	91.274
728.824726	91.252
739.425726	91.246
750.180921	91.241
761.092554	91.223
772.162900	91.221
783.394268	91.218
794.789000	91.217
806.349472	91.228
818.078095	91.250
829.977315	91.273
842.049613	91.297
854.297507	91.328
866.723550	91.368
879.330334	91.415
892.120489	91.464
905.096680	91.528
918.261614	91.608
931.618037	91.696
945.168733	91.779
958.916529	91.879
972.864291	92.007
987.014928	92.124
1001.371391	92.275
1015.936673	92.395
1030.713812	92.551
1045.705890	92.707
1060.916032	92.874
1076.347412	93.051
1092.003245	93.221
1107.886798	93.399
1124.001383	93.578
1140.350359	93.756
1156.937137	93.933
1173.765175	94.106
1190.837983	94.274
1208.159120	94.440
1225.732199	94.598
1243.560885	94.752
1261.648894	94.898
1280.000000	95.032
1298.618029	95.158
1317.506863	95.285
1336.670442	95.401
1356.112761	95.510
1375.837875	95.612
1395.849898	95.713
1416.153002	95.810
1436.751422	95.907
1457.649452	96.001
1478.851452	96.091
1500.361842	96.178
1522.185107	96.271
1544.325799	96.362
1566.788535	96.452
1589.577999	96.541
1612.698944	96.631
1636.156190	96.723
1659.954630	96.815
1684.099226	96.904
1708.595013	96.992
1733.447100	97.079
1758.660669	97.162
1784.240977	97.243
1810.193360	97.321
1836.523229	97.395
1863.236074	97.459
1890.337467	97.517
1917.833058	97.565
1945.728583	97.606
1974.029857	97.636
2002.742782	97.654
2031.873347	97.659
2061.427625	97.652
2091.411780	97.630
2121.832065	97.600
2152.694823	97.555
2184.006490	97.501
2215.773596	97.441
2248.002765	97.370
2280.700718	97.294
2313.874274	97.214
2347.530351	97.133
2381.675966	97.054
2416.318240	96.975
2451.464399	96.902
2487.121769	96.834
2523.297789	96.776
2560.000000	96.728
2597.236057	96.692
2635.013726	96.666
2673.340883	96.658
2712.225522	96.664
2751.675750	96.681
2791.699796	96.711
2832.306004	96.759
2873.502844	96.825
2915.298905	96.909
2957.702904	97.005
3000.723683	97.104
3044.370214	97.214
3088.651599	97.319
3133.577071	97.408
3179.155999	97.472
3225.397888	97.506
3272.312380	97.497
3319.909260	97.443
3368.198452	97.347
3417.190027	97.212
3466.894200	97.045
3517.321337	96.860
3568.481954	96.666
3620.386720	96.475
3673.046457	96.301
3726.472148	96.152
3780.674934	96.037
3835.666117	95.950
3891.457165	95.902
3948.059713	95.878
4005.485564	95.909
4063.746693	95.939
4122.855250	96.008
4182.823560	96.111
4243.664130	96.226
4305.389646	96.338
4368.012981	96.454
4431.547192	96.573
4496.005531	96.676
4561.401437	96.758
4627.748549	96.831
4695.060701	96.881
4763.351932	96.908
4832.636481	96.913
4902.928797	96.902
4974.243539	96.891
5046.595577	96.856
5120.000000	96.803
5194.472115	96.755
5270.027452	96.705
5346.681766	96.656
5424.451043	96.609
5503.351500	96.561
5583.399591	96.511
5664.612008	96.459
5747.005687	96.415
5830.597810	96.382
5915.405808	96.366
6001.447367	96.377
6088.740429	96.369
6177.303198	96.391
6267.154142	96.426
6358.311998	96.459
6450.795775	96.481
6544.624761	96.488
6639.818520	96.478
6736.396904	96.452
6834.380053	96.408
6933.788400	96.337
7034.642675	96.257
7136.963909	96.215
7240.773439	96.173
7346.092914	96.144
7452.944296	96.140
7561.349867	96.167
7671.332234	96.224
7782.914330	96.312
7896.119426	96.420
8010.971128	96.533
8127.493386	96.500
8245.710500	96.542
8365.647121	96.367
8487.328260	96.004
8610.779292	95.443
8736.025961	94.641
8863.094385	93.974
8992.011061	93.160
9122.802874	92.446
9255.497097	91.733
9390.121402	91.088
9526.703863	90.497
9665.272962	89.985
9805.857594	89.571
9948.487077	89.303
10093.191154	89.147
10240.000000	89.115
10388.944230	89.211
10540.054903	89.416
10693.363532	89.698
10848.902086	90.055
11006.703001	90.433
11166.799182	90.799
11329.224017	91.075
11494.011375	91.261
11661.195620	91.277
11830.811616	91.185
12002.894734	90.967
12177.480858	90.799
12354.606395	90.732
12534.308283	90.722
12716.623996	90.769
12901.591551	90.830
13089.249521	90.884
13279.637040	90.895
13472.793808	90.858
13668.760107	90.796
13867.576801	90.731
14069.285350	90.646
14273.927818	90.524
14481.546879	90.346
14692.185828	90.070
14905.888592	89.781
15122.699734	89.438
15342.664467	89.032
15565.828661	88.564
15792.238852	88.015
16021.942256	87.499
16254.986772	87.122
16491.420999	86.991
16731.294241	87.176
16974.656520	87.619
17221.558584	88.034
17472.051922	88.045
17726.188769	87.246
17984.022122	85.685
18245.605748	83.873
18510.994194	81.471
18780.242805	78.715
19053.407727	76.787
19330.545924	73.046
19611.715189	67.947
19896.974155	65.236
20186.382308	65.236
