20 102.52
20.2909066988 102.51
20.5860447329 102.52
20.8854756485 102.53
21.1892618872 102.54
21.4974667984 102.55
21.8101546533 102.56
22.1273906578 102.56
22.4492409662 102.56
22.7757726951 102.56
23.1070539374 102.57
23.4431537764 102.57
23.7841423001 102.58
24.130090616 102.58
24.4810708661 102.59
24.8371562415 102.59
25.1984209979 102.60
25.5649404712 102.60
25.936791093 102.60
26.3140504067 102.61
26.6967970834 102.61
27.0851109387 102.61
27.4790729492 102.62
27.878765269 102.62
28.2842712475 102.62
28.6956754462 102.62
29.1130636568 102.62
29.5365229188 102.61
29.9661415375 102.61
30.402009103 102.61
30.8442165082 102.61
31.2928559682 102.61
31.7480210394 102.61
32.209806639 102.60
32.6783090648 102.60
33.1536260154 102.60
33.6358566101 102.59
34.1251014105 102.58
34.6214624402 102.58
35.1250432075 102.57
35.6359487256 102.57
36.1542855356 102.57
36.6801617282 102.57
37.2136869661 102.56
37.7549725073 102.55
38.3041312279 102.54
38.8612776461 102.53
39.4265279456 102.52
40 102.51
40.5818133975 102.50
41.1720894657 102.50
41.7709512971 102.49
42.3785237744 102.48
42.9949335968 102.47
43.6203093066 102.45
44.2547813156 102.44
44.8984819324 102.43
45.5515453903 102.41
46.2141078749 102.40
46.8863075528 102.38
47.5682846001 102.37
48.260181232 102.35
48.9621417322 102.33
49.6743124829 102.31
50.3968419958 102.29
51.1298809424 102.27
51.873582186 102.25
52.6281008133 102.23
53.3935941668 102.21
54.1702218775 102.18
54.9581458983 102.16
55.757530538 102.14
56.5685424949 102.11
57.3913508924 102.08
58.2261273137 102.05
59.0730458376 102.03
59.9322830751 102.00
60.804018206 101.97
61.6884330163 101.93
62.5857119363 101.90
63.4960420787 101.87
64.419613278 101.84
65.3566181296 101.80
66.3072520307 101.77
67.2717132203 101.73
68.2502028209 101.69
69.2429248805 101.66
70.2500864149 101.63
71.2718974512 101.59
72.3085710713 101.55
73.3603234564 101.51
74.4273739322 101.46
75.5099450145 101.42
76.6082624559 101.37
77.7225552923 101.32
78.8530558912 101.27
80 101.22
81.163626795 101.16
82.3441789315 101.11
83.5419025942 101.06
84.7570475487 101.02
85.9898671937 100.97
87.2406186132 100.92
88.5095626311 100.88
89.7969638648 100.84
91.1030907805 100.80
92.4282157498 100.76
93.7726151055 100.74
95.1365692002 100.72
96.520362464 100.70
97.9242834644 100.68
99.3486249659 100.64
100.7936839916 100.60
102.2597618848 100.55
103.7471643721 100.49
105.2562016267 100.43
106.7871883336 100.36
108.340443755 100.29
109.9162917966 100.22
111.5150610759 100.14
113.1370849898 100.06
114.7827017849 99.98
116.4522546274 99.90
118.1460916752 99.82
119.8645661501 99.74
121.6080364119 99.66
123.3768660326 99.58
125.1714238726 99.51
126.9920841575 99.45
128.8392265559 99.40
130.7132362593 99.37
132.6145040614 99.35
134.5434264406 99.37
136.5004056418 99.39
138.485849761 99.42
140.5001728299 99.43
142.5437949025 99.42
144.6171421426 99.39
146.7206469127 99.33
148.8547478643 99.26
151.0198900291 99.18
153.2165249118 99.09
155.4451105846 99.00
157.7061117824 98.91
160 98.82
162.32725359 98.73
164.688357863 98.64
167.0838051884 98.56
169.5140950975 98.47
171.9797343873 98.38
174.4812372264 98.29
177.0191252622 98.20
179.5939277295 98.11
182.2061815611 98.02
184.8564314996 97.93
187.5452302111 97.84
190.2731384004 97.74
193.0407249281 97.66
195.8485669287 97.57
198.6972499318 97.48
201.5873679832 97.39
204.5195237697 97.31
207.4943287442 97.22
210.5124032534 97.14
213.5743766672 97.06
216.6808875099 96.98
219.8325835933 96.90
223.0301221518 96.82
226.2741699797 96.74
229.5654035698 96.67
232.9045092548 96.59
236.2921833503 96.51
239.7291323003 96.43
243.2160728239 96.36
246.7537320653 96.29
250.3428477452 96.21
253.9841683149 96.14
257.6784531119 96.07
261.4264725186 96.00
265.2290081229 95.94
269.0868528812 95.88
273.0008112836 95.82
276.971699522 95.76
281.0003456597 95.71
285.0875898049 95.66
289.2342842852 95.61
293.4412938255 95.57
297.7094957287 95.52
302.0397800581 95.48
306.4330498235 95.44
310.8902211692 95.40
315.4122235649 95.36
320 95.33
324.65450718 95.30
329.3767157259 95.28
334.1676103768 95.27
339.028190195 95.25
343.9594687746 95.24
348.9624744529 95.23
354.0382505244 95.22
359.187855459 95.21
364.4123631221 95.20
369.7128629991 95.19
375.0904604222 95.18
380.5462768009 95.17
386.0814498562 95.16
391.6971338575 95.16
397.3944998635 95.15
403.1747359664 95.14
409.0390475393 95.14
414.9886574883 95.14
421.0248065068 95.14
427.1487533344 95.14
433.3617750198 95.15
439.6651671866 95.15
446.0602443037 95.16
452.5483399594 95.16
459.1308071395 95.17
465.8090185095 95.18
472.5843667007 95.20
479.4582646005 95.21
486.4321456477 95.22
493.5074641306 95.23
500.6856954905 95.25
507.9683366298 95.26
515.3569062238 95.28
522.8529450372 95.29
530.4580162458 95.31
538.1737057624 95.33
546.0016225673 95.34
553.9433990439 95.36
562.0006913195 95.38
570.1751796098 95.39
578.4685685703 95.41
586.882587651 95.42
595.4189914574 95.44
604.0795601163 95.45
612.8660996471 95.46
621.7804423383 95.48
630.8244471297 95.49
640 95.51
649.30901436 95.52
658.7534314519 95.53
668.3352207536 95.54
678.05638039 95.56
687.9189375493 95.57
697.9249489058 95.58
708.0765010489 95.59
718.375710918 95.61
728.8247262443 95.62
739.4257259983 95.63
750.1809208443 95.64
761.0925536018 95.66
772.1628997124 95.67
783.394267715 95.69
794.7889997271 95.71
806.3494719327 95.73
818.0780950787 95.75
829.9773149767 95.77
842.0496130136 95.80
854.2975066688 95.83
866.7235500396 95.87
879.3303343732 95.91
892.1204886074 95.96
905.0966799188 96.01
918.2616142791 96.06
931.618037019 96.13
945.1687334013 96.20
958.9165292011 96.27
972.8642912955 96.35
987.0149282611 96.44
1001.371390981 96.54
1015.9366732597 96.64
1030.7138124476 96.75
1045.7058900743 96.86
1060.9160324916 96.98
1076.3474115248 97.10
1092.0032451345 97.22
1107.8867980879 97.35
1124.0013826389 97.48
1140.3503592197 97.60
1156.9371371406 97.72
1173.765175302 97.84
1190.8379829148 97.96
1208.1591202326 98.07
1225.7321992942 98.18
1243.5608846767 98.28
1261.6488942595 98.38
1280 98.47
1298.6180287201 98.56
1317.5068629037 98.65
1336.6704415071 98.73
1356.1127607799 98.81
1375.8378750985 98.88
1395.8498978116 98.96
1416.1530020977 99.03
1436.751421836 99.11
1457.6494524886 99.18
1478.8514519966 99.26
1500.3618416887 99.33
1522.1851072035 99.41
1544.3257994247 99.49
1566.78853543 99.57
1589.5779994541 99.65
1612.6989438655 99.74
1636.1561901574 99.82
1659.9546299533 99.91
1684.0992260271 100.01
1708.5950133377 100.10
1733.4471000793 100.20
1758.6606687464 100.31
1784.2409772148 100.41
1810.1933598376 100.51
1836.5232285581 100.62
1863.2360740381 100.73
1890.3374668026 100.84
1917.8330584022 100.94
1945.7285825909 101.05
1974.0298565222 101.16
2002.742781962 101.26
2031.8733465194 101.36
2061.4276248951 101.46
2091.4117801487 101.55
2121.8320649832 101.65
2152.6948230496 101.73
2184.0064902691 101.82
2215.7735961758 101.90
2248.0027652779 101.98
2280.7007184393 102.06
2313.8742742813 102.14
2347.530350604 102.22
2381.6759658296 102.30
2416.3182404652 102.38
2451.4643985884 102.45
2487.1217693533 102.52
2523.297788519 102.58
2560.0000000001 102.62
2597.2360574402 102.63
2635.0137258074 102.62
2673.3408830143 102.56
2712.2255215599 102.47
2751.6757501971 102.34
2791.6997956232 102.17
2832.3060041955 101.99
2873.5028436721 101.78
2915.2989049772 101.57
2957.7029039931 101.34
3000.7236833774 101.11
3044.3702144071 100.88
3088.6515988494 100.65
3133.57707086 100.43
3179.1559989082 100.24
3225.397887731 100.09
3272.3123803148 99.99
3319.9092599067 99.96
3368.1984520542 99.99
3417.1900266754 100.09
3466.8942001586 100.25
3517.3213374928 100.45
3568.4819544296 100.70
3620.3867196753 100.96
3673.0464571163 101.23
3726.4721480761 101.49
3780.6749336053 101.72
3835.6661168044 101.91
3891.4571651819 102.03
3948.0597130445 102.08
4005.4855639241 102.01
4063.7466930387 101.84
4122.8552497902 101.56
4182.8235602974 101.21
4243.6641299665 100.79
4305.3896460992 100.34
4368.0129805382 99.87
4431.5471923516 99.41
4496.0055305558 98.96
4561.4014368787 98.54
4627.7485485626 98.17
4695.0607012081 97.87
4763.3519316592 97.61
4832.6364809305 97.40
4902.9287971769 97.22
4974.2435387067 97.05
5046.595577038 96.88
5120.0000000002 96.70
5194.4721148803 96.51
5270.0274516149 96.33
5346.6817660286 96.15
5424.4510431198 96.00
5503.3515003942 95.85
5583.3995912463 95.72
5664.6120083911 95.59
5747.0056873442 95.54
5830.5978099545 95.54
5915.4058079863 95.60
6001.4473667548 95.72
6088.7404288142 95.86
6177.3031976989 95.97
6267.1541417201 96.09
6358.3119978165 96.23
6450.795775462 96.40
6544.6247606297 96.62
6639.8185198134 96.88
6736.3969041085 97.20
6834.3800533509 97.58
6933.7884003172 98.02
7034.6426749857 98.53
7136.9639088592 99.11
7240.7734393506 99.76
7346.0929142326 100.42
7452.9442961523 101.03
7561.3498672106 101.51
7671.3322336089 101.76
7782.9143303638 101.71
7896.119426089 101.33
8010.9711278481 100.65
8127.4933860775 99.78
8245.7104995805 98.85
8365.6471205948 97.94
8487.328259933 97.08
8610.7792921984 96.28
8736.0259610765 95.60
8863.0943847033 95.00
8992.0110611117 94.49
9122.8028737575 94.07
9255.4970971253 93.76
9390.1214024162 93.54
9526.7038633184 93.42
9665.272961861 93.40
9805.8575943538 93.49
9948.4870774134 93.68
10093.191154076 93.99
10240.0000000005 94.40
10388.9442297607 94.91
10540.0549032298 95.50
10693.3635320572 96.12
10848.9020862397 96.72
11006.7030007884 97.21
11166.7991824927 97.52
11329.2240167822 97.53
11494.0113746885 97.26
11661.1956199091 96.61
11830.8116159726 95.81
12002.8947335097 94.89
12177.4808576284 93.97
12354.6063953979 93.15
12534.3082834402 92.43
12716.6239956331 91.85
12901.5915509241 91.46
13089.2495212594 91.17
13279.637039627 91.02
13472.7938082171 91.04
13668.7601067018 91.20
13867.5768006344 91.45
14069.2853499715 91.77
14273.9278177184 92.11
14481.5468787012 92.59
14692.1858284653 93.31
14905.8885923047 94.35
15122.6997344212 95.60
15342.6644672179 96.51
15565.8286607277 96.22
15792.2388521781 94.21
16021.9422556964 91.49
16254.9867721551 89.00
16491.4209991611 86.88
16731.2942411897 83.94
16974.656519866 83.65
17221.5585843969 82.31
17472.0519221531 75.57
17726.1887694067 73.72
17984.0221222235 74.66
18245.605747515 75.14
18510.9941942506 75.55
18780.2428048326 76.00
19053.4077266369 76.64
19330.545923722 77.33
19611.7151887077 77.90
19896.9741548268 78.12
20186.382308152 78.12
