20 91.75
20.2909066988 91.75
20.5860447329 91.79
20.8854756485 91.83
21.1892618872 91.87
21.4974667984 91.92
21.8101546533 91.96
22.1273906578 92.00
22.4492409662 92.04
22.7757726951 92.07
23.1070539374 92.11
23.4431537764 92.14
23.7841423001 92.17
24.130090616 92.20
24.4810708661 92.23
24.8371562415 92.26
25.1984209979 92.28
25.5649404712 92.32
25.936791093 92.35
26.3140504067 92.39
26.6967970834 92.42
27.0851109387 92.45
27.4790729492 92.47
27.878765269 92.50
28.2842712475 92.52
28.6956754462 92.55
29.1130636568 92.58
29.5365229188 92.61
29.9661415375 92.63
30.402009103 92.66
30.8442165082 92.68
31.2928559682 92.70
31.7480210394 92.72
32.209806639 92.74
32.6783090648 92.75
33.1536260154 92.77
33.6358566101 92.79
34.1251014105 92.81
34.6214624402 92.83
35.1250432075 92.85
35.6359487256 92.86
36.1542855356 92.88
36.6801617282 92.89
37.2136869661 92.90
37.7549725073 92.90
38.3041312279 92.91
38.8612776461 92.93
39.4265279456 92.95
40 92.97
40.5818133975 92.98
41.1720894657 92.98
41.7709512971 92.98
42.3785237744 92.99
42.9949335968 93.00
43.6203093066 93.02
44.2547813156 93.03
44.8984819324 93.03
45.5515453903 93.03
46.2141078749 93.03
46.8863075528 93.04
47.5682846001 93.05
48.260181232 93.06
48.9621417322 93.06
49.6743124829 93.05
50.3968419958 93.06
51.1298809424 93.07
51.873582186 93.04
52.6281008133 92.99
53.3935941668 92.99
54.1702218775 93.04
54.9581458983 93.07
55.757530538 93.06
56.5685424949 93.06
57.3913508924 93.04
58.2261273137 93.01
59.0730458376 93.00
59.9322830751 93.03
60.804018206 93.04
61.6884330163 93.03
62.5857119363 93.02
63.4960420787 93.02
64.419613278 93.02
65.3566181296 93.06
66.3072520307 93.11
67.2717132203 93.03
68.2502028209 92.95
69.2429248805 92.95
70.2500864149 92.95
71.2718974512 92.94
72.3085710713 92.92
73.3603234564 92.92
74.4273739322 92.90
75.5099450145 92.88
76.6082624559 92.86
77.7225552923 92.85
78.8530558912 92.84
80 92.81
81.163626795 92.80
82.3441789315 92.77
83.5419025942 92.76
84.7570475487 92.74
85.9898671937 92.73
87.2406186132 92.66
88.5095626311 92.66
89.7969638648 92.66
91.1030907805 92.64
92.4282157498 92.60
93.7726151055 92.59
95.1365692002 92.56
96.520362464 92.53
97.9242834644 92.51
99.3486249659 92.48
100.7936839916 92.45
102.2597618848 92.42
103.7471643721 92.39
105.2562016267 92.36
106.7871883336 92.33
108.340443755 92.30
109.9162917966 92.27
111.5150610759 92.23
113.1370849898 92.20
114.7827017849 92.17
116.4522546274 92.13
118.1460916752 92.09
119.8645661501 92.07
121.6080364119 92.02
123.3768660326 91.97
125.1714238726 91.94
126.9920841575 91.89
128.8392265559 91.85
130.7132362593 91.81
132.6145040614 91.77
134.5434264406 91.72
136.5004056418 91.67
138.485849761 91.63
140.5001728299 91.58
142.5437949025 91.53
144.6171421426 91.48
146.7206469127 91.42
148.8547478643 91.38
151.0198900291 91.32
153.2165249118 91.25
155.4451105846 91.20
157.7061117824 91.13
160 91.06
162.32725359 91.00
164.688357863 90.94
167.0838051884 90.89
169.5140950975 90.81
171.9797343873 90.74
174.4812372264 90.69
177.0191252622 90.61
179.5939277295 90.57
182.2061815611 90.44
184.8564314996 90.47
187.5452302111 90.55
190.2731384004 90.57
193.0407249281 90.61
195.8485669287 90.61
198.6972499318 90.62
201.5873679832 90.59
204.5195237697 90.55
207.4943287442 90.53
210.5124032534 90.48
213.5743766672 90.47
216.6808875099 90.41
219.8325835933 90.33
223.0301221518 90.27
226.2741699797 90.19
229.5654035698 90.12
232.9045092548 90.04
236.2921833503 89.97
239.7291323003 89.89
243.2160728239 89.82
246.7537320653 89.75
250.3428477452 89.68
253.9841683149 89.61
257.6784531119 89.53
261.4264725186 89.46
265.2290081229 89.40
269.0868528812 89.32
273.0008112836 89.25
276.971699522 89.18
281.0003456597 89.11
285.0875898049 89.03
289.2342842852 88.96
293.4412938255 88.89
297.7094957287 88.81
302.0397800581 88.74
306.4330498235 88.66
310.8902211692 88.58
315.4122235649 88.52
320 88.44
324.65450718 88.36
329.3767157259 88.29
334.1676103768 88.21
339.028190195 88.14
343.9594687746 88.06
348.9624744529 87.98
354.0382505244 87.90
359.187855459 87.82
364.4123631221 87.73
369.7128629991 87.65
375.0904604222 87.57
380.5462768009 87.49
386.0814498562 87.41
391.6971338575 87.35
397.3944998635 87.30
403.1747359664 87.30
409.0390475393 87.31
414.9886574883 87.30
421.0248065068 87.26
427.1487533344 87.20
433.3617750198 87.12
439.6651671866 87.04
446.0602443037 86.96
452.5483399594 86.89
459.1308071395 86.81
465.8090185095 86.74
472.5843667007 86.67
479.4582646005 86.60
486.4321456477 86.53
493.5074641306 86.47
500.6856954905 86.41
507.9683366298 86.35
515.3569062238 86.29
522.8529450372 86.23
530.4580162458 86.17
538.1737057624 86.11
546.0016225673 86.07
553.9433990439 86.02
562.0006913195 85.98
570.1751796098 85.95
578.4685685703 85.91
586.882587651 85.88
595.4189914574 85.84
604.0795601163 85.80
612.8660996471 85.76
621.7804423383 85.72
630.8244471297 85.69
640 85.65
649.30901436 85.62
658.7534314519 85.59
668.3352207536 85.56
678.05638039 85.53
687.9189375493 85.51
697.9249489058 85.49
708.0765010489 85.47
718.375710918 85.45
728.8247262443 85.45
739.4257259983 85.44
750.1809208443 85.44
761.0925536018 85.44
772.1628997124 85.45
783.394267715 85.46
794.7889997271 85.48
806.3494719327 85.51
818.0780950787 85.54
829.9773149767 85.58
842.0496130136 85.62
854.2975066688 85.67
866.7235500396 85.73
879.3303343732 85.80
892.1204886074 85.87
905.0966799188 85.96
918.2616142791 86.05
931.618037019 86.16
945.1687334013 86.28
958.9165292011 86.40
972.8642912955 86.54
987.0149282611 86.69
1001.371390981 86.85
1015.9366732597 87.03
1030.7138124476 87.21
1045.7058900743 87.39
1060.9160324916 87.59
1076.3474115248 87.81
1092.0032451345 88.02
1107.8867980879 88.24
1124.0013826389 88.46
1140.3503592197 88.69
1156.9371371406 88.91
1173.765175302 89.14
1190.8379829148 89.37
1208.1591202326 89.60
1225.7321992942 89.82
1243.5608846767 90.03
1261.6488942595 90.25
1280 90.46
1298.6180287201 90.66
1317.5068629037 90.86
1336.6704415071 91.06
1356.1127607799 91.25
1375.8378750985 91.44
1395.8498978116 91.63
1416.1530020977 91.81
1436.751421836 92.00
1457.6494524886 92.18
1478.8514519966 92.36
1500.3618416887 92.53
1522.1851072035 92.71
1544.3257994247 92.88
1566.78853543 93.05
1589.5779994541 93.22
1612.6989438655 93.39
1636.1561901574 93.55
1659.9546299533 93.71
1684.0992260271 93.88
1708.5950133377 94.04
1733.4471000793 94.19
1758.6606687464 94.34
1784.2409772148 94.49
1810.1933598376 94.63
1836.5232285581 94.77
1863.2360740381 94.90
1890.3374668026 95.03
1917.8330584022 95.15
1945.7285825909 95.26
1974.0298565222 95.37
2002.742781962 95.47
2031.8733465194 95.56
2061.4276248951 95.65
2091.4117801487 95.73
2121.8320649832 95.81
2152.6948230496 95.88
2184.0064902691 95.95
2215.7735961758 96.01
2248.0027652779 96.06
2280.7007184393 96.11
2313.8742742813 96.16
2347.530350604 96.21
2381.6759658296 96.26
2416.3182404652 96.31
2451.4643985884 96.36
2487.1217693533 96.41
2523.297788519 96.45
2560.0000000001 96.50
2597.2360574402 96.55
2635.0137258074 96.61
2673.3408830143 96.67
2712.2255215599 96.73
2751.6757501971 96.80
2791.6997956232 96.88
2832.3060041955 96.96
2873.5028436721 97.05
2915.2989049772 97.14
2957.7029039931 97.23
3000.7236833774 97.32
3044.3702144071 97.42
3088.6515988494 97.52
3133.57707086 97.61
3179.1559989082 97.71
3225.397887731 97.79
3272.3123803148 97.88
3319.9092599067 97.96
3368.1984520542 98.05
3417.1900266754 98.14
3466.8942001586 98.24
3517.3213374928 98.36
3568.4819544296 98.49
3620.3867196753 98.64
3673.0464571163 98.77
3726.4721480761 98.90
3780.6749336053 99.02
3835.6661168044 99.13
3891.4571651819 99.24
3948.0597130445 99.33
4005.4855639241 99.40
4063.7466930387 99.44
4122.8552497902 99.44
4182.8235602974 99.41
4243.6641299665 99.32
4305.3896460992 99.18
4368.0129805382 98.99
4431.5471923516 98.77
4496.0055305558 98.52
4561.4014368787 98.25
4627.7485485626 97.98
4695.0607012081 97.67
4763.3519316592 97.31
4832.6364809305 96.92
4902.9287971769 96.52
4974.2435387067 96.14
5046.595577038 95.81
5120.0000000002 95.50
5194.4721148803 95.25
5270.0274516149 95.06
5346.6817660286 94.94
5424.4510431198 94.91
5503.3515003942 94.96
5583.3995912463 95.03
5664.6120083911 95.11
5747.0056873442 95.21
5830.5978099545 95.36
5915.4058079863 95.56
6001.4473667548 95.82
6088.7404288142 96.17
6177.3031976989 96.56
6267.1541417201 96.99
6358.3119978165 97.42
6450.795775462 97.81
6544.6247606297 98.10
6639.8185198134 98.26
6736.3969041085 98.28
6834.3800533509 98.18
6933.7884003172 98.05
7034.6426749857 97.93
7136.9639088592 97.84
7240.7734393506 97.84
7346.0929142326 97.94
7452.9442961523 98.15
7561.3498672106 98.47
7671.3322336089 98.86
7782.9143303638 99.28
7896.119426089 99.64
8010.9711278481 99.81
8127.4933860775 99.66
8245.7104995805 99.15
8365.6471205948 98.34
8487.328259933 97.38
8610.7792921984 96.39
8736.0259610765 95.45
8863.0943847033 94.62
8992.0110611117 93.89
9122.8028737575 93.28
9255.4970971253 92.81
9390.1214024162 92.52
9526.7038633184 92.38
9665.272961861 92.41
9805.8575943538 92.61
9948.4870774134 92.95
10093.191154076 93.28
10240.0000000005 93.48
10388.9442297607 93.47
10540.0549032298 93.17
10693.3635320572 92.56
10848.9020862397 91.80
11006.7030007884 91.15
11166.7991824927 90.78
11329.2240167822 90.74
11494.0113746885 90.88
11661.1956199091 91.12
11830.8116159726 91.34
12002.8947335097 91.53
12177.4808576284 91.59
12354.6063953979 91.48
12534.3082834402 91.33
12716.6239956331 91.20
12901.5915509241 91.27
13089.2495212594 91.44
13279.637039627 91.87
13472.7938082171 92.61
13668.7601067018 93.63
13867.5768006344 94.88
14069.2853499715 96.08
14273.9278177184 97.02
14481.5468787012 96.72
14692.1858284653 95.09
14905.8885923047 93.17
15122.6997344212 91.35
15342.6644672179 89.83
15565.8286607277 88.68
15792.2388521781 87.90
16021.9422556964 87.42
16254.9867721551 86.77
16491.4209991611 85.71
16731.2942411897 84.78
16974.656519866 84.25
17221.5585843969 84.08
17472.0519221531 84.10
17726.1887694067 84.13
17984.0221222235 84.11
18245.605747515 83.88
18510.9941942506 83.05
18780.2428048326 81.41
19053.4077266369 79.08
19330.545923722 76.02
19611.7151887077 71.93
19896.9741548268 69.57
20186.382308152 69.57
