20 98.19
20.2909066988 98.19
20.5860447329 98.16
20.8854756485 98.14
21.1892618872 98.14
21.4974667984 98.16
21.8101546533 98.19
22.1273906578 98.24
22.4492409662 98.27
22.7757726951 98.30
23.1070539374 98.31
23.4431537764 98.31
23.7841423001 98.32
24.130090616 98.32
24.4810708661 98.33
24.8371562415 98.33
25.1984209979 98.34
25.5649404712 98.34
25.936791093 98.34
26.3140504067 98.34
26.6967970834 98.35
27.0851109387 98.36
27.4790729492 98.38
27.878765269 98.39
28.2842712475 98.38
28.6956754462 98.36
29.1130636568 98.34
29.5365229188 98.33
29.9661415375 98.36
30.402009103 98.40
30.8442165082 98.44
31.2928559682 98.45
31.7480210394 98.44
32.209806639 98.42
32.6783090648 98.43
33.1536260154 98.45
33.6358566101 98.46
34.1251014105 98.47
34.6214624402 98.46
35.1250432075 98.45
35.6359487256 98.44
36.1542855356 98.42
36.6801617282 98.41
37.2136869661 98.41
37.7549725073 98.43
38.3041312279 98.46
38.8612776461 98.45
39.4265279456 98.42
40 98.39
40.5818133975 98.40
41.1720894657 98.45
41.7709512971 98.48
42.3785237744 98.50
42.9949335968 98.52
43.6203093066 98.53
44.2547813156 98.53
44.8984819324 98.53
45.5515453903 98.52
46.2141078749 98.52
46.8863075528 98.51
47.5682846001 98.50
48.260181232 98.49
48.9621417322 98.49
49.6743124829 98.51
50.3968419958 98.52
51.1298809424 98.50
51.873582186 98.47
52.6281008133 98.45
53.3935941668 98.45
54.1702218775 98.44
54.9581458983 98.43
55.757530538 98.42
56.5685424949 98.42
57.3913508924 98.42
58.2261273137 98.41
59.0730458376 98.40
59.9322830751 98.38
60.804018206 98.36
61.6884330163 98.36
62.5857119363 98.34
63.4960420787 98.33
64.419613278 98.32
65.3566181296 98.31
66.3072520307 98.29
67.2717132203 98.27
68.2502028209 98.26
69.2429248805 98.25
70.2500864149 98.23
71.2718974512 98.22
72.3085710713 98.20
73.3603234564 98.18
74.4273739322 98.17
75.5099450145 98.15
76.6082624559 98.13
77.7225552923 98.11
78.8530558912 98.09
80 98.07
81.163626795 98.05
82.3441789315 98.03
83.5419025942 98.01
84.7570475487 97.98
85.9898671937 97.96
87.2406186132 97.93
88.5095626311 97.91
89.7969638648 97.88
91.1030907805 97.86
92.4282157498 97.83
93.7726151055 97.80
95.1365692002 97.77
96.520362464 97.75
97.9242834644 97.72
99.3486249659 97.69
100.7936839916 97.66
102.2597618848 97.62
103.7471643721 97.59
105.2562016267 97.55
106.7871883336 97.52
108.340443755 97.48
109.9162917966 97.45
111.5150610759 97.41
113.1370849898 97.38
114.7827017849 97.34
116.4522546274 97.31
118.1460916752 97.27
119.8645661501 97.23
121.6080364119 97.18
123.3768660326 97.14
125.1714238726 97.10
126.9920841575 97.05
128.8392265559 97.01
130.7132362593 96.96
132.6145040614 96.92
134.5434264406 96.87
136.5004056418 96.82
138.485849761 96.77
140.5001728299 96.72
142.5437949025 96.67
144.6171421426 96.62
146.7206469127 96.56
148.8547478643 96.51
151.0198900291 96.45
153.2165249118 96.40
155.4451105846 96.34
157.7061117824 96.29
160 96.23
162.32725359 96.17
164.688357863 96.11
167.0838051884 96.04
169.5140950975 95.98
171.9797343873 95.92
174.4812372264 95.86
177.0191252622 95.80
179.5939277295 95.73
182.2061815611 95.68
184.8564314996 95.63
187.5452302111 95.58
190.2731384004 95.54
193.0407249281 95.50
195.8485669287 95.48
198.6972499318 95.45
201.5873679832 95.43
204.5195237697 95.39
207.4943287442 95.33
210.5124032534 95.27
213.5743766672 95.20
216.6808875099 95.13
219.8325835933 95.05
223.0301221518 94.98
226.2741699797 94.91
229.5654035698 94.83
232.9045092548 94.76
236.2921833503 94.68
239.7291323003 94.61
243.2160728239 94.54
246.7537320653 94.46
250.3428477452 94.39
253.9841683149 94.31
257.6784531119 94.24
261.4264725186 94.16
265.2290081229 94.09
269.0868528812 94.01
273.0008112836 93.93
276.971699522 93.85
281.0003456597 93.78
285.0875898049 93.70
289.2342842852 93.62
293.4412938255 93.54
297.7094957287 93.46
302.0397800581 93.38
306.4330498235 93.30
310.8902211692 93.22
315.4122235649 93.14
320 93.06
324.65450718 92.98
329.3767157259 92.90
334.1676103768 92.82
339.028190195 92.74
343.9594687746 92.65
348.9624744529 92.57
354.0382505244 92.49
359.187855459 92.41
364.4123631221 92.36
369.7128629991 92.31
375.0904604222 92.27
380.5462768009 92.21
386.0814498562 92.15
391.6971338575 92.08
397.3944998635 92.00
403.1747359664 91.91
409.0390475393 91.83
414.9886574883 91.75
421.0248065068 91.68
427.1487533344 91.62
433.3617750198 91.57
439.6651671866 91.54
446.0602443037 91.50
452.5483399594 91.45
459.1308071395 91.38
465.8090185095 91.30
472.5843667007 91.23
479.4582646005 91.15
486.4321456477 91.08
493.5074641306 91.01
500.6856954905 90.93
507.9683366298 90.86
515.3569062238 90.79
522.8529450372 90.72
530.4580162458 90.65
538.1737057624 90.58
546.0016225673 90.51
553.9433990439 90.44
562.0006913195 90.38
570.1751796098 90.31
578.4685685703 90.24
586.882587651 90.18
595.4189914574 90.11
604.0795601163 90.05
612.8660996471 89.99
621.7804423383 89.94
630.8244471297 89.89
640 89.85
649.30901436 89.81
658.7534314519 89.77
668.3352207536 89.75
678.05638039 89.73
687.9189375493 89.71
697.9249489058 89.70
708.0765010489 89.70
718.375710918 89.71
728.8247262443 89.73
739.4257259983 89.75
750.1809208443 89.78
761.0925536018 89.81
772.1628997124 89.85
783.394267715 89.89
794.7889997271 89.94
806.3494719327 89.99
818.0780950787 90.04
829.9773149767 90.10
842.0496130136 90.17
854.2975066688 90.24
866.7235500396 90.32
879.3303343732 90.40
892.1204886074 90.50
905.0966799188 90.60
918.2616142791 90.71
931.618037019 90.83
945.1687334013 90.96
958.9165292011 91.10
972.8642912955 91.26
987.0149282611 91.42
1001.371390981 91.59
1015.9366732597 91.78
1030.7138124476 91.97
1045.7058900743 92.17
1060.9160324916 92.38
1076.3474115248 92.60
1092.0032451345 92.82
1107.8867980879 93.04
1124.0013826389 93.27
1140.3503592197 93.50
1156.9371371406 93.73
1173.765175302 93.95
1190.8379829148 94.18
1208.1591202326 94.40
1225.7321992942 94.61
1243.5608846767 94.82
1261.6488942595 95.02
1280 95.22
1298.6180287201 95.40
1317.5068629037 95.58
1336.6704415071 95.75
1356.1127607799 95.92
1375.8378750985 96.07
1395.8498978116 96.22
1416.1530020977 96.35
1436.751421836 96.49
1457.6494524886 96.61
1478.8514519966 96.73
1500.3618416887 96.84
1522.1851072035 96.94
1544.3257994247 97.04
1566.78853543 97.13
1589.5779994541 97.22
1612.6989438655 97.30
1636.1561901574 97.37
1659.9546299533 97.44
1684.0992260271 97.50
1708.5950133377 97.55
1733.4471000793 97.61
1758.6606687464 97.65
1784.2409772148 97.70
1810.1933598376 97.74
1836.5232285581 97.77
1863.2360740381 97.80
1890.3374668026 97.83
1917.8330584022 97.85
1945.7285825909 97.87
1974.0298565222 97.89
2002.742781962 97.90
2031.8733465194 97.92
2061.4276248951 97.92
2091.4117801487 97.93
2121.8320649832 97.94
2152.6948230496 97.94
2184.0064902691 97.94
2215.7735961758 97.94
2248.0027652779 97.94
2280.7007184393 97.94
2313.8742742813 97.94
2347.530350604 97.94
2381.6759658296 97.94
2416.3182404652 97.93
2451.4643985884 97.93
2487.1217693533 97.93
2523.297788519 97.92
2560.0000000001 97.92
2597.2360574402 97.92
2635.0137258074 97.93
2673.3408830143 97.93
2712.2255215599 97.94
2751.6757501971 97.95
2791.6997956232 97.97
2832.3060041955 97.99
2873.5028436721 98.02
2915.2989049772 98.05
2957.7029039931 98.09
3000.7236833774 98.11
3044.3702144071 98.13
3088.6515988494 98.13
3133.57707086 98.11
3179.1559989082 98.05
3225.397887731 97.98
3272.3123803148 97.90
3319.9092599067 97.83
3368.1984520542 97.77
3417.1900266754 97.74
3466.8942001586 97.73
3517.3213374928 97.74
3568.4819544296 97.77
3620.3867196753 97.82
3673.0464571163 97.89
3726.4721480761 97.97
3780.6749336053 98.06
3835.6661168044 98.16
3891.4571651819 98.27
3948.0597130445 98.38
4005.4855639241 98.50
4063.7466930387 98.61
4122.8552497902 98.74
4182.8235602974 98.86
4243.6641299665 98.98
4305.3896460992 99.10
4368.0129805382 99.21
4431.5471923516 99.29
4496.0055305558 99.34
4561.4014368787 99.33
4627.7485485626 99.27
4695.0607012081 99.14
4763.3519316592 98.94
4832.6364809305 98.69
4902.9287971769 98.37
4974.2435387067 98.00
5046.595577038 97.59
5120.0000000002 97.16
5194.4721148803 96.72
5270.0274516149 96.29
5346.6817660286 95.89
5424.4510431198 95.51
5503.3515003942 95.15
5583.3995912463 94.80
5664.6120083911 94.38
5747.0056873442 93.96
5830.5978099545 93.63
5915.4058079863 93.47
6001.4473667548 93.42
6088.7404288142 93.47
6177.3031976989 93.60
6267.1541417201 93.82
6358.3119978165 94.13
6450.795775462 94.54
6544.6247606297 95.02
6639.8185198134 95.56
6736.3969041085 96.12
6834.3800533509 96.64
6933.7884003172 97.10
7034.6426749857 97.46
7136.9639088592 97.73
7240.7734393506 97.95
7346.0929142326 98.14
7452.9442961523 98.35
7561.3498672106 98.61
7671.3322336089 98.91
7782.9143303638 99.23
7896.119426089 99.54
8010.9711278481 99.70
8127.4933860775 99.61
8245.7104995805 99.20
8365.6471205948 98.48
8487.328259933 97.57
8610.7792921984 96.56
8736.0259610765 95.54
8863.0943847033 94.57
8992.0110611117 93.68
9122.8028737575 92.90
9255.4970971253 92.23
9390.1214024162 91.69
9526.7038633184 91.27
9665.272961861 90.97
9805.8575943538 90.81
9948.4870774134 90.80
10093.191154076 90.95
10240.0000000005 91.26
10388.9442297607 91.73
10540.0549032298 92.33
10693.3635320572 92.96
10848.9020862397 93.39
11006.7030007884 93.24
11166.7991824927 92.38
11329.2240167822 90.90
11494.0113746885 89.29
11661.1956199091 88.00
11830.8116159726 87.16
12002.8947335097 87.04
12177.4808576284 87.42
12354.6063953979 88.40
12534.3082834402 89.50
12716.6239956331 90.47
12901.5915509241 91.04
13089.2495212594 91.40
13279.637039627 91.59
13472.7938082171 91.74
13668.7601067018 92.04
13867.5768006344 92.59
14069.2853499715 93.49
14273.9278177184 94.69
14481.5468787012 96.20
14692.1858284653 97.44
14905.8885923047 97.54
15122.6997344212 96.39
15342.6644672179 94.24
15565.8286607277 91.64
15792.2388521781 89.21
16021.9422556964 87.26
16254.9867721551 85.82
16491.4209991611 84.99
16731.2942411897 84.59
16974.656519866 84.52
17221.5585843969 84.73
17472.0519221531 85.23
17726.1887694067 85.86
17984.0221222235 86.28
18245.605747515 85.94
18510.9941942506 84.58
18780.2428048326 82.78
19053.4077266369 81.20
19330.545923722 79.79
19611.7151887077 77.56
19896.9741548268 76.05
20186.382308152 76.05
