20.000000	75.422
20.290907	75.591
20.586045	75.760
20.885476	75.929
21.189262	76.098
21.497467	76.266
21.810155	76.434
22.127391	76.601
22.449241	76.766
22.775773	76.929
23.107054	77.089
23.443154	77.246
23.784142	77.400
24.130091	77.553
24.481071	77.703
24.837156	77.852
25.198421	77.999
25.564940	78.145
25.936791	78.289
26.314050	78.432
26.696797	78.573
27.085111	78.714
27.479073	78.852
27.878765	78.988
28.284271	79.120
28.695675	79.250
29.113064	79.378
29.536523	79.505
29.966142	79.632
30.402009	79.760
30.844217	79.885
31.292856	80.008
31.748021	80.128
32.209807	80.246
32.678309	80.362
33.153626	80.477
33.635857	80.592
34.125101	80.705
34.621462	80.817
35.125043	80.927
35.635949	81.033
36.154286	81.137
36.680162	81.238
37.213687	81.336
37.754973	81.431
38.304131	81.525
38.861278	81.617
39.426528	81.709
40.000000	81.799
40.581813	81.888
41.172089	81.976
41.770951	82.063
42.378524	82.148
42.994934	82.230
43.620309	82.311
44.254781	82.389
44.898482	82.465
45.551545	82.540
46.214108	82.612
46.886308	82.682
47.568285	82.751
48.260181	82.818
48.962142	82.882
49.674312	82.943
50.396842	83.002
51.129881	83.057
51.873582	83.108
52.628101	83.153
53.393594	83.194
54.170222	83.232
54.958146	83.267
55.757531	83.301
56.568542	83.337
57.391351	83.375
58.226127	83.417
59.073046	83.462
59.932283	83.512
60.804018	83.564
61.688433	83.617
62.585712	83.671
63.496042	83.723
64.419613	83.773
65.356618	83.820
66.307252	83.863
67.271713	83.903
68.250203	83.939
69.242925	83.971
70.250086	83.999
71.271897	84.023
72.308571	84.041
73.360323	84.054
74.427374	84.060
75.509945	84.058
76.608262	84.047
77.722555	84.027
78.853056	83.996
80.000000	83.955
81.163627	83.907
82.344179	83.853
83.541903	83.801
84.757048	83.754
85.989867	83.720
87.240619	83.701
88.509563	83.698
89.796964	83.714
91.103091	83.744
92.428216	83.786
93.772615	83.835
95.136569	83.888
96.520362	83.942
97.924283	83.994
99.348625	84.042
100.793684	84.084
102.259762	84.120
103.747164	84.149
105.256202	84.170
106.787188	84.186
108.340444	84.196
109.916292	84.202
111.515061	84.202
113.137085	84.200
114.782702	84.197
116.452255	84.192
118.146092	84.188
119.864566	84.187
121.608036	84.187
123.376866	84.189
125.171424	84.192
126.992084	84.194
128.839227	84.195
130.713236	84.195
132.614504	84.192
134.543426	84.189
136.500406	84.182
138.485850	84.173
140.500173	84.161
142.543795	84.145
144.617142	84.125
146.720647	84.101
148.854748	84.073
151.019890	84.043
153.216525	84.010
155.445111	83.978
157.706112	83.945
160.000000	83.914
162.327254	83.887
164.688358	83.862
167.083805	83.839
169.514095	83.818
171.979734	83.797
174.481237	83.776
177.019125	83.754
179.593928	83.731
182.206182	83.705
184.856431	83.676
187.545230	83.644
190.273138	83.608
193.040725	83.567
195.848567	83.523
198.697250	83.475
201.587368	83.424
204.519524	83.370
207.494329	83.313
210.512403	83.253
213.574377	83.190
216.680888	83.125
219.832584	83.058
223.030122	82.989
226.274170	82.920
229.565404	82.852
232.904509	82.784
236.292183	82.719
239.729132	82.655
243.216073	82.593
246.753732	82.533
250.342848	82.474
253.984168	82.416
257.678453	82.358
261.426473	82.300
265.229008	82.244
269.086853	82.188
273.000811	82.134
276.971700	82.082
281.000346	82.032
285.087590	81.982
289.234284	81.934
293.441294	81.887
297.709496	81.841
302.039780	81.795
306.433050	81.749
310.890221	81.704
315.412224	81.660
320.000000	81.615
324.654507	81.571
329.376716	81.525
334.167610	81.480
339.028190	81.434
343.959469	81.388
348.962474	81.342
354.038251	81.295
359.187855	81.249
364.412363	81.204
369.712863	81.160
375.090460	81.119
380.546277	81.081
386.081450	81.044
391.697134	81.010
397.394500	80.977
403.174736	80.944
409.039048	80.910
414.988657	80.874
421.024807	80.837
427.148753	80.797
433.361775	80.756
439.665167	80.713
446.060244	80.670
452.548340	80.628
459.130807	80.589
465.809019	80.553
472.584367	80.524
479.458265	80.503
486.432146	80.491
493.507464	80.490
500.685695	80.499
507.968337	80.515
515.356906	80.540
522.852945	80.570
530.458016	80.601
538.173706	80.632
546.001623	80.660
553.943399	80.683
562.000691	80.700
570.175180	80.712
578.468569	80.715
586.882588	80.713
595.418991	80.706
604.079560	80.695
612.866100	80.681
621.780442	80.664
630.824447	80.645
640.000000	80.624
649.309014	80.601
658.753431	80.577
668.335221	80.554
678.056380	80.535
687.918938	80.524
697.924949	80.526
708.076501	80.544
718.375711	80.577
728.824726	80.624
739.425726	80.680
750.180921	80.740
761.092554	80.798
772.162900	80.849
783.394268	80.894
794.789000	80.935
806.349472	80.977
818.078095	81.025
829.977315	81.083
842.049613	81.154
854.297507	81.235
866.723550	81.321
879.330334	81.407
892.120489	81.487
905.096680	81.562
918.261614	81.627
931.618037	81.684
945.168733	81.734
958.916529	81.780
972.864291	81.823
987.014928	81.864
1001.371391	81.905
1015.936673	81.947
1030.713812	81.992
1045.705890	82.042
1060.916032	82.100
1076.347412	82.168
1092.003245	82.248
1107.886798	82.339
1124.001383	82.443
1140.350359	82.554
1156.937137	82.672
1173.765175	82.792
1190.837983	82.909
1208.159120	83.024
1225.732199	83.129
1243.560885	83.226
1261.648894	83.311
1280.000000	83.388
1298.618029	83.448
1317.506863	83.508
1336.670442	83.549
1356.112761	83.575
1375.837875	83.588
1395.849898	83.588
1416.153002	83.578
1436.751422	83.565
1457.649452	83.551
1478.851452	83.542
1500.361842	83.539
1522.185107	83.549
1544.325799	83.570
1566.788535	83.601
1589.577999	83.638
1612.698944	83.677
1636.156190	83.712
1659.954630	83.740
1684.099226	83.758
1708.595013	83.773
1733.447100	83.792
1758.660669	83.827
1784.240977	83.888
1810.193360	83.982
1836.523229	84.111
1863.236074	84.276
1890.337467	84.471
1917.833058	84.690
1945.728583	84.925
1974.029857	85.165
2002.742782	85.401
2031.873347	85.625
2061.427625	85.830
2091.411780	86.018
2121.832065	86.188
2152.694823	86.346
2184.006490	86.502
2215.773596	86.659
2248.002765	86.823
2280.700718	86.998
2313.874274	87.184
2347.530351	87.379
2381.675966	87.581
2416.318240	87.790
2451.464399	88.008
2487.121769	88.233
2523.297789	88.468
2560.000000	88.709
2597.236057	88.958
2635.013726	89.215
2673.340883	89.481
2712.225522	89.757
2751.675750	90.043
2791.699796	90.338
2832.306004	90.636
2873.502844	90.933
2915.298905	91.224
2957.702904	91.504
3000.723683	91.770
3044.370214	92.011
3088.651599	92.226
3133.577071	92.414
3179.155999	92.569
3225.397888	92.692
3272.312380	92.782
3319.909260	92.840
3368.198452	92.865
3417.190027	92.858
3466.894200	92.819
3517.321337	92.747
3568.481954	92.643
3620.386720	92.505
3673.046457	92.334
3726.472148	92.126
3780.674934	91.877
3835.666117	91.597
3891.457165	91.271
3948.059713	90.917
4005.485564	90.527
4063.746693	90.114
4122.855250	89.690
4182.823560	89.266
4243.664130	88.856
4305.389646	88.467
4368.012981	88.108
4431.547192	87.787
4496.005531	87.501
4561.401437	87.262
4627.748549	87.066
4695.060701	86.922
4763.351932	86.828
4832.636481	86.787
4902.928797	86.809
4974.243539	86.878
5046.595577	87.002
5120.000000	87.164
5194.472115	87.356
5270.027452	87.562
5346.681766	87.761
5424.451043	87.931
5503.351500	88.050
5583.399591	88.092
5664.612008	88.038
5747.005687	87.893
5830.597810	87.654
5915.405808	87.325
6001.447367	86.915
6088.740429	86.435
6177.303198	85.915
6267.154142	85.370
6358.311998	84.819
6450.795775	84.274
6544.624761	83.751
6639.818520	83.266
6736.396904	82.834
6834.380053	82.466
6933.788400	82.163
7034.642675	81.914
7136.963909	81.697
7240.773439	81.494
7346.092914	81.291
7452.944296	81.091
7561.349867	80.914
7671.332234	80.785
7782.914330	80.728
7896.119426	80.763
8010.971128	80.902
8127.493386	81.125
8245.710500	81.400
8365.647121	81.679
8487.328260	81.916
8610.779292	82.066
8736.025961	82.083
8863.094385	81.946
8992.011061	81.647
9122.802874	81.188
9255.497097	80.584
9390.121402	79.869
9526.703863	79.074
9665.272962	78.231
9805.857594	77.370
9948.487077	76.522
10093.191154	75.746
10240.000000	75.105
10388.944230	74.661
10540.054903	74.453
10693.363532	74.437
10848.902086	74.611
11006.703001	74.984
11166.799182	75.527
11329.224017	76.185
11494.011375	76.863
11661.195620	77.490
11830.811616	78.071
12002.894734	78.590
12177.480858	79.080
12354.606395	79.532
12534.308283	79.961
12716.623996	80.340
12901.591551	80.607
13089.249521	80.809
13279.637040	80.860
13472.793808	80.728
13668.760107	80.428
13867.576801	79.989
14069.285350	79.469
14273.927818	78.927
14481.546879	78.445
14692.185828	78.070
14905.888592	77.763
15122.699734	77.474
15342.664467	77.154
15565.828661	76.770
15792.238852	76.338
16021.942256	75.926
16254.986772	75.631
16491.420999	75.525
16731.294241	75.566
16974.656520	75.652
17221.558584	75.684
17472.051922	75.581
17726.188769	75.289
17984.022122	74.780
18245.605748	74.052
18510.994194	73.126
18780.242805	72.072
19053.407727	70.990
19330.545924	70.003
19611.715189	69.234
19896.974155	68.771
20186.382308	68.656
