20 72.68
20.299999 72.98
20.6 73.25
20.9 73.50
21.200001 73.72
21.4 73.86
21.799999 74.11
22 74.22
22.4 74.39
22.700001 74.50
23 74.58
23.299999 74.63
23.6 74.66
24 74.66
24.299999 74.65
24.700001 74.61
25 74.56
25.4 74.47
25.799999 74.38
26.200001 74.28
26.5 74.19
26.9 74.09
27.200001 74.01
27.6 73.91
28 73.81
28.5 73.68
29 73.55
29.5 73.41
30 73.26
30.4 73.14
30.700001 73.06
31.1 72.96
31.5 72.87
32 72.77
32.5 72.66
33 72.55
33.5 72.43
34 72.30
34.5 72.18
35 72.05
35.5 71.92
36 71.79
36.5 71.66
37 71.53
37.5 71.42
38.200001 71.28
38.700001 71.19
39.5 71.06
40 70.99
40.599998 70.90
41.200001 70.82
41.799999 70.73
42.5 70.63
43.099998 70.56
43.700001 70.50
44.400002 70.42
45 70.34
45.5 70.29
46.200001 70.22
46.799999 70.16
47.5 70.08
48.200001 70.02
48.700001 69.99
49.400002 69.95
50 69.91
50.799999 69.86
51.5 69.81
52.200001 69.75
53 69.69
53.799999 69.65
54.5 69.61
55.200001 69.59
56 69.56
57 69.53
58 69.50
59 69.46
60 69.43
60.799999 69.42
61.5 69.42
62.200001 69.42
63 69.42
64 69.41
65 69.40
66 69.39
67 69.39
68 69.39
69 69.38
70 69.36
71 69.34
72 69.32
73 69.30
74 69.28
75 69.26
76.199997 69.25
77.5 69.25
78.800003 69.24
80 69.24
81.199997 69.24
82.5 69.23
83.800003 69.22
85 69.21
86.199997 69.19
87.5 69.18
88.5 69.17
90 69.16
91.199997 69.15
92.5 69.13
93.800003 69.10
95 69.08
96.199997 69.06
97.5 69.05
98.800003 69.04
100 69.04
101.5 69.05
103 69.05
104.400002 69.04
106 69.04
107.5 69.03
109 69.03
110.599998 69.02
112 69.02
113.800003 69.01
115 69.00
117.199997 68.99
118 68.98
120.599998 68.97
122 68.97
124.099998 68.96
125 68.96
126.5 68.96
128 68.95
131.5 68.92
132 68.92
134 68.91
136 68.90
138 68.89
140 68.89
143 68.88
145 68.88
147.5 68.87
150 68.86
152.5 68.85
155 68.83
157.5 68.82
160 68.82
162.5 68.82
165 68.82
167.5 68.83
170 68.83
172.5 68.83
175 68.83
177.5 68.82
180 68.82
182.5 68.81
185 68.81
187.5 68.81
190 68.82
192.5 68.82
195 68.82
197.5 68.81
200 68.81
203 68.80
206 68.80
209 68.79
212 68.79
214 68.79
218 68.78
220 68.79
224 68.79
227 68.79
230 68.79
233 68.79
236 68.79
240 68.80
243 68.80
247 68.82
250 68.83
254 68.84
258 68.84
262 68.84
265 68.85
269 68.85
272 68.86
276 68.87
280 68.89
285 68.91
290 68.93
295 68.95
300 68.96
304 68.97
307 68.97
311 68.98
315 68.99
320 69.00
325 69.02
330 69.03
335 69.04
340 69.05
345 69.05
350 69.06
355 69.07
360 69.08
365 69.09
370 69.10
375 69.12
382 69.14
387 69.15
395 69.16
400 69.17
406 69.19
412 69.22
418 69.25
425 69.28
431 69.30
437 69.32
444 69.34
450 69.36
455 69.38
462 69.40
468 69.42
475 69.45
482 69.47
487 69.48
494 69.50
500 69.51
508 69.52
515 69.54
522 69.55
530 69.56
538 69.57
545 69.57
552 69.57
560 69.57
570 69.58
580 69.59
590 69.61
600 69.62
608 69.63
615 69.64
622 69.65
630 69.67
640 69.69
650 69.72
660 69.75
670 69.79
680 69.84
690 69.88
700 69.93
710 69.99
720 70.05
730 70.11
740 70.17
750 70.23
762 70.29
775 70.36
788 70.43
800 70.51
812 70.59
825 70.69
838 70.79
850 70.89
862 70.98
875 71.07
885 71.12
900 71.17
912 71.21
925 71.26
938 71.31
950 71.35
962 71.38
975 71.41
988 71.46
1000 71.53
1015 71.63
1030 71.75
1044 71.86
1060 72.00
1075 72.13
1090 72.23
1106 72.29
1120 72.32
1138 72.33
1150 72.32
1172 72.29
1180 72.29
1206 72.26
1220 72.22
1241 72.16
1250 72.13
1265 72.08
1280 72.03
1315 71.96
1320 71.96
1340 71.95
1360 71.93
1380 71.84
1400 71.73
1430 71.52
1450 71.38
1475 71.19
1500 71.00
1525 70.83
1550 70.71
1575 70.62
1600 70.53
1625 70.45
1650 70.41
1675 70.42
1700 70.48
1725 70.53
1750 70.56
1775 70.60
1800 70.64
1825 70.66
1850 70.68
1875 70.80
1900 70.99
1925 71.21
1950 71.45
1975 71.72
2000 71.99
2030 72.31
2060 72.64
2090 72.97
2120 73.30
2140 73.53
2180 74.00
2200 74.24
2240 74.73
2270 75.12
2300 75.46
2330 75.69
2360 75.92
2400 76.24
2430 76.46
2470 76.70
2500 76.89
2540 77.14
2580 77.34
2620 77.45
2650 77.48
2690 77.44
2720 77.35
2760 77.16
2800 76.87
2850 76.53
2900 76.47
2950 76.72
3000 77.12
3040 77.64
3070 77.97
3110 78.29
3150 78.50
3200 78.70
3250 78.89
3300 79.05
3350 79.15
3400 79.12
3450 78.92
3500 78.60
3550 78.24
3600 77.95
3650 77.75
3700 77.62
3750 77.50
3820 77.28
3870 77.06
3950 76.68
4000 76.46
4060 76.18
4120 75.88
4180 75.59
4250 75.29
4310 75.09
4370 74.92
4440 74.75
4500 74.63
4550 74.51
4620 74.31
4680 74.05
4750 73.60
4820 73.00
4870 72.52
4940 71.78
5000 71.16
5080 70.39
5150 69.85
5220 69.52
5300 69.47
5380 69.81
5450 70.36
5520 71.02
5600 71.73
5700 72.42
5800 72.89
5900 73.27
6000 73.61
6080 73.84
6150 74.03
6220 74.20
6300 74.37
6400 74.54
6500 74.56
6600 74.31
6700 73.72
6800 72.82
6900 71.66
7000 70.38
7100 69.14
7200 68.18
7300 67.64
7400 67.51
7500 67.64
7620 67.83
7750 67.76
7880 67.35
8000 66.88
8120 66.41
8250 65.81
8380 65.31
8500 65.19
8620 64.94
8750 64.44
8850 63.82
9000 62.47
9120 61.23
9250 60.11
9380 59.63
9500 59.92
9620 60.78
9750 61.95
9880 62.98
10000 63.55
10150 63.65
10300 63.12
10440 62.19
10600 60.79
10750 59.25
10900 57.52
11060 55.54
11200 53.94
11380 52.70
11500 52.82
11720 55.07
11800 56.25
12060 60.27
12200 62.20
12410 64.44
12500 65.09
12650 65.69
12800 65.73
13150 64.58
13200 64.38
13400 63.63
13600 62.94
13800 62.21
14000 61.32
14300 59.66
14500 58.67
14750 58.03
15000 57.62
15250 57.06
15500 56.88
15750 57.41
16000 58.01
16250 57.89
16500 57.52
16750 58.21
17000 59.56
17250 60.59
17500 61.04
17750 60.94
18000 60.41
18250 59.62
18500 58.69
18750 57.59
19000 56.30
19250 54.94
19500 53.62
19750 52.36
