20.000000	66.489
20.299999	66.678
20.600000	66.863
20.900000	67.038
21.200001	67.200
21.400000	67.303
21.799999	67.496
22.000000	67.589
22.400000	67.769
22.700001	67.898
23.000000	68.017
23.299999	68.126
23.600000	68.224
24.000000	68.343
24.299999	68.434
24.700001	68.567
25.000000	68.682
25.400000	68.857
25.799999	69.046
26.200001	69.239
26.500000	69.382
26.900000	69.564
27.200001	69.695
27.600000	69.857
28.000000	70.005
28.500000	70.164
29.000000	70.291
29.500000	70.389
30.000000	70.468
30.400000	70.522
30.700001	70.561
31.100000	70.613
31.500000	70.666
32.000000	70.737
32.500000	70.817
33.000000	70.909
33.500000	71.008
34.000000	71.111
34.500000	71.207
35.000000	71.294
35.500000	71.368
36.000000	71.431
36.500000	71.488
37.000000	71.542
37.500000	71.599
38.200001	71.680
38.700001	71.739
39.500000	71.820
40.000000	71.858
40.599998	71.892
41.200001	71.913
41.799999	71.927
42.500000	71.931
43.099998	71.927
43.700001	71.915
44.400002	71.892
45.000000	71.864
45.500000	71.837
46.200001	71.794
46.799999	71.758
47.500000	71.722
48.200001	71.692
48.700001	71.677
49.400002	71.661
50.000000	71.650
50.799999	71.639
51.500000	71.630
52.200001	71.620
53.000000	71.608
53.799999	71.596
54.500000	71.587
55.200001	71.578
56.000000	71.567
57.000000	71.550
58.000000	71.523
59.000000	71.486
60.000000	71.439
60.799999	71.398
61.500000	71.364
62.200001	71.328
63.000000	71.291
64.000000	71.244
65.000000	71.197
66.000000	71.149
67.000000	71.100
68.000000	71.053
69.000000	71.005
70.000000	70.958
71.000000	70.912
72.000000	70.867
73.000000	70.823
74.000000	70.783
75.000000	70.746
76.199997	70.709
77.500000	70.678
78.800003	70.659
80.000000	70.649
81.199997	70.649
82.500000	70.656
83.800003	70.672
85.000000	70.694
86.199997	70.720
87.500000	70.751
88.500000	70.778
90.000000	70.817
91.199997	70.849
92.500000	70.882
93.800003	70.914
95.000000	70.942
96.199997	70.967
97.500000	70.992
98.800003	71.013
100.000000	71.028
101.500000	71.041
103.000000	71.046
104.400002	71.043
106.000000	71.033
107.500000	71.014
109.000000	70.987
110.599998	70.950
112.000000	70.910
113.800003	70.847
115.000000	70.800
117.199997	70.702
118.000000	70.662
120.599998	70.522
122.000000	70.441
124.099998	70.312
125.000000	70.255
126.500000	70.159
128.000000	70.061
131.500000	69.823
132.000000	69.788
134.000000	69.647
136.000000	69.504
138.000000	69.363
140.000000	69.227
143.000000	69.031
145.000000	68.907
147.500000	68.763
150.000000	68.631
152.500000	68.513
155.000000	68.410
157.500000	68.321
160.000000	68.240
162.500000	68.166
165.000000	68.095
167.500000	68.025
170.000000	67.954
172.500000	67.886
175.000000	67.822
177.500000	67.766
180.000000	67.722
182.500000	67.689
185.000000	67.669
187.500000	67.659
190.000000	67.656
192.500000	67.657
195.000000	67.659
197.500000	67.659
200.000000	67.653
203.000000	67.642
206.000000	67.624
209.000000	67.597
212.000000	67.567
214.000000	67.546
218.000000	67.505
220.000000	67.488
224.000000	67.464
227.000000	67.454
230.000000	67.448
233.000000	67.444
236.000000	67.438
240.000000	67.421
243.000000	67.399
247.000000	67.357
250.000000	67.316
254.000000	67.251
258.000000	67.178
262.000000	67.096
265.000000	67.031
269.000000	66.941
272.000000	66.870
276.000000	66.773
280.000000	66.674
285.000000	66.551
290.000000	66.428
295.000000	66.309
300.000000	66.195
304.000000	66.107
307.000000	66.043
311.000000	65.962
315.000000	65.884
320.000000	65.791
325.000000	65.703
330.000000	65.621
335.000000	65.547
340.000000	65.479
345.000000	65.422
350.000000	65.380
355.000000	65.357
360.000000	65.355
365.000000	65.373
370.000000	65.410
375.000000	65.462
382.000000	65.549
387.000000	65.617
395.000000	65.727
400.000000	65.794
406.000000	65.874
412.000000	65.951
418.000000	66.026
425.000000	66.111
431.000000	66.179
437.000000	66.244
444.000000	66.312
450.000000	66.365
455.000000	66.406
462.000000	66.457
468.000000	66.495
475.000000	66.534
482.000000	66.566
487.000000	66.585
494.000000	66.607
500.000000	66.620
508.000000	66.630
515.000000	66.633
522.000000	66.630
530.000000	66.622
538.000000	66.608
545.000000	66.595
552.000000	66.578
560.000000	66.559
570.000000	66.534
580.000000	66.507
590.000000	66.482
600.000000	66.457
608.000000	66.440
615.000000	66.427
622.000000	66.418
630.000000	66.415
640.000000	66.421
650.000000	66.442
660.000000	66.481
670.000000	66.542
680.000000	66.630
690.000000	66.747
700.000000	66.892
710.000000	67.061
720.000000	67.244
730.000000	67.433
740.000000	67.616
750.000000	67.790
762.000000	67.981
775.000000	68.164
788.000000	68.325
800.000000	68.456
812.000000	68.571
825.000000	68.679
838.000000	68.771
850.000000	68.842
862.000000	68.899
875.000000	68.946
885.000000	68.972
900.000000	68.996
912.000000	69.005
925.000000	69.006
938.000000	69.005
950.000000	69.001
962.000000	69.000
975.000000	69.004
988.000000	69.012
1000.000000	69.026
1015.000000	69.059
1030.000000	69.118
1044.000000	69.203
1060.000000	69.328
1075.000000	69.454
1090.000000	69.567
1106.000000	69.648
1120.000000	69.667
1138.000000	69.612
1150.000000	69.528
1172.000000	69.311
1180.000000	69.222
1206.000000	68.957
1220.000000	68.866
1241.000000	68.828
1250.000000	68.840
1265.000000	68.871
1280.000000	68.898
1315.000000	68.877
1320.000000	68.864
1340.000000	68.786
1360.000000	68.672
1380.000000	68.537
1400.000000	68.405
1430.000000	68.255
1450.000000	68.189
1475.000000	68.121
1500.000000	68.063
1525.000000	68.061
1550.000000	68.164
1575.000000	68.331
1600.000000	68.432
1625.000000	68.353
1650.000000	68.083
1675.000000	67.724
1700.000000	67.400
1725.000000	67.149
1750.000000	66.912
1775.000000	66.629
1800.000000	66.303
1825.000000	66.017
1850.000000	65.870
1875.000000	65.907
1900.000000	66.071
1925.000000	66.279
1950.000000	66.489
1975.000000	66.695
2000.000000	66.906
2030.000000	67.172
2060.000000	67.436
2090.000000	67.672
2120.000000	67.844
2140.000000	67.910
2180.000000	67.914
2200.000000	67.855
2240.000000	67.627
2270.000000	67.386
2300.000000	67.116
2330.000000	66.845
2360.000000	66.576
2400.000000	66.178
2430.000000	65.828
2470.000000	65.307
2500.000000	64.913
2540.000000	64.423
2580.000000	63.993
2620.000000	63.647
2650.000000	63.466
2690.000000	63.364
2720.000000	63.403
2760.000000	63.602
2800.000000	63.973
2850.000000	64.748
2900.000000	65.935
2950.000000	67.382
3000.000000	68.774
3040.000000	69.683
3070.000000	70.216
3110.000000	70.748
3150.000000	71.133
3200.000000	71.516
3250.000000	71.875
3300.000000	72.234
3350.000000	72.574
3400.000000	72.871
3450.000000	73.116
3500.000000	73.319
3550.000000	73.502
3600.000000	73.693
3650.000000	73.914
3700.000000	74.166
3750.000000	74.412
3820.000000	74.633
3870.000000	74.637
3950.000000	74.344
4000.000000	73.987
4060.000000	73.403
4120.000000	72.677
4180.000000	71.866
4250.000000	70.956
4310.000000	70.352
4370.000000	70.023
4440.000000	70.019
4500.000000	70.285
4550.000000	70.638
4620.000000	71.241
4680.000000	71.781
4750.000000	72.352
4820.000000	72.796
4870.000000	73.017
4940.000000	73.189
5000.000000	73.223
5080.000000	73.155
5150.000000	73.053
5220.000000	72.984
5300.000000	73.035
5380.000000	73.273
5450.000000	73.596
5520.000000	73.947
5600.000000	74.289
5700.000000	74.545
5800.000000	74.599
5900.000000	74.488
6000.000000	74.275
6080.000000	74.081
6150.000000	73.918
6220.000000	73.776
6300.000000	73.652
6400.000000	73.548
6500.000000	73.453
6600.000000	73.291
6700.000000	72.999
6800.000000	72.549
6900.000000	71.950
7000.000000	71.238
7100.000000	70.460
7200.000000	69.674
7300.000000	68.948
7400.000000	68.349
7500.000000	67.927
7620.000000	67.667
7750.000000	67.655
7880.000000	67.888
8000.000000	68.256
8120.000000	68.617
8250.000000	68.806
8380.000000	68.662
8500.000000	68.213
8620.000000	67.506
8750.000000	66.521
8850.000000	65.670
9000.000000	64.427
9120.000000	63.706
9250.000000	63.456
9380.000000	63.778
9500.000000	64.410
9620.000000	65.183
9750.000000	66.032
9880.000000	66.792
10000.000000	67.365
10150.000000	67.890
10300.000000	68.204
10440.000000	68.303
10600.000000	68.145
10750.000000	67.679
10900.000000	66.865
11060.000000	65.635
11200.000000	64.335
11380.000000	62.575
11500.000000	61.517
11720.000000	60.276
11800.000000	60.146
12060.000000	60.912
12200.000000	61.794
12410.000000	63.132
12500.000000	63.591
12650.000000	64.113
12800.000000	64.296
13150.000000	63.603
13200.000000	63.422
13400.000000	62.660
13600.000000	61.961
13800.000000	61.348
14000.000000	60.696
14300.000000	59.339
14500.000000	58.090
14750.000000	56.210
15000.000000	54.234
15250.000000	52.675
15500.000000	52.347
15750.000000	53.665
16000.000000	55.808
16250.000000	57.761
16500.000000	59.076
16750.000000	59.698
17000.000000	59.692
17250.000000	59.133
17500.000000	58.090
17750.000000	56.653
18000.000000	54.944
18250.000000	53.106
18500.000000	51.294
18750.000000	49.641
19000.000000	48.251
19250.000000	47.219
19500.000000	46.564
19750.000000	46.188
