20.000000	72.191
20.299999	72.202
20.600000	72.215
20.900000	72.230
21.200001	72.244
21.400000	72.254
21.799999	72.272
22.000000	72.279
22.400000	72.292
22.700001	72.300
23.000000	72.308
23.299999	72.314
23.600000	72.320
24.000000	72.327
24.299999	72.334
24.700001	72.344
25.000000	72.353
25.400000	72.365
25.799999	72.379
26.200001	72.392
26.500000	72.404
26.900000	72.418
27.200001	72.429
27.600000	72.443
28.000000	72.457
28.500000	72.474
29.000000	72.490
29.500000	72.506
30.000000	72.522
30.400000	72.532
30.700001	72.540
31.100000	72.549
31.500000	72.557
32.000000	72.565
32.500000	72.572
33.000000	72.578
33.500000	72.585
34.000000	72.591
34.500000	72.597
35.000000	72.604
35.500000	72.611
36.000000	72.618
36.500000	72.624
37.000000	72.630
37.500000	72.635
38.200001	72.642
38.700001	72.645
39.500000	72.650
40.000000	72.654
40.599998	72.656
41.200001	72.659
41.799999	72.662
42.500000	72.666
43.099998	72.670
43.700001	72.675
44.400002	72.683
45.000000	72.690
45.500000	72.697
46.200001	72.706
46.799999	72.714
47.500000	72.724
48.200001	72.733
48.700001	72.742
49.400002	72.754
50.000000	72.764
50.799999	72.779
51.500000	72.792
52.200001	72.808
53.000000	72.826
53.799999	72.844
54.500000	72.862
55.200001	72.880
56.000000	72.902
57.000000	72.930
58.000000	72.959
59.000000	72.988
60.000000	73.016
60.799999	73.038
61.500000	73.056
62.200001	73.074
63.000000	73.095
64.000000	73.121
65.000000	73.148
66.000000	73.177
67.000000	73.207
68.000000	73.237
69.000000	73.266
70.000000	73.294
71.000000	73.322
72.000000	73.349
73.000000	73.374
74.000000	73.398
75.000000	73.422
76.199997	73.450
77.500000	73.477
78.800003	73.504
80.000000	73.525
81.199997	73.544
82.500000	73.562
83.800003	73.579
85.000000	73.593
86.199997	73.606
87.500000	73.620
88.500000	73.630
90.000000	73.643
91.199997	73.653
92.500000	73.662
93.800003	73.670
95.000000	73.676
96.199997	73.682
97.500000	73.689
98.800003	73.697
100.000000	73.703
101.500000	73.713
103.000000	73.724
104.400002	73.734
106.000000	73.744
107.500000	73.754
109.000000	73.763
110.599998	73.772
112.000000	73.779
113.800003	73.788
115.000000	73.794
117.199997	73.804
118.000000	73.807
120.599998	73.817
122.000000	73.822
124.099998	73.832
125.000000	73.835
126.500000	73.842
128.000000	73.849
131.500000	73.865
132.000000	73.868
134.000000	73.876
136.000000	73.885
138.000000	73.893
140.000000	73.900
143.000000	73.911
145.000000	73.918
147.500000	73.928
150.000000	73.939
152.500000	73.950
155.000000	73.962
157.500000	73.975
160.000000	73.989
162.500000	74.001
165.000000	74.014
167.500000	74.025
170.000000	74.035
172.500000	74.045
175.000000	74.053
177.500000	74.062
180.000000	74.070
182.500000	74.078
185.000000	74.085
187.500000	74.091
190.000000	74.096
192.500000	74.100
195.000000	74.104
197.500000	74.107
200.000000	74.110
203.000000	74.113
206.000000	74.118
209.000000	74.121
212.000000	74.126
214.000000	74.130
218.000000	74.137
220.000000	74.141
224.000000	74.149
227.000000	74.154
230.000000	74.160
233.000000	74.166
236.000000	74.171
240.000000	74.177
243.000000	74.181
247.000000	74.185
250.000000	74.189
254.000000	74.191
258.000000	74.195
262.000000	74.199
265.000000	74.203
269.000000	74.209
272.000000	74.215
276.000000	74.222
280.000000	74.230
285.000000	74.240
290.000000	74.250
295.000000	74.261
300.000000	74.273
304.000000	74.281
307.000000	74.288
311.000000	74.297
315.000000	74.307
320.000000	74.319
325.000000	74.331
330.000000	74.343
335.000000	74.355
340.000000	74.367
345.000000	74.380
350.000000	74.392
355.000000	74.404
360.000000	74.415
365.000000	74.425
370.000000	74.434
375.000000	74.442
382.000000	74.455
387.000000	74.463
395.000000	74.477
400.000000	74.487
406.000000	74.500
412.000000	74.512
418.000000	74.525
425.000000	74.541
431.000000	74.555
437.000000	74.567
444.000000	74.582
450.000000	74.593
455.000000	74.600
462.000000	74.611
468.000000	74.619
475.000000	74.628
482.000000	74.637
487.000000	74.643
494.000000	74.650
500.000000	74.654
508.000000	74.659
515.000000	74.658
522.000000	74.655
530.000000	74.648
538.000000	74.639
545.000000	74.631
552.000000	74.623
560.000000	74.614
570.000000	74.608
580.000000	74.606
590.000000	74.612
600.000000	74.624
608.000000	74.639
615.000000	74.657
622.000000	74.676
630.000000	74.701
640.000000	74.737
650.000000	74.779
660.000000	74.833
670.000000	74.900
680.000000	74.985
690.000000	75.087
700.000000	75.202
710.000000	75.325
720.000000	75.450
730.000000	75.570
740.000000	75.680
750.000000	75.779
762.000000	75.882
775.000000	75.977
788.000000	76.058
800.000000	76.126
812.000000	76.190
825.000000	76.259
838.000000	76.329
850.000000	76.397
862.000000	76.463
875.000000	76.532
885.000000	76.582
900.000000	76.652
912.000000	76.703
925.000000	76.756
938.000000	76.806
950.000000	76.850
962.000000	76.889
975.000000	76.928
988.000000	76.960
1000.000000	76.986
1015.000000	77.012
1030.000000	77.035
1044.000000	77.051
1060.000000	77.061
1075.000000	77.059
1090.000000	77.047
1106.000000	77.024
1120.000000	76.999
1138.000000	76.962
1150.000000	76.935
1172.000000	76.884
1180.000000	76.864
1206.000000	76.792
1220.000000	76.749
1241.000000	76.678
1250.000000	76.648
1265.000000	76.594
1280.000000	76.541
1315.000000	76.428
1320.000000	76.412
1340.000000	76.358
1360.000000	76.310
1380.000000	76.263
1400.000000	76.219
1430.000000	76.154
1450.000000	76.121
1475.000000	76.106
1500.000000	76.133
1525.000000	76.212
1550.000000	76.334
1575.000000	76.488
1600.000000	76.654
1625.000000	76.819
1650.000000	76.975
1675.000000	77.118
1700.000000	77.251
1725.000000	77.374
1750.000000	77.494
1775.000000	77.614
1800.000000	77.739
1825.000000	77.871
1850.000000	78.011
1875.000000	78.154
1900.000000	78.296
1925.000000	78.435
1950.000000	78.572
1975.000000	78.705
2000.000000	78.839
2030.000000	79.002
2060.000000	79.174
2090.000000	79.358
2120.000000	79.553
2140.000000	79.690
2180.000000	79.980
2200.000000	80.134
2240.000000	80.465
2270.000000	80.722
2300.000000	80.946
2330.000000	81.120
2360.000000	81.285
2400.000000	81.515
2430.000000	81.674
2470.000000	81.870
2500.000000	82.022
2540.000000	82.237
2580.000000	82.438
2620.000000	82.594
2650.000000	82.674
2690.000000	82.730
2720.000000	82.730
2760.000000	82.665
2800.000000	82.547
2850.000000	82.452
2900.000000	82.598
2950.000000	82.984
3000.000000	83.387
3040.000000	83.574
3070.000000	83.608
3110.000000	83.527
3150.000000	83.359
3200.000000	83.136
3250.000000	82.985
3300.000000	82.922
3350.000000	82.915
3400.000000	82.920
3450.000000	82.915
3500.000000	82.894
3550.000000	82.875
3600.000000	82.889
3650.000000	82.965
3700.000000	83.113
3750.000000	83.314
3820.000000	83.585
3870.000000	83.719
3950.000000	83.814
4000.000000	83.816
4060.000000	83.773
4120.000000	83.691
4180.000000	83.591
4250.000000	83.496
4310.000000	83.454
4370.000000	83.453
4440.000000	83.487
4500.000000	83.524
4550.000000	83.539
4620.000000	83.499
4680.000000	83.374
4750.000000	83.094
4820.000000	82.649
4870.000000	82.229
4940.000000	81.511
5000.000000	80.801
5080.000000	79.779
5150.000000	78.890
5220.000000	78.094
5300.000000	77.406
5380.000000	77.026
5450.000000	76.923
5520.000000	76.948
5600.000000	77.029
5700.000000	77.118
5800.000000	77.177
5900.000000	77.231
6000.000000	77.316
6080.000000	77.421
6150.000000	77.533
6220.000000	77.654
6300.000000	77.782
6400.000000	77.883
6500.000000	77.847
6600.000000	77.593
6700.000000	77.071
6800.000000	76.279
6900.000000	75.269
7000.000000	74.119
7100.000000	72.920
7200.000000	71.764
7300.000000	70.747
7400.000000	69.941
7500.000000	69.372
7620.000000	68.933
7750.000000	68.560
7880.000000	68.117
8000.000000	67.611
8120.000000	67.083
8250.000000	66.585
8380.000000	66.222
8500.000000	65.993
8620.000000	65.829
8750.000000	65.685
8850.000000	65.597
9000.000000	65.619
9120.000000	65.965
9250.000000	66.824
9380.000000	68.105
9500.000000	69.450
9620.000000	70.761
9750.000000	71.988
9880.000000	72.902
10000.000000	73.411
10150.000000	73.584
10300.000000	73.290
10440.000000	72.660
10600.000000	71.588
10750.000000	70.267
10900.000000	68.653
11060.000000	66.657
11200.000000	64.783
11380.000000	62.498
11500.000000	61.299
11720.000000	60.360
11800.000000	60.485
12060.000000	62.213
12200.000000	63.560
12410.000000	65.506
12500.000000	66.207
12650.000000	67.121
12800.000000	67.690
13150.000000	67.827
13200.000000	67.746
13400.000000	67.291
13600.000000	66.715
13800.000000	66.037
14000.000000	65.188
14300.000000	63.422
14500.000000	61.935
14750.000000	60.033
15000.000000	58.712
15250.000000	58.529
15500.000000	59.583
15750.000000	61.545
16000.000000	63.676
16250.000000	65.329
16500.000000	66.284
16750.000000	66.644
17000.000000	66.615
17250.000000	66.340
17500.000000	65.850
17750.000000	65.142
18000.000000	64.242
18250.000000	63.239
18500.000000	62.263
18750.000000	61.439
19000.000000	60.891
19250.000000	60.719
19500.000000	60.903
19750.000000	61.225
