20.000000	74.444
20.290907	74.477
20.586045	74.497
20.885476	74.507
21.189262	74.511
21.497467	74.514
21.810155	74.518
22.127391	74.524
22.449241	74.536
22.775773	74.558
23.107054	74.593
23.443154	74.635
23.784142	74.674
24.130091	74.701
24.481071	74.703
24.837156	74.684
25.198421	74.654
25.564940	74.631
25.936791	74.633
26.314050	74.660
26.696797	74.701
27.085111	74.736
27.479073	74.745
27.878765	74.729
28.284271	74.699
28.695675	74.671
29.113064	74.654
29.536523	74.657
29.966142	74.687
30.402009	74.733
30.844217	74.782
31.292856	74.810
31.748021	74.797
32.209807	74.745
32.678309	74.675
33.153626	74.622
33.635857	74.619
34.125101	74.664
34.621462	74.719
35.125043	74.741
35.635949	74.713
36.154286	74.652
36.680162	74.594
37.213687	74.560
37.754973	74.544
38.304131	74.533
38.861278	74.535
39.426528	74.555
40.000000	74.573
40.581813	74.554
41.172089	74.498
41.770951	74.455
42.378524	74.455
42.994934	74.461
43.620309	74.443
44.254781	74.411
44.898482	74.390
45.551545	74.370
46.214108	74.335
46.886308	74.305
47.568285	74.300
48.260181	74.304
48.962142	74.286
49.674312	74.249
50.396842	74.203
51.129881	74.160
51.873582	74.136
52.628101	74.136
53.393594	74.146
54.170222	74.150
54.958146	74.140
55.757531	74.120
56.568542	74.107
57.391351	74.092
58.226127	74.064
59.073046	74.027
59.932283	73.998
60.804018	73.963
61.688433	73.924
62.585712	73.883
63.496042	73.848
64.419613	73.838
65.356618	73.842
66.307252	73.820
67.271713	73.780
68.250203	73.776
69.242925	73.790
70.250086	73.773
71.271897	73.730
72.308571	73.679
73.360323	73.650
74.427374	73.642
75.509945	73.634
76.608262	73.618
77.722555	73.588
78.853056	73.552
80.000000	73.517
81.163627	73.475
82.344179	73.452
83.541903	73.444
84.757048	73.441
85.989867	73.432
87.240619	73.404
88.509563	73.379
89.796964	73.362
91.103091	73.331
92.428216	73.295
93.772615	73.255
95.136569	73.217
96.520362	73.186
97.924283	73.147
99.348625	73.108
100.793684	73.087
102.259762	73.073
103.747164	73.057
105.256202	73.041
106.787188	73.029
108.340444	73.009
109.916292	72.981
111.515061	72.954
113.137085	72.923
114.782702	72.880
116.452255	72.834
118.146092	72.800
119.864566	72.780
121.608036	72.757
123.376866	72.723
125.171424	72.688
126.992084	72.659
128.839227	72.633
130.713236	72.602
132.614504	72.560
134.543426	72.511
136.500406	72.473
138.485850	72.452
140.500173	72.441
142.543795	72.427
144.617142	72.411
146.720647	72.385
148.854748	72.350
151.019890	72.312
153.216525	72.278
155.445111	72.247
157.706112	72.218
160.000000	72.187
162.327254	72.154
164.688358	72.117
167.083805	72.080
169.514095	72.038
171.979734	71.991
174.481237	71.948
177.019125	71.916
179.593928	71.891
182.206182	71.859
184.856431	71.817
187.545230	71.776
190.273138	71.738
193.040725	71.702
195.848567	71.664
198.697250	71.629
201.587368	71.597
204.519524	71.560
207.494329	71.519
210.512403	71.477
213.574377	71.437
216.680888	71.395
219.832584	71.355
223.030122	71.320
226.274170	71.282
229.565404	71.242
232.904509	71.203
236.292183	71.164
239.729132	71.127
243.216073	71.093
246.753732	71.059
250.342848	71.023
253.984168	70.985
257.678453	70.946
261.426473	70.907
265.229008	70.868
269.086853	70.833
273.000811	70.800
276.971700	70.764
281.000346	70.729
285.087590	70.693
289.234284	70.656
293.441294	70.619
297.709496	70.584
302.039780	70.549
306.433050	70.513
310.890221	70.476
315.412224	70.438
320.000000	70.402
324.654507	70.368
329.376716	70.333
334.167610	70.297
339.028190	70.260
343.959469	70.221
348.962474	70.182
354.038251	70.145
359.187855	70.108
364.412363	70.070
369.712863	70.033
375.090460	69.995
380.546277	69.956
386.081450	69.920
391.697134	69.883
397.394500	69.845
403.174736	69.803
409.039048	69.761
414.988657	69.719
421.024807	69.677
427.148753	69.636
433.361775	69.595
439.665167	69.554
446.060244	69.514
452.548340	69.475
459.130807	69.435
465.809019	69.397
472.584367	69.360
479.458265	69.321
486.432146	69.279
493.507464	69.235
500.685695	69.192
507.968337	69.153
515.356906	69.114
522.852945	69.073
530.458016	69.034
538.173706	68.997
546.001623	68.959
553.943399	68.917
562.000691	68.876
570.175180	68.836
578.468569	68.798
586.882588	68.758
595.418991	68.719
604.079560	68.679
612.866100	68.639
621.780442	68.598
630.824447	68.559
640.000000	68.525
649.309014	68.491
658.753431	68.454
668.335221	68.420
678.056380	68.388
687.918938	68.356
697.924949	68.324
708.076501	68.292
718.375711	68.262
728.824726	68.232
739.425726	68.203
750.180921	68.175
761.092554	68.150
772.162900	68.126
783.394268	68.105
794.789000	68.087
806.349472	68.072
818.078095	68.059
829.977315	68.047
842.049613	68.038
854.297507	68.031
866.723550	68.028
879.330334	68.029
892.120489	68.036
905.096680	68.049
918.261614	68.067
931.618037	68.086
945.168733	68.109
958.916529	68.136
972.864291	68.165
987.014928	68.198
1001.371391	68.234
1015.936673	68.277
1030.713812	68.322
1045.705890	68.368
1060.916032	68.414
1076.347412	68.461
1092.003245	68.506
1107.886798	68.548
1124.001383	68.591
1140.350359	68.634
1156.937137	68.672
1173.765175	68.704
1190.837983	68.730
1208.159120	68.755
1225.732199	68.775
1243.560885	68.796
1261.648894	68.829
1280.000000	68.878
1298.618029	68.982
1317.506863	69.093
1336.670442	69.240
1356.112761	69.379
1375.837875	69.492
1395.849898	69.575
1416.153002	69.631
1436.751422	69.679
1457.649452	69.715
1478.851452	69.744
1500.361842	69.768
1522.185107	69.790
1544.325799	69.812
1566.788535	69.832
1589.577999	69.853
1612.698944	69.878
1636.156190	69.905
1659.954630	69.935
1684.099226	69.969
1708.595013	70.005
1733.447100	70.045
1758.660669	70.087
1784.240977	70.135
1810.193360	70.188
1836.523229	70.250
1863.236074	70.324
1890.337467	70.429
1917.833058	70.588
1945.728583	70.804
1974.029857	71.049
2002.742782	71.271
2031.873347	71.457
2061.427625	71.614
2091.411780	71.763
2121.832065	71.921
2152.694823	72.109
2184.006490	72.323
2215.773596	72.583
2248.002765	72.862
2280.700718	73.142
2313.874274	73.399
2347.530351	73.628
2381.675966	73.834
2416.318240	74.028
2451.464399	74.214
2487.121769	74.399
2523.297789	74.583
2560.000000	74.762
2597.236057	74.932
2635.013726	75.092
2673.340883	75.237
2712.225522	75.371
2751.675750	75.487
2791.699796	75.587
2832.306004	75.671
2873.502844	75.738
2915.298905	75.786
2957.702904	75.812
3000.723683	75.817
3044.370214	75.799
3088.651599	75.765
3133.577071	75.719
3179.155999	75.659
3225.397888	75.584
3272.312380	75.491
3319.909260	75.381
3368.198452	75.254
3417.190027	75.118
3466.894200	74.978
3517.321337	74.836
3568.481954	74.696
3620.386720	74.562
3673.046457	74.438
3726.472148	74.323
3780.674934	74.217
3835.666117	74.116
3891.457165	74.031
3948.059713	73.959
4005.485564	73.922
4063.746693	73.906
4122.855250	73.908
4182.823560	73.934
4243.664130	73.993
4305.389646	74.082
4368.012981	74.206
4431.547192	74.366
4496.005531	74.558
4561.401437	74.785
4627.748549	75.039
4695.060701	75.320
4763.351932	75.620
4832.636481	75.928
4902.928797	76.226
4974.243539	76.498
5046.595577	76.712
5120.000000	76.858
5194.472115	76.912
5270.027452	76.869
5346.681766	76.735
5424.451043	76.517
5503.351500	76.221
5583.399591	75.868
5664.612008	75.476
5747.005687	75.068
5830.597810	74.652
5915.405808	74.240
6001.447367	73.840
6088.740429	73.466
6177.303198	73.129
6267.154142	72.833
6358.311998	72.585
6450.795775	72.390
6544.624761	72.253
6639.818520	72.178
6736.396904	72.170
6834.380053	72.241
6933.788400	72.397
7034.642675	72.645
7136.963909	72.994
7240.773439	73.452
7346.092914	74.016
7452.944296	74.676
7561.349867	75.431
7671.332234	76.245
7782.914330	77.063
7896.119426	77.798
8010.971128	78.271
8127.493386	78.311
8245.710500	77.841
8365.647121	76.911
8487.328260	75.718
8610.779292	74.389
8736.025961	73.032
8863.094385	71.696
8992.011061	70.405
9122.802874	69.168
9255.497097	68.005
9390.121402	66.923
9526.703863	65.936
9665.272962	65.042
9805.857594	64.245
9948.487077	63.548
10093.191154	62.963
10240.000000	62.482
10388.944230	62.104
10540.054903	61.838
10693.363532	61.673
10848.902086	61.620
11006.703001	61.686
11166.799182	61.874
11329.224017	62.223
11494.011375	62.705
11661.195620	63.399
11830.811616	64.234
12002.894734	65.264
12177.480858	66.432
12354.606395	67.784
12534.308283	69.163
12716.623996	70.342
12901.591551	70.792
13089.249521	70.813
13279.637040	70.194
13472.793808	69.070
13668.760107	67.814
13867.576801	66.605
14069.285350	65.525
14273.927818	64.562
14481.546879	63.843
14692.185828	63.467
14905.888592	63.453
15122.699734	63.837
15342.664467	64.493
15565.828661	65.034
15792.238852	64.855
16021.942256	63.537
16254.986772	61.268
16491.420999	58.637
16731.294241	56.081
16974.656520	53.657
17221.558584	51.357
17472.051922	49.156
17726.188769	47.005
17984.022122	44.868
18245.605748	42.789
18510.994194	40.812
18780.242805	38.940
19053.407727	37.245
19330.545924	35.759
19611.715189	34.581
19896.974155	34.127
20186.382308	34.127
