20.000000	72.692
20.299999	72.773
20.600000	72.835
20.900000	72.870
21.200001	72.873
21.400000	72.859
21.799999	72.820
22.000000	72.807
22.400000	72.814
22.700001	72.851
23.000000	72.903
23.299999	72.953
23.600000	72.986
24.000000	73.004
24.299999	73.010
24.700001	73.032
25.000000	73.075
25.400000	73.160
25.799999	73.256
26.200001	73.338
26.500000	73.381
26.900000	73.427
27.200001	73.467
27.600000	73.543
28.000000	73.650
28.500000	73.799
29.000000	73.910
29.500000	73.951
30.000000	73.936
30.400000	73.906
30.700001	73.882
31.100000	73.853
31.500000	73.828
32.000000	73.799
32.500000	73.785
33.000000	73.805
33.500000	73.864
34.000000	73.939
34.500000	74.004
35.000000	74.034
35.500000	74.022
36.000000	73.978
36.500000	73.919
37.000000	73.869
37.500000	73.842
38.200001	73.852
38.700001	73.877
39.500000	73.899
40.000000	73.884
40.599998	73.847
41.200001	73.807
41.799999	73.775
42.500000	73.740
43.099998	73.700
43.700001	73.650
44.400002	73.586
45.000000	73.525
45.500000	73.468
46.200001	73.373
46.799999	73.277
47.500000	73.153
48.200001	73.022
48.700001	72.929
49.400002	72.814
50.000000	72.727
50.799999	72.622
51.500000	72.531
52.200001	72.445
53.000000	72.366
53.799999	72.317
54.500000	72.292
55.200001	72.273
56.000000	72.248
57.000000	72.225
58.000000	72.248
59.000000	72.335
60.000000	72.460
60.799999	72.561
61.500000	72.641
62.200001	72.713
63.000000	72.791
64.000000	72.893
65.000000	73.013
66.000000	73.148
67.000000	73.292
68.000000	73.439
69.000000	73.587
70.000000	73.737
71.000000	73.887
72.000000	74.034
73.000000	74.170
74.000000	74.291
75.000000	74.397
76.199997	74.504
77.500000	74.600
78.800003	74.682
80.000000	74.749
81.199997	74.809
82.500000	74.865
83.800003	74.907
85.000000	74.930
86.199997	74.940
87.500000	74.939
88.500000	74.929
90.000000	74.906
91.199997	74.883
92.500000	74.858
93.800003	74.833
95.000000	74.814
96.199997	74.799
97.500000	74.790
98.800003	74.786
100.000000	74.783
101.500000	74.774
103.000000	74.757
104.400002	74.736
106.000000	74.707
107.500000	74.677
109.000000	74.644
110.599998	74.602
112.000000	74.559
113.800003	74.492
115.000000	74.440
117.199997	74.333
118.000000	74.290
120.599998	74.137
122.000000	74.048
124.099998	73.909
125.000000	73.846
126.500000	73.739
128.000000	73.630
131.500000	73.365
132.000000	73.327
134.000000	73.171
136.000000	73.016
138.000000	72.862
140.000000	72.716
143.000000	72.522
145.000000	72.411
147.500000	72.288
150.000000	72.178
152.500000	72.067
155.000000	71.954
157.500000	71.834
160.000000	71.707
162.500000	71.575
165.000000	71.439
167.500000	71.302
170.000000	71.168
172.500000	71.040
175.000000	70.916
177.500000	70.796
180.000000	70.678
182.500000	70.561
185.000000	70.444
187.500000	70.327
190.000000	70.212
192.500000	70.099
195.000000	69.989
197.500000	69.881
200.000000	69.769
203.000000	69.629
206.000000	69.480
209.000000	69.322
212.000000	69.155
214.000000	69.041
218.000000	68.808
220.000000	68.691
224.000000	68.463
227.000000	68.301
230.000000	68.147
233.000000	67.999
236.000000	67.859
240.000000	67.680
243.000000	67.554
247.000000	67.393
250.000000	67.279
254.000000	67.130
258.000000	66.984
262.000000	66.845
265.000000	66.746
269.000000	66.618
272.000000	66.523
276.000000	66.397
280.000000	66.270
285.000000	66.108
290.000000	65.944
295.000000	65.781
300.000000	65.624
304.000000	65.505
307.000000	65.418
311.000000	65.305
315.000000	65.195
320.000000	65.060
325.000000	64.927
330.000000	64.797
335.000000	64.669
340.000000	64.548
345.000000	64.430
350.000000	64.318
355.000000	64.210
360.000000	64.105
365.000000	64.005
370.000000	63.907
375.000000	63.812
382.000000	63.680
387.000000	63.585
395.000000	63.434
400.000000	63.347
406.000000	63.249
412.000000	63.160
418.000000	63.073
425.000000	62.971
431.000000	62.880
437.000000	62.790
444.000000	62.691
450.000000	62.615
455.000000	62.560
462.000000	62.492
468.000000	62.439
475.000000	62.386
482.000000	62.341
487.000000	62.314
494.000000	62.279
500.000000	62.251
508.000000	62.218
515.000000	62.194
522.000000	62.172
530.000000	62.152
538.000000	62.138
545.000000	62.132
552.000000	62.130
560.000000	62.129
570.000000	62.121
580.000000	62.105
590.000000	62.082
600.000000	62.056
608.000000	62.031
615.000000	62.006
622.000000	61.976
630.000000	61.935
640.000000	61.874
650.000000	61.805
660.000000	61.727
670.000000	61.644
680.000000	61.555
690.000000	61.465
700.000000	61.377
710.000000	61.290
720.000000	61.204
730.000000	61.121
740.000000	61.045
750.000000	60.977
762.000000	60.910
775.000000	60.850
788.000000	60.798
800.000000	60.752
812.000000	60.711
825.000000	60.674
838.000000	60.643
850.000000	60.615
862.000000	60.587
875.000000	60.557
885.000000	60.536
900.000000	60.505
912.000000	60.478
925.000000	60.448
938.000000	60.417
950.000000	60.383
962.000000	60.341
975.000000	60.284
988.000000	60.222
1000.000000	60.166
1015.000000	60.117
1030.000000	60.123
1044.000000	60.203
1060.000000	60.377
1075.000000	60.592
1090.000000	60.810
1106.000000	61.013
1120.000000	61.157
1138.000000	61.304
1150.000000	61.388
1172.000000	61.541
1180.000000	61.600
1206.000000	61.799
1220.000000	61.903
1241.000000	62.047
1250.000000	62.106
1265.000000	62.203
1280.000000	62.303
1315.000000	62.549
1320.000000	62.585
1340.000000	62.721
1360.000000	62.847
1380.000000	62.959
1400.000000	63.050
1430.000000	63.117
1450.000000	63.099
1475.000000	63.029
1500.000000	62.990
1525.000000	63.045
1550.000000	63.178
1575.000000	63.360
1600.000000	63.566
1625.000000	63.761
1650.000000	63.925
1675.000000	64.052
1700.000000	64.151
1725.000000	64.240
1750.000000	64.340
1775.000000	64.475
1800.000000	64.656
1825.000000	64.877
1850.000000	65.130
1875.000000	65.410
1900.000000	65.745
1925.000000	66.148
1950.000000	66.575
1975.000000	66.995
2000.000000	67.411
2030.000000	67.906
2060.000000	68.384
2090.000000	68.822
2120.000000	69.191
2140.000000	69.388
2180.000000	69.668
2200.000000	69.763
2240.000000	69.895
2270.000000	69.982
2300.000000	70.101
2330.000000	70.285
2360.000000	70.540
2400.000000	70.931
2430.000000	71.220
2470.000000	71.584
2500.000000	71.850
2540.000000	72.190
2580.000000	72.479
2620.000000	72.691
2650.000000	72.796
2690.000000	72.863
2720.000000	72.854
2760.000000	72.752
2800.000000	72.572
2850.000000	72.394
2900.000000	72.503
2950.000000	72.929
3000.000000	73.436
3040.000000	73.732
3070.000000	73.847
3110.000000	73.857
3150.000000	73.734
3200.000000	73.458
3250.000000	73.099
3300.000000	72.661
3350.000000	72.148
3400.000000	71.588
3450.000000	71.028
3500.000000	70.475
3550.000000	69.907
3600.000000	69.317
3650.000000	68.761
3700.000000	68.334
3750.000000	68.091
3820.000000	67.955
3870.000000	67.845
3950.000000	67.343
4000.000000	66.712
4060.000000	65.632
4120.000000	64.326
4180.000000	62.991
4250.000000	61.654
4310.000000	60.944
4370.000000	60.922
4440.000000	61.896
4500.000000	63.175
4550.000000	64.167
4620.000000	65.144
4680.000000	65.541
4750.000000	65.571
4820.000000	65.267
4870.000000	64.919
4940.000000	64.338
5000.000000	63.823
5080.000000	63.174
5150.000000	62.656
5220.000000	62.184
5300.000000	61.716
5380.000000	61.346
5450.000000	61.080
5520.000000	60.810
5600.000000	60.433
5700.000000	59.910
5800.000000	59.666
5900.000000	60.108
6000.000000	61.185
6080.000000	62.224
6150.000000	63.108
6220.000000	63.898
6300.000000	64.657
6400.000000	65.370
6500.000000	65.809
6600.000000	65.972
6700.000000	65.882
6800.000000	65.602
6900.000000	65.225
7000.000000	64.848
7100.000000	64.544
7200.000000	64.365
7300.000000	64.359
7400.000000	64.558
7500.000000	64.950
7620.000000	65.566
7750.000000	66.181
7880.000000	66.523
8000.000000	66.502
8120.000000	66.143
8250.000000	65.393
8380.000000	64.345
8500.000000	63.262
8620.000000	62.257
8750.000000	61.421
8850.000000	61.008
9000.000000	60.858
9120.000000	61.279
9250.000000	62.343
9380.000000	63.875
9500.000000	65.447
9620.000000	66.966
9750.000000	68.400
9880.000000	69.512
10000.000000	70.219
10150.000000	70.702
10300.000000	70.843
10440.000000	70.787
10600.000000	70.602
10750.000000	70.329
10900.000000	69.908
11060.000000	69.207
11200.000000	68.329
11380.000000	66.856
11500.000000	65.727
11720.000000	63.709
11800.000000	63.125
12060.000000	62.329
12200.000000	62.572
12410.000000	63.341
12500.000000	63.685
12650.000000	64.160
12800.000000	64.443
13150.000000	64.312
13200.000000	64.222
13400.000000	63.754
13600.000000	63.187
13800.000000	62.574
14000.000000	61.952
14300.000000	61.040
14500.000000	60.322
14750.000000	59.036
15000.000000	57.156
15250.000000	54.715
15500.000000	52.018
15750.000000	49.632
16000.000000	48.055
16250.000000	47.486
16500.000000	47.846
16750.000000	48.588
17000.000000	49.284
17250.000000	49.744
17500.000000	49.802
17750.000000	49.441
18000.000000	48.758
18250.000000	47.810
18500.000000	46.606
18750.000000	45.176
19000.000000	43.605
19250.000000	42.036
19500.000000	40.596
19750.000000	39.391
