20.000000	80.156
20.290907	80.174
20.586045	80.221
20.885476	80.305
21.189262	80.383
21.497467	80.448
21.810155	80.505
22.127391	80.551
22.449241	80.590
22.775773	80.618
23.107054	80.638
23.443154	80.648
23.784142	80.650
24.130091	80.648
24.481071	80.646
24.837156	80.646
25.198421	80.649
25.564940	80.657
25.936791	80.671
26.314050	80.691
26.696797	80.720
27.085111	80.756
27.479073	80.800
27.878765	80.850
28.284271	80.902
28.695675	80.956
29.113064	81.008
29.536523	81.059
29.966142	81.106
30.402009	81.150
30.844217	81.189
31.292856	81.222
31.748021	81.248
32.209807	81.269
32.678309	81.285
33.153626	81.299
33.635857	81.313
34.125101	81.328
34.621462	81.347
35.125043	81.369
35.635949	81.396
36.154286	81.426
36.680162	81.459
37.213687	81.492
37.754973	81.522
38.304131	81.549
38.861278	81.570
39.426528	81.586
40.000000	81.600
40.581813	81.616
41.172089	81.633
41.770951	81.651
42.378524	81.669
42.994934	81.688
43.620309	81.708
44.254781	81.725
44.898482	81.740
45.551545	81.755
46.214108	81.772
46.886308	81.790
47.568285	81.808
48.260181	81.823
48.962142	81.833
49.674312	81.842
50.396842	81.855
51.129881	81.871
51.873582	81.889
52.628101	81.905
53.393594	81.918
54.170222	81.930
54.958146	81.943
55.757531	81.956
56.568542	81.966
57.391351	81.975
58.226127	81.981
59.073046	81.988
59.932283	81.995
60.804018	82.003
61.688433	82.009
62.585712	82.018
63.496042	82.031
64.419613	82.043
65.356618	82.052
66.307252	82.060
67.271713	82.069
68.250203	82.079
69.242925	82.087
70.250086	82.091
71.271897	82.095
72.308571	82.099
73.360323	82.107
74.427374	82.116
75.509945	82.123
76.608262	82.128
77.722555	82.129
78.853056	82.128
80.000000	82.126
81.163627	82.125
82.344179	82.125
83.541903	82.128
84.757048	82.132
85.989867	82.135
87.240619	82.135
88.509563	82.130
89.796964	82.124
91.103091	82.118
92.428216	82.115
93.772615	82.114
95.136569	82.116
96.520362	82.117
97.924283	82.116
99.348625	82.110
100.793684	82.102
102.259762	82.097
103.747164	82.096
105.256202	82.094
106.787188	82.090
108.340444	82.081
109.916292	82.070
111.515061	82.061
113.137085	82.054
114.782702	82.046
116.452255	82.039
118.146092	82.029
119.864566	82.015
121.608036	82.003
123.376866	81.993
125.171424	81.986
126.992084	81.978
128.839227	81.964
130.713236	81.947
132.614504	81.931
134.543426	81.919
136.500406	81.907
138.485850	81.890
140.500173	81.868
142.543795	81.849
144.617142	81.834
146.720647	81.819
148.854748	81.800
151.019890	81.781
153.216525	81.763
155.445111	81.749
157.706112	81.734
160.000000	81.714
162.327254	81.695
164.688358	81.676
167.083805	81.651
169.514095	81.619
171.979734	81.580
174.481237	81.534
177.019125	81.481
179.593928	81.425
182.206182	81.376
184.856431	81.343
187.545230	81.323
190.273138	81.306
193.040725	81.289
195.848567	81.269
198.697250	81.244
201.587368	81.214
204.519524	81.184
207.494329	81.153
210.512403	81.117
213.574377	81.079
216.680888	81.043
219.832584	81.006
223.030122	80.965
226.274170	80.924
229.565404	80.883
232.904509	80.842
236.292183	80.801
239.729132	80.759
243.216073	80.716
246.753732	80.673
250.342848	80.626
253.984168	80.576
257.678453	80.530
261.426473	80.494
265.229008	80.469
269.086853	80.451
273.000811	80.426
276.971700	80.392
281.000346	80.347
285.087590	80.298
289.234284	80.244
293.441294	80.189
297.709496	80.135
302.039780	80.083
306.433050	80.032
310.890221	79.980
315.412224	79.924
320.000000	79.863
324.654507	79.807
329.376716	79.753
334.167610	79.701
339.028190	79.646
343.959469	79.591
348.962474	79.540
354.038251	79.496
359.187855	79.455
364.412363	79.411
369.712863	79.356
375.090460	79.296
380.546277	79.236
386.081450	79.172
391.697134	79.106
397.394500	79.039
403.174736	78.972
409.039048	78.905
414.988657	78.838
421.024807	78.772
427.148753	78.709
433.361775	78.644
439.665167	78.576
446.060244	78.509
452.548340	78.441
459.130807	78.372
465.809019	78.302
472.584367	78.236
479.458265	78.172
486.432146	78.106
493.507464	78.036
500.685695	77.967
507.968337	77.901
515.356906	77.834
522.852945	77.767
530.458016	77.699
538.173706	77.632
546.001623	77.564
553.943399	77.492
562.000691	77.419
570.175180	77.352
578.468569	77.293
586.882588	77.231
595.418991	77.166
604.079560	77.100
612.866100	77.036
621.780442	76.974
630.824447	76.909
640.000000	76.847
649.309014	76.789
658.753431	76.730
668.335221	76.673
678.056380	76.620
687.918938	76.569
697.924949	76.518
708.076501	76.468
718.375711	76.421
728.824726	76.380
739.425726	76.343
750.180921	76.310
761.092554	76.278
772.162900	76.249
783.394268	76.226
794.789000	76.208
806.349472	76.195
818.078095	76.186
829.977315	76.181
842.049613	76.183
854.297507	76.194
866.723550	76.209
879.330334	76.230
892.120489	76.258
905.096680	76.291
918.261614	76.332
931.618037	76.379
945.168733	76.434
958.916529	76.495
972.864291	76.561
987.014928	76.631
1001.371391	76.706
1015.936673	76.789
1030.713812	76.875
1045.705890	76.960
1060.916032	77.047
1076.347412	77.137
1092.003245	77.228
1107.886798	77.321
1124.001383	77.416
1140.350359	77.507
1156.937137	77.594
1173.765175	77.680
1190.837983	77.762
1208.159120	77.845
1225.732199	77.927
1243.560885	78.009
1261.648894	78.088
1280.000000	78.166
1298.618029	78.240
1317.506863	78.316
1336.670442	78.390
1356.112761	78.466
1375.837875	78.543
1395.849898	78.621
1416.153002	78.704
1436.751422	78.790
1457.649452	78.881
1478.851452	78.978
1500.361842	79.085
1522.185107	79.219
1544.325799	79.399
1566.788535	79.597
1589.577999	79.742
1612.698944	79.792
1636.156190	79.792
1659.954630	79.805
1684.099226	79.834
1708.595013	79.870
1733.447100	79.929
1758.660669	80.029
1784.240977	80.167
1810.193360	80.330
1836.523229	80.507
1863.236074	80.694
1890.337467	80.894
1917.833058	81.105
1945.728583	81.325
1974.029857	81.549
2002.742782	81.775
2031.873347	82.005
2061.427625	82.239
2091.411780	82.476
2121.832065	82.715
2152.694823	82.958
2184.006490	83.204
2215.773596	83.452
2248.002765	83.701
2280.700718	83.949
2313.874274	84.191
2347.530351	84.424
2381.675966	84.647
2416.318240	84.860
2451.464399	85.056
2487.121769	85.235
2523.297789	85.387
2560.000000	85.518
2597.236057	85.624
2635.013726	85.708
2673.340883	85.766
2712.225522	85.807
2751.675750	85.825
2791.699796	85.827
2832.306004	85.813
2873.502844	85.790
2915.298905	85.759
2957.702904	85.720
3000.723683	85.676
3044.370214	85.634
3088.651599	85.598
3133.577071	85.571
3179.155999	85.559
3225.397888	85.561
3272.312380	85.577
3319.909260	85.611
3368.198452	85.661
3417.190027	85.729
3466.894200	85.813
3517.321337	85.918
3568.481954	86.048
3620.386720	86.208
3673.046457	86.401
3726.472148	86.632
3780.674934	86.906
3835.666117	87.213
3891.457165	87.563
3948.059713	87.938
4005.485564	88.335
4063.746693	88.739
4122.855250	89.134
4182.823560	89.500
4243.664130	89.803
4305.389646	90.012
4368.012981	90.079
4431.547192	89.948
4496.005531	89.624
4561.401437	89.081
4627.748549	88.379
4695.060701	87.548
4763.351932	86.646
4832.636481	85.707
4902.928797	84.759
4974.243539	83.817
5046.595577	82.895
5120.000000	81.991
5194.472115	81.109
5270.027452	80.250
5346.681766	79.411
5424.451043	78.587
5503.351500	77.780
5583.399591	76.995
5664.612008	76.239
5747.005687	75.513
5830.597810	74.825
5915.405808	74.178
6001.447367	73.573
6088.740429	73.014
6177.303198	72.495
6267.154142	72.014
6358.311998	71.576
6450.795775	71.176
6544.624761	70.815
6639.818520	70.493
6736.396904	70.209
6834.380053	69.965
6933.788400	69.768
7034.642675	69.631
7136.963909	69.539
7240.773439	69.465
7346.092914	69.422
7452.944296	69.427
7561.349867	69.494
7671.332234	69.630
7782.914330	69.844
7896.119426	70.142
8010.971128	70.532
8127.493386	71.010
8245.710500	71.585
8365.647121	72.251
8487.328260	72.992
8610.779292	73.805
8736.025961	74.692
8863.094385	75.653
8992.011061	76.673
9122.802874	77.656
9255.497097	78.399
9390.121402	78.648
9526.703863	78.254
9665.272962	77.332
9805.857594	76.115
9948.487077	74.803
10093.191154	73.520
10240.000000	72.293
10388.944230	71.124
10540.054903	70.024
10693.363532	68.979
10848.902086	67.997
11006.703001	67.105
11166.799182	66.316
11329.224017	65.657
11494.011375	65.098
11661.195620	64.711
11830.811616	64.435
12002.894734	64.324
12177.480858	64.333
12354.606395	64.532
12534.308283	64.839
12716.623996	65.259
12901.591551	65.762
13089.249521	66.303
13279.637040	66.884
13472.793808	67.499
13668.760107	68.143
13867.576801	68.854
14069.285350	69.743
14273.927818	70.824
14481.546879	72.137
14692.185828	73.540
14905.888592	74.796
15122.699734	75.711
15342.664467	76.150
15565.828661	76.076
15792.238852	75.581
16021.942256	74.879
16254.986772	74.337
16491.420999	74.348
16731.294241	74.744
16974.656520	74.893
17221.558584	74.285
17472.051922	72.859
17726.188769	70.967
17984.022122	69.035
18245.605748	67.316
18510.994194	65.868
18780.242805	64.651
19053.407727	63.656
19330.545924	62.935
19611.715189	62.547
19896.974155	62.440
20186.382308	62.440
