20.000000	74.576
20.290907	74.594
20.586045	74.633
20.885476	74.682
21.189262	74.729
21.497467	74.763
21.810155	74.789
22.127391	74.812
22.449241	74.839
22.775773	74.881
23.107054	74.933
23.443154	74.986
23.784142	75.027
24.130091	75.053
24.481071	75.063
24.837156	75.070
25.198421	75.087
25.564940	75.120
25.936791	75.167
26.314050	75.218
26.696797	75.259
27.085111	75.284
27.479073	75.290
27.878765	75.287
28.284271	75.279
28.695675	75.269
29.113064	75.261
29.536523	75.261
29.966142	75.283
30.402009	75.330
30.844217	75.389
31.292856	75.437
31.748021	75.460
32.209807	75.465
32.678309	75.458
33.153626	75.445
33.635857	75.428
34.125101	75.416
34.621462	75.426
35.125043	75.457
35.635949	75.491
36.154286	75.509
36.680162	75.520
37.213687	75.542
37.754973	75.569
38.304131	75.584
38.861278	75.574
39.426528	75.564
40.000000	75.575
40.581813	75.582
41.172089	75.557
41.770951	75.516
42.378524	75.499
42.994934	75.504
43.620309	75.520
44.254781	75.536
44.898482	75.549
45.551545	75.560
46.214108	75.573
46.886308	75.598
47.568285	75.633
48.260181	75.665
48.962142	75.673
49.674312	75.657
50.396842	75.630
51.129881	75.614
51.873582	75.614
52.628101	75.629
53.393594	75.674
54.170222	75.740
54.958146	75.775
55.757531	75.753
56.568542	75.721
57.391351	75.692
58.226127	75.671
59.073046	75.664
59.932283	75.670
60.804018	75.650
61.688433	75.649
62.585712	75.672
63.496042	75.671
64.419613	75.654
65.356618	75.654
66.307252	75.681
67.271713	75.717
68.250203	75.737
69.242925	75.735
70.250086	75.739
71.271897	75.764
72.308571	75.779
73.360323	75.771
74.427374	75.763
75.509945	75.769
76.608262	75.770
77.722555	75.766
78.853056	75.776
80.000000	75.793
81.163627	75.778
82.344179	75.737
83.541903	75.732
84.757048	75.732
85.989867	75.742
87.240619	75.744
88.509563	75.737
89.796964	75.729
91.103091	75.706
92.428216	75.690
93.772615	75.690
95.136569	75.693
96.520362	75.703
97.924283	75.710
99.348625	75.711
100.793684	75.702
102.259762	75.691
103.747164	75.684
105.256202	75.677
106.787188	75.667
108.340444	75.662
109.916292	75.658
111.515061	75.653
113.137085	75.648
114.782702	75.641
116.452255	75.631
118.146092	75.623
119.864566	75.617
121.608036	75.608
123.376866	75.597
125.171424	75.590
126.992084	75.582
128.839227	75.572
130.713236	75.562
132.614504	75.552
134.543426	75.542
136.500406	75.534
138.485850	75.524
140.500173	75.514
142.543795	75.505
144.617142	75.489
146.720647	75.478
148.854748	75.468
151.019890	75.456
153.216525	75.443
155.445111	75.434
157.706112	75.426
160.000000	75.412
162.327254	75.396
164.688358	75.383
167.083805	75.374
169.514095	75.363
171.979734	75.350
174.481237	75.334
177.019125	75.317
179.593928	75.298
182.206182	75.277
184.856431	75.258
187.545230	75.242
190.273138	75.228
193.040725	75.211
195.848567	75.190
198.697250	75.171
201.587368	75.154
204.519524	75.135
207.494329	75.115
210.512403	75.095
213.574377	75.074
216.680888	75.051
219.832584	75.028
223.030122	75.006
226.274170	74.983
229.565404	74.959
232.904509	74.935
236.292183	74.910
239.729132	74.884
243.216073	74.857
246.753732	74.831
250.342848	74.804
253.984168	74.777
257.678453	74.749
261.426473	74.720
265.229008	74.691
269.086853	74.660
273.000811	74.629
276.971700	74.598
281.000346	74.565
285.087590	74.532
289.234284	74.498
293.441294	74.461
297.709496	74.424
302.039780	74.386
306.433050	74.347
310.890221	74.310
315.412224	74.276
320.000000	74.246
324.654507	74.224
329.376716	74.213
334.167610	74.212
339.028190	74.217
343.959469	74.220
348.962474	74.213
354.038251	74.195
359.187855	74.167
364.412363	74.132
369.712863	74.093
375.090460	74.051
380.546277	74.006
386.081450	73.961
391.697134	73.917
397.394500	73.872
403.174736	73.828
409.039048	73.784
414.988657	73.742
421.024807	73.704
427.148753	73.674
433.361775	73.651
439.665167	73.633
446.060244	73.616
452.548340	73.594
459.130807	73.566
465.809019	73.533
472.584367	73.496
479.458265	73.456
486.432146	73.412
493.507464	73.368
500.685695	73.325
507.968337	73.282
515.356906	73.239
522.852945	73.198
530.458016	73.159
538.173706	73.122
546.001623	73.083
553.943399	73.043
562.000691	73.002
570.175180	72.960
578.468569	72.915
586.882588	72.871
595.418991	72.828
604.079560	72.784
612.866100	72.740
621.780442	72.696
630.824447	72.653
640.000000	72.609
649.309014	72.567
658.753431	72.524
668.335221	72.480
678.056380	72.437
687.918938	72.394
697.924949	72.353
708.076501	72.312
718.375711	72.271
728.824726	72.231
739.425726	72.192
750.180921	72.153
761.092554	72.117
772.162900	72.082
783.394268	72.050
794.789000	72.019
806.349472	71.989
818.078095	71.963
829.977315	71.941
842.049613	71.924
854.297507	71.911
866.723550	71.901
879.330334	71.896
892.120489	71.896
905.096680	71.901
918.261614	71.912
931.618037	71.927
945.168733	71.946
958.916529	71.970
972.864291	71.998
987.014928	72.031
1001.371391	72.067
1015.936673	72.102
1030.713812	72.137
1045.705890	72.176
1060.916032	72.214
1076.347412	72.251
1092.003245	72.286
1107.886798	72.320
1124.001383	72.352
1140.350359	72.382
1156.937137	72.407
1173.765175	72.428
1190.837983	72.438
1208.159120	72.443
1225.732199	72.435
1243.560885	72.420
1261.648894	72.396
1280.000000	72.365
1298.618029	72.324
1317.506863	72.281
1336.670442	72.230
1356.112761	72.174
1375.837875	72.112
1395.849898	72.045
1416.153002	71.974
1436.751422	71.900
1457.649452	71.823
1478.851452	71.745
1500.361842	71.663
1522.185107	71.578
1544.325799	71.495
1566.788535	71.412
1589.577999	71.329
1612.698944	71.247
1636.156190	71.167
1659.954630	71.091
1684.099226	71.019
1708.595013	70.951
1733.447100	70.889
1758.660669	70.832
1784.240977	70.781
1810.193360	70.737
1836.523229	70.698
1863.236074	70.665
1890.337467	70.639
1917.833058	70.621
1945.728583	70.612
1974.029857	70.611
2002.742782	70.624
2031.873347	70.650
2061.427625	70.688
2091.411780	70.740
2121.832065	70.805
2152.694823	70.887
2184.006490	70.979
2215.773596	71.090
2248.002765	71.210
2280.700718	71.344
2313.874274	71.490
2347.530351	71.643
2381.675966	71.803
2416.318240	71.965
2451.464399	72.127
2487.121769	72.286
2523.297789	72.435
2560.000000	72.573
2597.236057	72.694
2635.013726	72.795
2673.340883	72.869
2712.225522	72.920
2751.675750	72.942
2791.699796	72.937
2832.306004	72.905
2873.502844	72.853
2915.298905	72.780
2957.702904	72.692
3000.723683	72.589
3044.370214	72.473
3088.651599	72.352
3133.577071	72.230
3179.155999	72.110
3225.397888	71.993
3272.312380	71.884
3319.909260	71.783
3368.198452	71.694
3417.190027	71.616
3466.894200	71.553
3517.321337	71.507
3568.481954	71.478
3620.386720	71.468
3673.046457	71.478
3726.472148	71.510
3780.674934	71.566
3835.666117	71.641
3891.457165	71.745
3948.059713	71.866
4005.485564	72.012
4063.746693	72.174
4122.855250	72.345
4182.823560	72.513
4243.664130	72.665
4305.389646	72.786
4368.012981	72.862
4431.547192	72.879
4496.005531	72.845
4561.401437	72.755
4627.748549	72.630
4695.060701	72.485
4763.351932	72.341
4832.636481	72.213
4902.928797	72.120
4974.243539	72.070
5046.595577	72.087
5120.000000	72.171
5194.472115	72.338
5270.027452	72.597
5346.681766	72.941
5424.451043	73.364
5503.351500	73.858
5583.399591	74.410
5664.612008	75.003
5747.005687	75.621
5830.597810	76.257
5915.405808	76.910
6001.447367	77.584
6088.740429	78.289
6177.303198	79.026
6267.154142	79.790
6358.311998	80.561
6450.795775	81.309
6544.624761	81.992
6639.818520	82.564
6736.396904	82.982
6834.380053	83.219
6933.788400	83.274
7034.642675	83.175
7136.963909	82.979
7240.773439	82.748
7346.092914	82.531
7452.944296	82.359
7561.349867	82.244
7671.332234	82.173
7782.914330	82.130
7896.119426	82.095
8010.971128	82.029
8127.493386	81.886
8245.710500	81.618
8365.647121	81.171
8487.328260	80.546
8610.779292	79.738
8736.025961	78.770
8863.094385	77.695
8992.011061	76.558
9122.802874	75.410
9255.497097	74.287
9390.121402	73.217
9526.703863	72.221
9665.272962	71.307
9805.857594	70.477
9948.487077	69.727
10093.191154	69.037
10240.000000	68.385
10388.944230	67.817
10540.054903	67.391
10693.363532	67.070
10848.902086	66.801
11006.703001	66.522
11166.799182	66.194
11329.224017	65.769
11494.011375	65.248
11661.195620	64.613
11830.811616	63.973
12002.894734	63.365
12177.480858	62.756
12354.606395	62.108
12534.308283	61.407
12716.623996	60.641
12901.591551	59.846
13089.249521	59.039
13279.637040	58.256
13472.793808	57.520
13668.760107	56.854
13867.576801	56.285
14069.285350	55.867
14273.927818	55.585
14481.546879	55.516
14692.185828	55.577
14905.888592	55.831
15122.699734	56.411
15342.664467	57.421
15565.828661	58.919
15792.238852	60.844
16021.942256	62.828
16254.986772	64.130
16491.420999	64.014
16731.294241	62.531
16974.656520	60.341
17221.558584	58.141
17472.051922	56.348
17726.188769	55.060
17984.022122	54.206
18245.605748	53.639
18510.994194	53.129
18780.242805	52.376
19053.407727	51.174
19330.545924	49.576
19611.715189	48.022
19896.974155	47.379
20186.382308	47.379
