20 76.67
20.36 76.67
20.73 76.68
21.11 76.68
21.5 76.68
21.89 76.69
22.29 76.69
22.69 76.70
23.1 76.70
23.52 76.70
23.95 76.71
24.39 76.71
24.83 76.71
25.28 76.72
25.74 76.72
26.21 76.72
26.69 76.72
27.18 76.73
27.67 76.73
28.17 76.73
28.69 76.73
29.21 76.73
29.74 76.73
30.28 76.73
30.83 76.73
31.39 76.73
31.97 76.73
32.55 76.73
33.14 76.73
33.74 76.73
34.36 76.72
34.98 76.72
35.62 76.72
36.27 76.72
36.93 76.71
37.6 76.71
38.28 76.70
38.98 76.70
39.69 76.69
40.41 76.69
41.15 76.68
41.9 76.67
42.66 76.67
43.44 76.66
44.23 76.65
45.03 76.64
45.85 76.64
46.68 76.62
47.53 76.62
48.4 76.61
49.28 76.60
50.18 76.58
51.09 76.57
52.02 76.56
52.97 76.55
53.93 76.54
54.91 76.53
55.91 76.51
56.93 76.50
57.97 76.49
59.02 76.47
60.09 76.46
61.19 76.44
62.3 76.43
63.44 76.42
64.59 76.40
65.77 76.39
66.96 76.37
68.18 76.36
69.42 76.34
70.69 76.33
71.97 76.32
73.28 76.30
74.62 76.29
75.97 76.28
77.36 76.27
78.76 76.25
80.2 76.24
81.66 76.23
83.14 76.21
84.66 76.20
86.2 76.19
87.77 76.17
89.36 76.16
90.99 76.14
92.65 76.12
94.33 76.11
96.05 76.09
97.8 76.07
99.58 76.05
101.39 76.03
103.23 76.02
105.11 76.00
107.03 75.98
108.97 75.96
110.96 75.94
112.98 75.92
115.03 75.90
117.13 75.88
119.26 75.86
121.43 75.84
123.64 75.82
125.89 75.80
128.18 75.78
130.51 75.76
132.89 75.73
135.31 75.71
137.77 75.69
140.28 75.66
142.83 75.64
145.43 75.62
148.07 75.59
150.77 75.58
153.51 75.56
156.31 75.54
159.15 75.52
162.05 75.51
165 75.50
168 75.49
171.06 75.48
174.17 75.46
177.34 75.45
180.57 75.44
183.86 75.42
187.2 75.40
190.61 75.37
194.08 75.35
197.61 75.32
201.21 75.29
204.87 75.27
208.6 75.24
212.39 75.21
216.26 75.18
220.19 75.15
224.2 75.12
228.28 75.09
232.44 75.06
236.67 75.03
240.97 75.00
245.36 74.98
249.82 74.94
254.37 74.92
259 74.89
263.71 74.86
268.51 74.83
273.4 74.80
278.38 74.77
283.44 74.74
288.6 74.72
293.85 74.69
299.2 74.66
304.65 74.62
310.19 74.59
315.84 74.56
321.59 74.52
327.44 74.49
333.4 74.46
339.47 74.44
345.64 74.41
351.93 74.39
358.34 74.37
364.86 74.36
371.5 74.34
378.26 74.32
385.15 74.30
392.16 74.28
399.29 74.26
406.56 74.24
413.96 74.22
421.49 74.21
429.16 74.19
436.97 74.17
444.93 74.15
453.02 74.12
461.27 74.09
469.66 74.06
478.21 74.03
486.91 74.00
495.78 73.96
504.8 73.93
513.99 73.90
523.34 73.87
532.87 73.84
542.56 73.81
552.44 73.78
562.49 73.76
572.73 73.74
583.15 73.71
593.77 73.69
604.57 73.67
615.57 73.65
626.78 73.64
638.18 73.62
649.8 73.61
661.63 73.60
673.67 73.59
685.93 73.58
698.41 73.58
711.12 73.58
724.06 73.59
737.24 73.60
750.66 73.62
764.32 73.64
778.23 73.67
792.39 73.70
806.82 73.75
821.5 73.80
836.45 73.86
851.67 73.92
867.17 74.00
882.96 74.09
899.02 74.19
915.39 74.31
932.05 74.43
949.01 74.56
966.28 74.71
983.87 74.86
1001.77 75.02
1020 75.18
1038.57 75.34
1057.47 75.52
1076.71 75.69
1096.31 75.86
1116.26 76.04
1136.58 76.21
1157.26 76.38
1178.32 76.54
1199.77 76.70
1221.6 76.84
1243.84 76.99
1266.47 77.12
1289.52 77.24
1312.99 77.35
1336.89 77.46
1361.22 77.55
1385.99 77.62
1411.22 77.68
1436.9 77.72
1463.05 77.74
1489.68 77.75
1516.79 77.74
1544.4 77.72
1572.5 77.68
1601.12 77.62
1630.26 77.55
1659.93 77.47
1690.14 77.37
1720.9 77.26
1752.22 77.14
1784.11 77.00
1816.58 76.86
1849.64 76.72
1883.3 76.57
1917.58 76.42
1952.48 76.27
1988.01 76.13
2024.19 75.99
2061.03 75.85
2098.54 75.72
2136.73 75.60
2175.62 75.48
2215.22 75.37
2255.53 75.26
2296.58 75.16
2338.38 75.07
2380.94 74.99
2424.27 74.91
2468.39 74.85
2513.31 74.81
2559.05 74.77
2605.63 74.76
2653.05 74.78
2701.33 74.81
2750.5 74.88
2800.55 74.96
2851.52 75.07
2903.42 75.20
2956.26 75.35
3010.06 75.52
3064.85 75.72
3120.62 75.93
3177.42 76.18
3235.25 76.44
3294.13 76.74
3354.08 77.06
3415.12 77.39
3477.27 77.70
3540.56 77.98
3605 78.19
3670.6 78.32
3737.41 78.34
3805.43 78.24
3874.68 78.03
3945.2 77.71
4017 77.30
4090.11 76.81
4164.55 76.26
4240.34 75.69
4317.51 75.10
4396.09 74.53
4476.1 73.99
4557.56 73.50
4640.5 73.08
4724.96 72.74
4810.95 72.48
4898.51 72.33
4987.66 72.27
5078.43 72.30
5170.86 72.41
5264.97 72.61
5360.79 72.86
5458.35 73.16
5557.69 73.50
5658.84 73.85
5761.82 74.20
5866.69 74.53
5973.46 74.83
6082.17 75.09
6192.87 75.30
6305.57 75.46
6420.33 75.59
6537.18 75.70
6656.15 75.82
6777.29 75.98
6900.63 76.21
7026.22 76.55
7154.1 77.01
7284.3 77.60
7416.87 78.30
7551.85 79.04
7689.29 79.76
7829.23 80.34
7971.72 80.67
8116.8 80.67
8264.53 80.30
8414.94 79.57
8568.09 78.55
8724.02 77.31
8882.79 75.92
9044.46 74.41
9209.06 72.83
9376.66 71.19
9547.31 69.54
9721.07 67.94
9897.99 66.45
10078.13 65.12
10261.55 63.98
10448.3 63.01
10638.45 62.13
10832.07 61.24
11029.21 60.26
11229.94 59.19
11434.32 58.08
11642.41 57.02
11854.3 56.09
12070.04 55.34
12289.71 54.83
12513.38 54.61
12741.12 54.70
12973 55.14
13209.1 55.95
13449.5 57.11
13694.28 58.58
13943.51 60.25
14197.27 61.98
14455.66 63.60
14718.74 64.94
14986.62 65.86
15259.37 66.26
15537.08 66.10
15819.85 65.29
16107.76 63.78
16400.92 61.54
16699.41 58.61
17003.33 55.08
17312.78 51.09
17627.86 46.83
17948.68 42.48
18275.34 38.15
18607.94 33.87
18946.6 29.64
19291.42 25.46
19642.52 21.31
20000 17.17
