20 74.97
20.36 75.00
20.73 75.02
21.11 75.05
21.5 75.07
21.89 75.10
22.29 75.12
22.69 75.15
23.1 75.17
23.52 75.20
23.95 75.22
24.39 75.25
24.83 75.27
25.28 75.30
25.74 75.32
26.21 75.34
26.69 75.37
27.18 75.39
27.67 75.41
28.17 75.43
28.69 75.45
29.21 75.47
29.74 75.49
30.28 75.51
30.83 75.53
31.39 75.54
31.97 75.56
32.55 75.57
33.14 75.59
33.74 75.60
34.36 75.61
34.98 75.63
35.62 75.64
36.27 75.65
36.93 75.66
37.6 75.67
38.28 75.68
38.98 75.69
39.69 75.69
40.41 75.70
41.15 75.70
41.9 75.71
42.66 75.72
43.44 75.72
44.23 75.72
45.03 75.73
45.85 75.73
46.68 75.73
47.53 75.73
48.4 75.74
49.28 75.74
50.18 75.74
51.09 75.74
52.02 75.74
52.97 75.74
53.93 75.74
54.91 75.74
55.91 75.74
56.93 75.74
57.97 75.74
59.02 75.73
60.09 75.73
61.19 75.73
62.3 75.73
63.44 75.72
64.59 75.72
65.77 75.72
66.96 75.71
68.18 75.71
69.42 75.70
70.69 75.70
71.97 75.69
73.28 75.68
74.62 75.68
75.97 75.67
77.36 75.66
78.76 75.65
80.2 75.64
81.66 75.64
83.14 75.63
84.66 75.62
86.2 75.61
87.77 75.60
89.36 75.58
90.99 75.57
92.65 75.56
94.33 75.55
96.05 75.54
97.8 75.52
99.58 75.51
101.39 75.49
103.23 75.48
105.11 75.46
107.03 75.44
108.97 75.43
110.96 75.41
112.98 75.39
115.03 75.37
117.13 75.36
119.26 75.34
121.43 75.32
123.64 75.30
125.89 75.28
128.18 75.26
130.51 75.24
132.89 75.22
135.31 75.20
137.77 75.18
140.28 75.16
142.83 75.14
145.43 75.13
148.07 75.11
150.77 75.09
153.51 75.08
156.31 75.07
159.15 75.05
162.05 75.04
165 75.03
168 75.01
171.06 75.00
174.17 74.99
177.34 74.98
180.57 74.97
183.86 74.96
187.2 74.95
190.61 74.95
194.08 74.95
197.61 74.94
201.21 74.94
204.87 74.93
208.6 74.92
212.39 74.90
216.26 74.88
220.19 74.85
224.2 74.82
228.28 74.79
232.44 74.75
236.67 74.72
240.97 74.68
245.36 74.65
249.82 74.61
254.37 74.57
259 74.54
263.71 74.50
268.51 74.47
273.4 74.43
278.38 74.40
283.44 74.36
288.6 74.33
293.85 74.31
299.2 74.28
304.65 74.26
310.19 74.24
315.84 74.22
321.59 74.20
327.44 74.18
333.4 74.17
339.47 74.16
345.64 74.15
351.93 74.16
358.34 74.17
364.86 74.18
371.5 74.20
378.26 74.21
385.15 74.21
392.16 74.21
399.29 74.19
406.56 74.18
413.96 74.15
421.49 74.13
429.16 74.10
436.97 74.07
444.93 74.05
453.02 74.02
461.27 73.99
469.66 73.97
478.21 73.94
486.91 73.92
495.78 73.90
504.8 73.88
513.99 73.85
523.34 73.83
532.87 73.81
542.56 73.79
552.44 73.78
562.49 73.76
572.73 73.74
583.15 73.73
593.77 73.72
604.57 73.71
615.57 73.70
626.78 73.69
638.18 73.69
649.8 73.68
661.63 73.68
673.67 73.68
685.93 73.68
698.41 73.68
711.12 73.69
724.06 73.70
737.24 73.72
750.66 73.73
764.32 73.76
778.23 73.79
792.39 73.82
806.82 73.86
821.5 73.91
836.45 73.97
851.67 74.03
867.17 74.10
882.96 74.19
899.02 74.28
915.39 74.38
932.05 74.49
949.01 74.61
966.28 74.74
983.87 74.87
1001.77 75.01
1020 75.16
1038.57 75.31
1057.47 75.47
1076.71 75.62
1096.31 75.78
1116.26 75.94
1136.58 76.10
1157.26 76.25
1178.32 76.40
1199.77 76.54
1221.6 76.68
1243.84 76.81
1266.47 76.93
1289.52 77.05
1312.99 77.16
1336.89 77.26
1361.22 77.36
1385.99 77.45
1411.22 77.54
1436.9 77.62
1463.05 77.70
1489.68 77.78
1516.79 77.86
1544.4 77.93
1572.5 78.02
1601.12 78.10
1630.26 78.19
1659.93 78.27
1690.14 78.36
1720.9 78.43
1752.22 78.50
1784.11 78.57
1816.58 78.63
1849.64 78.69
1883.3 78.73
1917.58 78.78
1952.48 78.81
1988.01 78.83
2024.19 78.85
2061.03 78.85
2098.54 78.84
2136.73 78.82
2175.62 78.79
2215.22 78.73
2255.53 78.66
2296.58 78.57
2338.38 78.47
2380.94 78.34
2424.27 78.20
2468.39 78.05
2513.31 77.87
2559.05 77.69
2605.63 77.49
2653.05 77.28
2701.33 77.06
2750.5 76.82
2800.55 76.58
2851.52 76.34
2903.42 76.09
2956.26 75.86
3010.06 75.63
3064.85 75.42
3120.62 75.24
3177.42 75.07
3235.25 74.92
3294.13 74.78
3354.08 74.65
3415.12 74.53
3477.27 74.41
3540.56 74.30
3605 74.20
3670.6 74.11
3737.41 74.04
3805.43 73.98
3874.68 73.94
3945.2 73.92
4017 73.92
4090.11 73.95
4164.55 74.01
4240.34 74.10
4317.51 74.22
4396.09 74.37
4476.1 74.56
4557.56 74.79
4640.5 75.06
4724.96 75.36
4810.95 75.70
4898.51 76.08
4987.66 76.49
5078.43 76.92
5170.86 77.37
5264.97 77.80
5360.79 78.21
5458.35 78.56
5557.69 78.85
5658.84 79.05
5761.82 79.15
5866.69 79.14
5973.46 79.03
6082.17 78.83
6192.87 78.55
6305.57 78.22
6420.33 77.86
6537.18 77.53
6656.15 77.25
6777.29 77.06
6900.63 77.00
7026.22 77.10
7154.1 77.36
7284.3 77.79
7416.87 78.38
7551.85 79.05
7689.29 79.72
7829.23 80.25
7971.72 80.48
8116.8 80.29
8264.53 79.65
8414.94 78.60
8568.09 77.27
8724.02 75.81
8882.79 74.37
9044.46 73.06
9209.06 71.97
9376.66 71.12
9547.31 70.53
9721.07 70.15
9897.99 69.93
10078.13 69.79
10261.55 69.64
10448.3 69.39
10638.45 68.96
10832.07 68.31
11029.21 67.44
11229.94 66.35
11434.32 65.08
11642.41 63.66
11854.3 62.12
12070.04 60.48
12289.71 58.77
12513.38 57.03
12741.12 55.30
12973 53.64
13209.1 52.14
13449.5 50.89
13694.28 49.99
13943.51 49.57
14197.27 49.68
14455.66 50.34
14718.74 51.48
14986.62 52.94
15259.37 54.49
15537.08 55.84
15819.85 56.74
16107.76 57.03
16400.92 56.70
16699.41 55.83
17003.33 54.60
17312.78 53.20
17627.86 51.76
17948.68 50.33
18275.34 48.95
18607.94 47.64
18946.6 46.39
19291.42 45.19
19642.52 44.00
20000 42.82
