20.000000	73.859
20.290907	73.887
20.586045	73.924
20.885476	73.982
21.189262	74.058
21.497467	74.133
21.810155	74.197
22.127391	74.226
22.449241	74.237
22.775773	74.238
23.107054	74.252
23.443154	74.289
23.784142	74.337
24.130091	74.379
24.481071	74.391
24.837156	74.379
25.198421	74.356
25.564940	74.348
25.936791	74.373
26.314050	74.429
26.696797	74.497
27.085111	74.560
27.479073	74.608
27.878765	74.646
28.284271	74.680
28.695675	74.709
29.113064	74.731
29.536523	74.745
29.966142	74.759
30.402009	74.784
30.844217	74.813
31.292856	74.833
31.748021	74.839
32.209807	74.841
32.678309	74.848
33.153626	74.860
33.635857	74.870
34.125101	74.870
34.621462	74.871
35.125043	74.887
35.635949	74.914
36.154286	74.935
36.680162	74.939
37.213687	74.940
37.754973	74.959
38.304131	74.988
38.861278	75.002
39.426528	74.999
40.000000	75.002
40.581813	75.032
41.172089	75.063
41.770951	75.060
42.378524	75.031
42.994934	75.022
43.620309	75.047
44.254781	75.079
44.898482	75.093
45.551545	75.092
46.214108	75.093
46.886308	75.099
47.568285	75.097
48.260181	75.094
48.962142	75.108
49.674312	75.130
50.396842	75.142
51.129881	75.143
51.873582	75.147
52.628101	75.163
53.393594	75.185
54.170222	75.200
54.958146	75.197
55.757531	75.188
56.568542	75.190
57.391351	75.191
58.226127	75.183
59.073046	75.166
59.932283	75.160
60.804018	75.160
61.688433	75.160
62.585712	75.160
63.496042	75.162
64.419613	75.164
65.356618	75.167
66.307252	75.168
67.271713	75.168
68.250203	75.165
69.242925	75.162
70.250086	75.159
71.271897	75.156
72.308571	75.155
73.360323	75.154
74.427374	75.150
75.509945	75.146
76.608262	75.139
77.722555	75.129
78.853056	75.121
80.000000	75.112
81.163627	75.107
82.344179	75.102
83.541903	75.093
84.757048	75.087
85.989867	75.083
87.240619	75.075
88.509563	75.064
89.796964	75.050
91.103091	75.040
92.428216	75.031
93.772615	75.024
95.136569	75.013
96.520362	74.996
97.924283	74.984
99.348625	74.977
100.793684	74.968
102.259762	74.956
103.747164	74.944
105.256202	74.928
106.787188	74.911
108.340444	74.903
109.916292	74.894
111.515061	74.876
113.137085	74.857
114.782702	74.842
116.452255	74.829
118.146092	74.815
119.864566	74.801
121.608036	74.786
123.376866	74.768
125.171424	74.743
126.992084	74.711
128.839227	74.689
130.713236	74.673
132.614504	74.659
134.543426	74.643
136.500406	74.623
138.485850	74.602
140.500173	74.578
142.543795	74.549
144.617142	74.521
146.720647	74.496
148.854748	74.470
151.019890	74.443
153.216525	74.419
155.445111	74.398
157.706112	74.376
160.000000	74.353
162.327254	74.332
164.688358	74.309
167.083805	74.285
169.514095	74.256
171.979734	74.226
174.481237	74.195
177.019125	74.161
179.593928	74.129
182.206182	74.101
184.856431	74.074
187.545230	74.042
190.273138	74.011
193.040725	73.981
195.848567	73.953
198.697250	73.922
201.587368	73.891
204.519524	73.859
207.494329	73.828
210.512403	73.798
213.574377	73.767
216.680888	73.733
219.832584	73.696
223.030122	73.663
226.274170	73.629
229.565404	73.594
232.904509	73.557
236.292183	73.519
239.729132	73.483
243.216073	73.446
246.753732	73.410
250.342848	73.373
253.984168	73.335
257.678453	73.296
261.426473	73.255
265.229008	73.212
269.086853	73.169
273.000811	73.124
276.971700	73.078
281.000346	73.032
285.087590	72.987
289.234284	72.941
293.441294	72.893
297.709496	72.844
302.039780	72.797
306.433050	72.753
310.890221	72.710
315.412224	72.667
320.000000	72.625
324.654507	72.583
329.376716	72.539
334.167610	72.498
339.028190	72.458
343.959469	72.422
348.962474	72.393
354.038251	72.370
359.187855	72.352
364.412363	72.331
369.712863	72.304
375.090460	72.271
380.546277	72.236
386.081450	72.200
391.697134	72.165
397.394500	72.130
403.174736	72.096
409.039048	72.063
414.988657	72.029
421.024807	71.996
427.148753	71.963
433.361775	71.930
439.665167	71.895
446.060244	71.861
452.548340	71.828
459.130807	71.792
465.809019	71.756
472.584367	71.723
479.458265	71.692
486.432146	71.662
493.507464	71.635
500.685695	71.612
507.968337	71.590
515.356906	71.566
522.852945	71.543
530.458016	71.520
538.173706	71.498
546.001623	71.476
553.943399	71.455
562.000691	71.434
570.175180	71.411
578.468569	71.387
586.882588	71.358
595.418991	71.325
604.079560	71.288
612.866100	71.244
621.780442	71.195
630.824447	71.138
640.000000	71.071
649.309014	70.992
658.753431	70.901
668.335221	70.798
678.056380	70.681
687.918938	70.554
697.924949	70.421
708.076501	70.277
718.375711	70.124
728.824726	69.963
739.425726	69.796
750.180921	69.626
761.092554	69.458
772.162900	69.297
783.394268	69.142
794.789000	68.996
806.349472	68.861
818.078095	68.737
829.977315	68.626
842.049613	68.530
854.297507	68.453
866.723550	68.392
879.330334	68.347
892.120489	68.322
905.096680	68.313
918.261614	68.323
931.618037	68.347
945.168733	68.388
958.916529	68.442
972.864291	68.512
987.014928	68.599
1001.371391	68.701
1015.936673	68.812
1030.713812	68.932
1045.705890	69.064
1060.916032	69.206
1076.347412	69.355
1092.003245	69.512
1107.886798	69.676
1124.001383	69.844
1140.350359	70.016
1156.937137	70.192
1173.765175	70.370
1190.837983	70.546
1208.159120	70.724
1225.732199	70.907
1243.560885	71.094
1261.648894	71.280
1280.000000	71.467
1298.618029	71.655
1317.506863	71.847
1336.670442	72.045
1356.112761	72.249
1375.837875	72.456
1395.849898	72.663
1416.153002	72.873
1436.751422	73.083
1457.649452	73.286
1478.851452	73.483
1500.361842	73.671
1522.185107	73.862
1544.325799	74.078
1566.788535	74.337
1589.577999	74.641
1612.698944	74.974
1636.156190	75.315
1659.954630	75.646
1684.099226	75.958
1708.595013	76.241
1733.447100	76.490
1758.660669	76.694
1784.240977	76.845
1810.193360	76.932
1836.523229	76.948
1863.236074	76.888
1890.337467	76.751
1917.833058	76.539
1945.728583	76.260
1974.029857	75.921
2002.742782	75.533
2031.873347	75.104
2061.427625	74.648
2091.411780	74.176
2121.832065	73.693
2152.694823	73.212
2184.006490	72.732
2215.773596	72.270
2248.002765	71.819
2280.700718	71.387
2313.874274	70.972
2347.530351	70.579
2381.675966	70.210
2416.318240	69.859
2451.464399	69.534
2487.121769	69.226
2523.297789	68.944
2560.000000	68.684
2597.236057	68.448
2635.013726	68.237
2673.340883	68.056
2712.225522	67.906
2751.675750	67.807
2791.699796	67.753
2832.306004	67.742
2873.502844	67.760
2915.298905	67.808
2957.702904	67.884
3000.723683	67.985
3044.370214	68.122
3088.651599	68.313
3133.577071	68.567
3179.155999	68.902
3225.397888	69.320
3272.312380	69.826
3319.909260	70.398
3368.198452	70.953
3417.190027	71.309
3466.894200	71.222
3517.321337	70.637
3568.481954	69.985
3620.386720	69.813
3673.046457	70.130
3726.472148	70.377
3780.674934	70.144
3835.666117	69.882
3891.457165	70.322
3948.059713	71.179
4005.485564	71.679
4063.746693	71.731
4122.855250	71.412
4182.823560	70.845
4243.664130	70.130
4305.389646	69.357
4368.012981	68.583
4431.547192	67.877
4496.005531	67.275
4561.401437	66.817
4627.748549	66.478
4695.060701	66.263
4763.351932	66.134
4832.636481	66.078
4902.928797	66.097
4974.243539	66.172
5046.595577	66.316
5120.000000	66.522
5194.472115	66.794
5270.027452	67.121
5346.681766	67.470
5424.451043	67.801
5503.351500	68.034
5583.399591	68.047
5664.612008	67.687
5747.005687	66.945
5830.597810	65.834
5915.405808	64.484
6001.447367	63.198
6088.740429	62.745
6177.303198	63.382
6267.154142	64.629
6358.311998	65.901
6450.795775	66.958
6544.624761	67.869
6639.818520	68.838
6736.396904	69.878
6834.380053	70.714
6933.788400	71.129
7034.642675	71.219
7136.963909	71.313
7240.773439	71.771
7346.092914	72.813
7452.944296	74.367
7561.349867	76.093
7671.332234	77.662
7782.914330	78.940
7896.119426	79.864
8010.971128	80.349
8127.493386	80.296
8245.710500	79.628
8365.647121	78.408
8487.328260	76.911
8610.779292	75.352
8736.025961	73.904
8863.094385	72.641
8992.011061	71.575
9122.802874	70.702
9255.497097	70.016
9390.121402	69.493
9526.703863	69.119
9665.272962	68.865
9805.857594	68.723
9948.487077	68.755
10093.191154	69.028
10240.000000	69.371
10388.944230	69.639
10540.054903	69.706
10693.363532	69.473
10848.902086	68.872
11006.703001	67.925
11166.799182	66.730
11329.224017	65.402
11494.011375	64.076
11661.195620	62.887
11830.811616	61.828
12002.894734	60.982
12177.480858	60.293
12354.606395	59.857
12534.308283	59.577
12716.623996	59.504
12901.591551	59.708
13089.249521	60.060
13279.637040	60.724
13472.793808	61.732
13668.760107	62.896
13867.576801	63.793
14069.285350	63.769
14273.927818	62.812
14481.546879	60.856
14692.185828	58.550
14905.888592	56.500
15122.699734	54.927
15342.664467	53.988
15565.828661	53.730
15792.238852	53.909
16021.942256	53.661
16254.986772	51.715
16491.420999	47.645
16731.294241	42.925
16974.656520	39.988
17221.558584	39.784
17472.051922	41.134
17726.188769	42.676
17984.022122	43.747
18245.605748	43.940
18510.994194	43.202
18780.242805	41.933
19053.407727	40.717
19330.545924	40.061
19611.715189	40.124
19896.974155	40.323
20186.382308	40.323
