20 77.48
20.36 77.50
20.73 77.52
21.11 77.54
21.5 77.57
21.89 77.59
22.29 77.61
22.69 77.63
23.1 77.65
23.52 77.68
23.95 77.70
24.39 77.72
24.83 77.74
25.28 77.76
25.74 77.78
26.21 77.80
26.69 77.82
27.18 77.84
27.67 77.86
28.17 77.87
28.69 77.89
29.21 77.91
29.74 77.92
30.28 77.94
30.83 77.95
31.39 77.97
31.97 77.98
32.55 77.99
33.14 78.01
33.74 78.02
34.36 78.03
34.98 78.04
35.62 78.05
36.27 78.06
36.93 78.06
37.6 78.07
38.28 78.08
38.98 78.08
39.69 78.09
40.41 78.10
41.15 78.10
41.9 78.11
42.66 78.11
43.44 78.11
44.23 78.12
45.03 78.12
45.85 78.12
46.68 78.13
47.53 78.13
48.4 78.13
49.28 78.14
50.18 78.14
51.09 78.14
52.02 78.14
52.97 78.14
53.93 78.14
54.91 78.14
55.91 78.14
56.93 78.14
57.97 78.14
59.02 78.14
60.09 78.14
61.19 78.14
62.3 78.14
63.44 78.14
64.59 78.14
65.77 78.14
66.96 78.14
68.18 78.13
69.42 78.13
70.69 78.13
71.97 78.12
73.28 78.12
74.62 78.11
75.97 78.11
77.36 78.10
78.76 78.09
80.2 78.09
81.66 78.08
83.14 78.08
84.66 78.07
86.2 78.06
87.77 78.05
89.36 78.05
90.99 78.04
92.65 78.03
94.33 78.02
96.05 78.01
97.8 78.00
99.58 78.00
101.39 77.99
103.23 77.98
105.11 77.97
107.03 77.96
108.97 77.95
110.96 77.94
112.98 77.93
115.03 77.92
117.13 77.90
119.26 77.89
121.43 77.88
123.64 77.87
125.89 77.85
128.18 77.84
130.51 77.82
132.89 77.81
135.31 77.79
137.77 77.78
140.28 77.76
142.83 77.74
145.43 77.72
148.07 77.70
150.77 77.69
153.51 77.67
156.31 77.66
159.15 77.64
162.05 77.63
165 77.62
168 77.61
171.06 77.61
174.17 77.60
177.34 77.59
180.57 77.58
183.86 77.57
187.2 77.56
190.61 77.54
194.08 77.52
197.61 77.50
201.21 77.48
204.87 77.45
208.6 77.43
212.39 77.40
216.26 77.37
220.19 77.35
224.2 77.32
228.28 77.29
232.44 77.26
236.67 77.24
240.97 77.21
245.36 77.19
249.82 77.16
254.37 77.14
259 77.11
263.71 77.08
268.51 77.06
273.4 77.03
278.38 77.00
283.44 76.96
288.6 76.92
293.85 76.89
299.2 76.85
304.65 76.81
310.19 76.77
315.84 76.72
321.59 76.68
327.44 76.64
333.4 76.60
339.47 76.56
345.64 76.53
351.93 76.49
358.34 76.46
364.86 76.42
371.5 76.38
378.26 76.35
385.15 76.31
392.16 76.26
399.29 76.22
406.56 76.18
413.96 76.13
421.49 76.09
429.16 76.04
436.97 76.00
444.93 75.95
453.02 75.89
461.27 75.84
469.66 75.78
478.21 75.72
486.91 75.66
495.78 75.60
504.8 75.54
513.99 75.48
523.34 75.42
532.87 75.35
542.56 75.29
552.44 75.23
562.49 75.16
572.73 75.10
583.15 75.04
593.77 74.97
604.57 74.91
615.57 74.85
626.78 74.79
638.18 74.73
649.8 74.67
661.63 74.62
673.67 74.57
685.93 74.52
698.41 74.47
711.12 74.43
724.06 74.39
737.24 74.35
750.66 74.32
764.32 74.29
778.23 74.28
792.39 74.26
806.82 74.26
821.5 74.26
836.45 74.28
851.67 74.30
867.17 74.34
882.96 74.38
899.02 74.44
915.39 74.51
932.05 74.59
949.01 74.68
966.28 74.78
983.87 74.89
1001.77 75.01
1020 75.13
1038.57 75.26
1057.47 75.38
1076.71 75.50
1096.31 75.62
1116.26 75.74
1136.58 75.85
1157.26 75.95
1178.32 76.04
1199.77 76.12
1221.6 76.19
1243.84 76.25
1266.47 76.29
1289.52 76.32
1312.99 76.33
1336.89 76.33
1361.22 76.32
1385.99 76.30
1411.22 76.26
1436.9 76.21
1463.05 76.15
1489.68 76.08
1516.79 76.00
1544.4 75.91
1572.5 75.81
1601.12 75.70
1630.26 75.58
1659.93 75.46
1690.14 75.33
1720.9 75.20
1752.22 75.07
1784.11 74.95
1816.58 74.82
1849.64 74.70
1883.3 74.57
1917.58 74.45
1952.48 74.34
1988.01 74.22
2024.19 74.12
2061.03 74.02
2098.54 73.93
2136.73 73.86
2175.62 73.79
2215.22 73.74
2255.53 73.70
2296.58 73.68
2338.38 73.68
2380.94 73.71
2424.27 73.79
2468.39 73.91
2513.31 74.08
2559.05 74.29
2605.63 74.54
2653.05 74.81
2701.33 75.09
2750.5 75.38
2800.55 75.66
2851.52 75.93
2903.42 76.19
2956.26 76.43
3010.06 76.66
3064.85 76.88
3120.62 77.08
3177.42 77.28
3235.25 77.44
3294.13 77.58
3354.08 77.68
3415.12 77.73
3477.27 77.73
3540.56 77.66
3605 77.52
3670.6 77.31
3737.41 77.03
3805.43 76.67
3874.68 76.25
3945.2 75.79
4017 75.30
4090.11 74.80
4164.55 74.30
4240.34 73.83
4317.51 73.39
4396.09 72.98
4476.1 72.60
4557.56 72.25
4640.5 71.92
4724.96 71.63
4810.95 71.36
4898.51 71.14
4987.66 70.96
5078.43 70.83
5170.86 70.76
5264.97 70.77
5360.79 70.84
5458.35 70.98
5557.69 71.17
5658.84 71.42
5761.82 71.73
5866.69 72.11
5973.46 72.55
6082.17 73.05
6192.87 73.61
6305.57 74.20
6420.33 74.78
6537.18 75.28
6656.15 75.65
6777.29 75.81
6900.63 75.72
7026.22 75.35
7154.1 74.73
7284.3 73.94
7416.87 73.17
7551.85 72.61
7689.29 72.48
7829.23 72.89
7971.72 73.77
8116.8 74.89
8264.53 75.94
8414.94 76.66
8568.09 76.87
8724.02 76.56
8882.79 75.80
9044.46 74.73
9209.06 73.51
9376.66 72.26
9547.31 71.09
9721.07 70.05
9897.99 69.15
10078.13 68.41
10261.55 67.79
10448.3 67.27
10638.45 66.83
10832.07 66.42
11029.21 66.01
11229.94 65.57
11434.32 65.08
11642.41 64.52
11854.3 63.87
12070.04 63.16
12289.71 62.41
12513.38 61.65
12741.12 60.90
12973 60.15
13209.1 59.45
13449.5 58.83
13694.28 58.33
13943.51 57.99
14197.27 57.89
14455.66 58.06
14718.74 58.53
14986.62 59.33
15259.37 60.42
15537.08 61.75
15819.85 63.24
16107.76 64.80
16400.92 66.28
16699.41 67.48
17003.33 68.17
17312.78 68.08
17627.86 67.04
17948.68 65.02
18275.34 62.17
18607.94 58.75
18946.6 55.00
19291.42 51.11
19642.52 47.19
20000 43.26
