20 82.08
20.2909066988 82.19
20.5860447329 82.30
20.8854756485 82.41
21.1892618872 82.52
21.4974667984 82.63
21.8101546533 82.75
22.1273906578 82.86
22.4492409662 82.97
22.7757726951 83.08
23.1070539374 83.18
23.4431537764 83.29
23.7841423001 83.40
24.130090616 83.51
24.4810708661 83.62
24.8371562415 83.72
25.1984209979 83.83
25.5649404712 83.93
25.936791093 84.03
26.3140504067 84.13
26.6967970834 84.23
27.0851109387 84.32
27.4790729492 84.41
27.878765269 84.50
28.2842712475 84.59
28.6956754462 84.67
29.1130636568 84.75
29.5365229188 84.83
29.9661415375 84.90
30.402009103 84.97
30.8442165082 85.04
31.2928559682 85.11
31.7480210394 85.17
32.209806639 85.23
32.6783090648 85.28
33.1536260154 85.34
33.6358566101 85.39
34.1251014105 85.44
34.6214624402 85.49
35.1250432075 85.54
35.6359487256 85.58
36.1542855356 85.63
36.6801617282 85.67
37.2136869661 85.72
37.7549725073 85.76
38.3041312279 85.80
38.8612776461 85.85
39.4265279456 85.89
40 85.94
40.5818133975 85.99
41.1720894657 86.04
41.7709512971 86.09
42.3785237744 86.15
42.9949335968 86.21
43.6203093066 86.27
44.2547813156 86.34
44.8984819324 86.41
45.5515453903 86.49
46.2141078749 86.57
46.8863075528 86.65
47.5682846001 86.74
48.260181232 86.82
48.9621417322 86.91
49.6743124829 87.01
50.3968419958 87.10
51.1298809424 87.20
51.873582186 87.30
52.6281008133 87.41
53.3935941668 87.52
54.1702218775 87.63
54.9581458983 87.75
55.757530538 87.87
56.5685424949 87.99
57.3913508924 88.12
58.2261273137 88.26
59.0730458376 88.39
59.9322830751 88.53
60.804018206 88.67
61.6884330163 88.80
62.5857119363 88.94
63.4960420787 89.07
64.419613278 89.20
65.3566181296 89.32
66.3072520307 89.44
67.2717132203 89.55
68.2502028209 89.65
69.2429248805 89.74
70.2500864149 89.83
71.2718974512 89.91
72.3085710713 89.98
73.3603234564 90.04
74.4273739322 90.10
75.5099450145 90.14
76.6082624559 90.18
77.7225552923 90.21
78.8530558912 90.24
80 90.26
81.163626795 90.27
82.3441789315 90.28
83.5419025942 90.28
84.7570475487 90.28
85.9898671937 90.28
87.2406186132 90.27
88.5095626311 90.25
89.7969638648 90.24
91.1030907805 90.22
92.4282157498 90.20
93.7726151055 90.18
95.1365692002 90.16
96.520362464 90.14
97.9242834644 90.12
99.3486249659 90.10
100.7936839916 90.08
102.2597618848 90.06
103.7471643721 90.04
105.2562016267 90.02
106.7871883336 90.00
108.340443755 89.99
109.9162917966 89.97
111.5150610759 89.95
113.1370849898 89.93
114.7827017849 89.91
116.4522546274 89.89
118.1460916752 89.86
119.8645661501 89.83
121.6080364119 89.80
123.3768660326 89.76
125.1714238726 89.72
126.9920841575 89.67
128.8392265559 89.62
130.7132362593 89.57
132.6145040614 89.51
134.5434264406 89.45
136.5004056418 89.39
138.485849761 89.32
140.5001728299 89.25
142.5437949025 89.18
144.6171421426 89.12
146.7206469127 89.05
148.8547478643 88.98
151.0198900291 88.92
153.2165249118 88.85
155.4451105846 88.79
157.7061117824 88.74
160 88.68
162.32725359 88.63
164.688357863 88.58
167.0838051884 88.53
169.5140950975 88.49
171.9797343873 88.44
174.4812372264 88.39
177.0191252622 88.34
179.5939277295 88.29
182.2061815611 88.24
184.8564314996 88.18
187.5452302111 88.12
190.2731384004 88.05
193.0407249281 87.98
195.8485669287 87.91
198.6972499318 87.83
201.5873679832 87.75
204.5195237697 87.66
207.4943287442 87.57
210.5124032534 87.47
213.5743766672 87.37
216.6808875099 87.26
219.8325835933 87.14
223.0301221518 87.03
226.2741699797 86.90
229.5654035698 86.78
232.9045092548 86.65
236.2921833503 86.52
239.7291323003 86.39
243.2160728239 86.26
246.7537320653 86.13
250.3428477452 86.00
253.9841683149 85.87
257.6784531119 85.75
261.4264725186 85.62
265.2290081229 85.50
269.0868528812 85.38
273.0008112836 85.26
276.971699522 85.14
281.0003456597 85.02
285.0875898049 84.90
289.2342842852 84.77
293.4412938255 84.64
297.7094957287 84.49
302.0397800581 84.34
306.4330498235 84.18
310.8902211692 84.01
315.4122235649 83.83
320 83.64
324.65450718 83.45
329.3767157259 83.25
334.1676103768 83.04
339.028190195 82.84
343.9594687746 82.63
348.9624744529 82.44
354.0382505244 82.24
359.187855459 82.06
364.4123631221 81.90
369.7128629991 81.74
375.0904604222 81.61
380.5462768009 81.50
386.0814498562 81.42
391.6971338575 81.36
397.3944998635 81.32
403.1747359664 81.30
409.0390475393 81.29
414.9886574883 81.28
421.0248065068 81.28
427.1487533344 81.29
433.3617750198 81.29
439.6651671866 81.29
446.0602443037 81.29
452.5483399594 81.29
459.1308071395 81.29
465.8090185095 81.29
472.5843667007 81.30
479.4582646005 81.31
486.4321456477 81.32
493.5074641306 81.33
500.6856954905 81.34
507.9683366298 81.36
515.3569062238 81.37
522.8529450372 81.39
530.4580162458 81.40
538.1737057624 81.41
546.0016225673 81.42
553.9433990439 81.43
562.0006913195 81.44
570.1751796098 81.44
578.4685685703 81.45
586.882587651 81.46
595.4189914574 81.47
604.0795601163 81.48
612.8660996471 81.49
621.7804423383 81.50
630.8244471297 81.52
640 81.55
649.30901436 81.57
658.7534314519 81.61
668.3352207536 81.65
678.05638039 81.69
687.9189375493 81.74
697.9249489058 81.80
708.0765010489 81.86
718.375710918 81.93
728.8247262443 82.00
739.4257259983 82.08
750.1809208443 82.16
761.0925536018 82.24
772.1628997124 82.33
783.394267715 82.42
794.7889997271 82.52
806.3494719327 82.62
818.0780950787 82.72
829.9773149767 82.83
842.0496130136 82.93
854.2975066688 83.04
866.7235500396 83.14
879.3303343732 83.23
892.1204886074 83.33
905.0966799188 83.41
918.2616142791 83.50
931.618037019 83.57
945.1687334013 83.64
958.9165292011 83.71
972.8642912955 83.78
987.0149282611 83.84
1001.371390981 83.90
1015.9366732597 83.97
1030.7138124476 84.03
1045.7058900743 84.10
1060.9160324916 84.17
1076.3474115248 84.23
1092.0032451345 84.30
1107.8867980879 84.37
1124.0013826389 84.43
1140.3503592197 84.49
1156.9371371406 84.55
1173.765175302 84.59
1190.8379829148 84.63
1208.1591202326 84.65
1225.7321992942 84.67
1243.5608846767 84.68
1261.6488942595 84.67
1280 84.64
1298.6180287201 84.60
1317.5068629037 84.54
1336.6704415071 84.47
1356.1127607799 84.41
1375.8378750985 84.36
1395.8498978116 84.34
1416.1530020977 84.36
1436.751421836 84.42
1457.6494524886 84.53
1478.8514519966 84.68
1500.3618416887 84.87
1522.1851072035 85.09
1544.3257994247 85.33
1566.78853543 85.57
1589.5779994541 85.80
1612.6989438655 86.02
1636.1561901574 86.22
1659.9546299533 86.40
1684.0992260271 86.56
1708.5950133377 86.70
1733.4471000793 86.82
1758.6606687464 86.94
1784.2409772148 87.06
1810.1933598376 87.18
1836.5232285581 87.32
1863.2360740381 87.47
1890.3374668026 87.64
1917.8330584022 87.83
1945.7285825909 88.04
1974.0298565222 88.26
2002.742781962 88.50
2031.8733465194 88.74
2061.4276248951 88.97
2091.4117801487 89.20
2121.8320649832 89.40
2152.6948230496 89.58
2184.0064902691 89.73
2215.7735961758 89.85
2248.0027652779 89.94
2280.7007184393 90.02
2313.8742742813 90.09
2347.530350604 90.18
2381.6759658296 90.29
2416.3182404652 90.42
2451.4643985884 90.55
2487.1217693533 90.66
2523.297788519 90.76
2560.0000000001 90.84
2597.2360574402 90.90
2635.0137258074 90.94
2673.3408830143 90.95
2712.2255215599 90.94
2751.6757501971 90.90
2791.6997956232 90.85
2832.3060041955 90.78
2873.5028436721 90.69
2915.2989049772 90.60
2957.7029039931 90.50
3000.7236833774 90.41
3044.3702144071 90.32
3088.6515988494 90.23
3133.57707086 90.12
3179.1559989082 90.00
3225.397887731 89.83
3272.3123803148 89.63
3319.9092599067 89.38
3368.1984520542 89.10
3417.1900266754 88.81
3466.8942001586 88.54
3517.3213374928 88.31
3568.4819544296 88.13
3620.3867196753 88.00
3673.0464571163 87.92
3726.4721480761 87.86
3780.6749336053 87.80
3835.6661168044 87.73
3891.4571651819 87.64
3948.0597130445 87.52
4005.4855639241 87.37
4063.7466930387 87.17
4122.8552497902 86.92
4182.8235602974 86.63
4243.6641299665 86.33
4305.3896460992 86.06
4368.0129805382 85.91
4431.5471923516 85.95
4496.0055305558 86.25
4561.4014368787 86.86
4627.7485485626 87.73
4695.0607012081 88.76
4763.3519316592 89.82
4832.6364809305 90.78
4902.9287971769 91.60
4974.2435387067 92.27
5046.595577038 92.78
5120.0000000002 93.12
5194.4721148803 93.30
5270.0274516149 93.30
5346.6817660286 93.16
5424.4510431198 92.89
5503.3515003942 92.54
5583.3995912463 92.17
5664.6120083911 91.80
5747.0056873442 91.48
5830.5978099545 91.19
5915.4058079863 90.90
6001.4473667548 90.55
6088.7404288142 90.09
6177.3031976989 89.52
6267.1541417201 88.86
6358.3119978165 88.15
6450.795775462 87.42
6544.6247606297 86.71
6639.8185198134 86.00
6736.3969041085 85.29
6834.3800533509 84.60
6933.7884003172 83.95
7034.6426749857 83.38
7136.9639088592 82.92
7240.7734393506 82.60
7346.0929142326 82.45
7452.9442961523 82.50
7561.3498672106 82.72
7671.3322336089 83.07
7782.9143303638 83.44
7896.119426089 83.77
8010.9711278481 84.02
8127.4933860775 84.16
8245.7104995805 84.17
8365.6471205948 83.99
8487.328259933 83.53
8610.7792921984 82.79
8736.0259610765 81.89
8863.0943847033 80.95
8992.0110611117 79.99
9122.8028737575 79.03
9255.4970971253 78.17
9390.1214024162 77.52
9526.7038633184 77.07
9665.272961861 76.79
9805.8575943538 76.69
9948.4870774134 76.84
10093.191154076 77.36
10240.0000000005 78.35
10388.9442297607 79.79
10540.0549032298 81.42
10693.3635320572 82.91
10848.9020862397 84.08
11006.7030007884 85.00
11166.7991824927 85.86
11329.2240167822 86.56
11494.0113746885 86.91
11661.1956199091 86.77
11830.8116159726 85.68
12002.8947335097 83.63
12177.4808576284 81.23
12354.6063953979 78.94
12534.3082834402 76.99
12716.6239956331 75.84
12901.5915509241 76.37
13089.2495212594 78.37
13279.637039627 80.31
13472.7938082171 81.04
13668.7601067018 80.54
13867.5768006344 79.62
14069.2853499715 79.00
14273.9278177184 78.52
14481.5468787012 77.51
14692.1858284653 75.78
14905.8885923047 73.80
15122.6997344212 72.12
15342.6644672179 71.23
15565.8286607277 71.11
15792.2388521781 71.03
16021.9422556964 70.16
16254.9867721551 68.37
16491.4209991611 66.63
16731.2942411897 65.48
16974.656519866 65.10
17221.5585843969 65.57
17472.0519221531 67.30
17726.1887694067 69.28
17984.0221222235 69.86
18245.605747515 69.17
18510.9941942506 68.71
18780.2428048326 68.95
19053.4077266369 69.52
19330.545923722 69.83
19611.7151887077 69.77
19896.9741548268 69.68
20186.382308152 69.64
