20.000000	55.642
20.290907	55.850
20.586045	56.056
20.885476	56.262
21.189262	56.466
21.497467	56.668
21.810155	56.867
22.127391	57.065
22.449241	57.262
22.775773	57.458
23.107054	57.654
23.443154	57.853
23.784142	58.054
24.130091	58.258
24.481071	58.467
24.837156	58.679
25.198421	58.894
25.564940	59.111
25.936791	59.330
26.314050	59.551
26.696797	59.772
27.085111	59.994
27.479073	60.215
27.878765	60.435
28.284271	60.655
28.695675	60.874
29.113064	61.091
29.536523	61.309
29.966142	61.526
30.402009	61.744
30.844217	61.962
31.292856	62.180
31.748021	62.397
32.209807	62.615
32.678309	62.832
33.153626	63.048
33.635857	63.264
34.125101	63.480
34.621462	63.694
35.125043	63.908
35.635949	64.122
36.154286	64.334
36.680162	64.546
37.213687	64.758
37.754973	64.970
38.304131	65.182
38.861278	65.393
39.426528	65.605
40.000000	65.818
40.581813	66.031
41.172089	66.244
41.770951	66.458
42.378524	66.672
42.994934	66.888
43.620309	67.104
44.254781	67.321
44.898482	67.540
45.551545	67.760
46.214108	67.980
46.886308	68.201
47.568285	68.423
48.260181	68.645
48.962142	68.868
49.674312	69.090
50.396842	69.313
51.129881	69.535
51.873582	69.758
52.628101	69.982
53.393594	70.205
54.170222	70.429
54.958146	70.654
55.757531	70.879
56.568542	71.104
57.391351	71.329
58.226127	71.555
59.073046	71.781
59.932283	72.008
60.804018	72.236
61.688433	72.464
62.585712	72.692
63.496042	72.921
64.419613	73.151
65.356618	73.381
66.307252	73.611
67.271713	73.842
68.250203	74.073
69.242925	74.304
70.250086	74.536
71.271897	74.767
72.308571	74.998
73.360323	75.229
74.427374	75.460
75.509945	75.691
76.608262	75.922
77.722555	76.152
78.853056	76.383
80.000000	76.613
81.163627	76.842
82.344179	77.071
83.541903	77.299
84.757048	77.527
85.989867	77.754
87.240619	77.980
88.509563	78.205
89.796964	78.429
91.103091	78.653
92.428216	78.875
93.772615	79.096
95.136569	79.317
96.520362	79.536
97.924283	79.754
99.348625	79.970
100.793684	80.185
102.259762	80.398
103.747164	80.608
105.256202	80.817
106.787188	81.022
108.340444	81.225
109.916292	81.424
111.515061	81.620
113.137085	81.813
114.782702	82.002
116.452255	82.187
118.146092	82.368
119.864566	82.544
121.608036	82.716
123.376866	82.883
125.171424	83.046
126.992084	83.203
128.839227	83.355
130.713236	83.502
132.614504	83.644
134.543426	83.780
136.500406	83.911
138.485850	84.037
140.500173	84.157
142.543795	84.272
144.617142	84.381
146.720647	84.484
148.854748	84.581
151.019890	84.672
153.216525	84.757
155.445111	84.836
157.706112	84.908
160.000000	84.974
162.327254	85.033
164.688358	85.085
167.083805	85.131
169.514095	85.169
171.979734	85.202
174.481237	85.227
177.019125	85.247
179.593928	85.261
182.206182	85.268
184.856431	85.270
187.545230	85.267
190.273138	85.258
193.040725	85.244
195.848567	85.225
198.697250	85.202
201.587368	85.174
204.519524	85.142
207.494329	85.107
210.512403	85.067
213.574377	85.024
216.680888	84.979
219.832584	84.930
223.030122	84.879
226.274170	84.826
229.565404	84.770
232.904509	84.713
236.292183	84.653
239.729132	84.592
243.216073	84.530
246.753732	84.465
250.342848	84.399
253.984168	84.331
257.678453	84.261
261.426473	84.188
265.229008	84.114
269.086853	84.037
273.000811	83.959
276.971700	83.879
281.000346	83.797
285.087590	83.715
289.234284	83.633
293.441294	83.553
297.709496	83.475
302.039780	83.401
306.433050	83.332
310.890221	83.269
315.412224	83.212
320.000000	83.162
324.654507	83.120
329.376716	83.083
334.167610	83.050
339.028190	83.015
343.959469	82.970
348.962474	82.911
354.038251	82.840
359.187855	82.763
364.412363	82.686
369.712863	82.618
375.090460	82.563
380.546277	82.524
386.081450	82.502
391.697134	82.499
397.394500	82.511
403.174736	82.535
409.039048	82.568
414.988657	82.603
421.024807	82.638
427.148753	82.670
433.361775	82.699
439.665167	82.724
446.060244	82.747
452.548340	82.767
459.130807	82.788
465.809019	82.808
472.584367	82.828
479.458265	82.847
486.432146	82.865
493.507464	82.881
500.685695	82.896
507.968337	82.908
515.356906	82.919
522.852945	82.928
530.458016	82.936
538.173706	82.944
546.001623	82.951
553.943399	82.958
562.000691	82.965
570.175180	82.972
578.468569	82.979
586.882588	82.986
595.418991	82.992
604.079560	82.998
612.866100	83.003
621.780442	83.007
630.824447	83.010
640.000000	83.013
649.309014	83.016
658.753431	83.018
668.335221	83.021
678.056380	83.023
687.918938	83.026
697.924949	83.029
708.076501	83.032
718.375711	83.035
728.824726	83.038
739.425726	83.041
750.180921	83.045
761.092554	83.051
772.162900	83.057
783.394268	83.065
794.789000	83.074
806.349472	83.084
818.078095	83.095
829.977315	83.106
842.049613	83.119
854.297507	83.132
866.723550	83.146
879.330334	83.159
892.120489	83.173
905.096680	83.187
918.261614	83.201
931.618037	83.215
945.168733	83.231
958.916529	83.248
972.864291	83.269
987.014928	83.292
1001.371391	83.318
1015.936673	83.349
1030.713812	83.384
1045.705890	83.424
1060.916032	83.471
1076.347412	83.524
1092.003245	83.584
1107.886798	83.651
1124.001383	83.725
1140.350359	83.806
1156.937137	83.893
1173.765175	83.987
1190.837983	84.087
1208.159120	84.194
1225.732199	84.308
1243.560885	84.429
1261.648894	84.555
1280.000000	84.686
1298.618029	84.824
1317.506863	84.967
1336.670442	85.114
1356.112761	85.263
1375.837875	85.414
1395.849898	85.566
1416.153002	85.718
1436.751422	85.871
1457.649452	86.022
1478.851452	86.168
1500.361842	86.307
1522.185107	86.436
1544.325799	86.553
1566.788535	86.656
1589.577999	86.744
1612.698944	86.814
1636.156190	86.866
1659.954630	86.897
1684.099226	86.909
1708.595013	86.898
1733.447100	86.866
1758.660669	86.810
1784.240977	86.729
1810.193360	86.625
1836.523229	86.498
1863.236074	86.353
1890.337467	86.189
1917.833058	86.011
1945.728583	85.818
1974.029857	85.616
2002.742782	85.406
2031.873347	85.194
2061.427625	84.984
2091.411780	84.782
2121.832065	84.596
2152.694823	84.430
2184.006490	84.290
2215.773596	84.181
2248.002765	84.105
2280.700718	84.068
2313.874274	84.069
2347.530351	84.106
2381.675966	84.177
2416.318240	84.280
2451.464399	84.413
2487.121769	84.578
2523.297789	84.781
2560.000000	85.024
2597.236057	85.312
2635.013726	85.644
2673.340883	86.014
2712.225522	86.413
2751.675750	86.829
2791.699796	87.251
2832.306004	87.669
2873.502844	88.079
2915.298905	88.473
2957.702904	88.846
3000.723683	89.190
3044.370214	89.494
3088.651599	89.749
3133.577071	89.943
3179.155999	90.072
3225.397888	90.137
3272.312380	90.143
3319.909260	90.098
3368.198452	90.009
3417.190027	89.881
3466.894200	89.725
3517.321337	89.548
3568.481954	89.365
3620.386720	89.183
3673.046457	89.007
3726.472148	88.835
3780.674934	88.657
3835.666117	88.470
3891.457165	88.282
3948.059713	88.113
4005.485564	87.972
4063.746693	87.858
4122.855250	87.767
4182.823560	87.701
4243.664130	87.661
4305.389646	87.650
4368.012981	87.670
4431.547192	87.722
4496.005531	87.802
4561.401437	87.898
4627.748549	88.006
4695.060701	88.132
4763.351932	88.291
4832.636481	88.490
4902.928797	88.721
4974.243539	88.973
5046.595577	89.248
5120.000000	89.550
5194.472115	89.868
5270.027452	90.162
5346.681766	90.378
5424.451043	90.470
5503.351500	90.418
5583.399591	90.235
5664.612008	89.921
5747.005687	89.464
5830.597810	88.876
5915.405808	88.207
6001.447367	87.500
6088.740429	86.784
6177.303198	86.067
6267.154142	85.375
6358.311998	84.728
6450.795775	84.129
6544.624761	83.564
6639.818520	83.024
6736.396904	82.512
6834.380053	82.034
6933.788400	81.594
7034.642675	81.202
7136.963909	80.869
7240.773439	80.590
7346.092914	80.359
7452.944296	80.185
7561.349867	80.071
7671.332234	79.978
7782.914330	79.864
7896.119426	79.758
8010.971128	79.735
8127.493386	79.794
8245.710500	79.888
8365.647121	80.013
8487.328260	80.179
8610.779292	80.352
8736.025961	80.495
8863.094385	80.582
8992.011061	80.570
9122.802874	80.367
9255.497097	79.930
9390.121402	79.266
9526.703863	78.416
9665.272962	77.407
9805.857594	76.307
9948.487077	75.245
10093.191154	74.309
10240.000000	73.531
10388.944230	72.919
10540.054903	72.347
10693.363532	71.499
10848.902086	70.144
11006.703001	68.357
11166.799182	66.531
11329.224017	65.257
11494.011375	64.911
11661.195620	65.439
11830.811616	66.425
12002.894734	67.513
12177.480858	68.505
12354.606395	69.325
12534.308283	70.067
12716.623996	70.825
12901.591551	71.571
13089.249521	72.278
13279.637040	72.961
13472.793808	73.596
13668.760107	74.066
13867.576801	74.105
14069.285350	73.517
14273.927818	72.489
14481.546879	71.271
14692.185828	69.990
14905.888592	68.714
15122.699734	67.431
15342.664467	66.112
15565.828661	64.741
15792.238852	63.253
16021.942256	61.611
16254.986772	59.939
16491.420999	58.429
16731.294241	57.056
16974.656520	55.868
17221.558584	54.928
17472.051922	54.158
17726.188769	53.092
17984.022122	51.819
18245.605748	51.387
18510.994194	51.448
18780.242805	51.307
19053.407727	50.202
19330.545924	47.792
19611.715189	44.973
19896.974155	43.630
20186.382308	43.473
