20 78.20
20.299999 78.27
20.6 78.37
20.9 78.44
21.200001 78.47
21.4 78.53
21.799999 78.64
22 78.69
22.4 78.80
22.700001 78.88
23 78.89
23.299999 78.86
23.6 78.88
24 78.97
24.299999 79.06
24.700001 79.24
25 79.33
25.4 79.37
25.799999 79.43
26.200001 79.42
26.5 79.45
26.9 79.53
27.200001 79.60
27.6 79.68
28 79.76
28.5 79.76
29 79.82
29.5 79.87
30 79.96
30.4 79.96
30.700001 79.97
31.1 80.00
31.5 80.02
32 80.09
32.5 80.13
33 80.18
33.5 80.24
34 80.32
34.5 80.40
35 80.43
35.5 80.44
36 80.50
36.5 80.58
37 80.62
37.5 80.62
38.200001 80.64
38.700001 80.75
39.5 80.90
40 80.87
40.599998 80.80
41.200001 80.78
41.799999 80.83
42.5 80.84
43.099998 80.85
43.700001 80.91
44.400002 80.96
45 81.04
45.5 81.06
46.200001 81.11
46.799999 81.14
47.5 81.14
48.200001 81.17
48.700001 81.29
49.400002 81.55
50 81.56
50.799999 81.33
51.5 81.29
52.200001 81.30
53 81.30
53.799999 81.30
54.5 81.38
55.200001 81.43
56 81.42
57 81.47
58 81.51
59 81.53
60 81.54
60.799999 81.53
61.5 81.53
62.200001 81.51
63 81.53
64 81.61
65 81.64
66 81.64
67 81.67
68 81.68
69 81.73
70 81.74
71 81.71
72 81.69
73 81.67
74 81.70
75 81.76
76.199997 81.82
77.5 81.86
78.800003 81.86
80 81.85
81.199997 81.83
82.5 81.80
83.800003 81.81
85 81.85
86.199997 81.89
87.5 81.92
88.5 81.92
90 81.92
91.199997 81.88
92.5 81.87
93.800003 81.87
95 81.90
96.199997 81.93
97.5 81.95
98.800003 81.98
100 81.97
101.5 81.93
103 81.97
104.400002 81.96
106 81.98
107.5 81.96
109 81.96
110.599998 81.97
112 81.97
113.800003 81.96
115 81.93
117.199997 82.02
118 82.04
120.599998 81.94
122 81.96
124.099998 81.98
125 82.00
126.5 81.99
128 82.03
131.5 81.98
132 81.97
134 81.98
136 81.99
138 82.03
140 81.99
143 81.96
145 81.96
147.5 81.98
150 81.94
152.5 81.95
155 81.98
157.5 82.05
160 82.01
162.5 81.99
165 82.01
167.5 82.03
170 82.02
172.5 82.01
175 82.00
177.5 82.00
180 81.98
182.5 81.94
185 81.92
187.5 81.93
190 81.92
192.5 81.90
195 81.93
197.5 81.94
200 81.94
203 81.92
206 81.93
209 81.91
212 81.88
214 81.86
218 81.88
220 81.86
224 81.81
227 81.82
230 81.83
233 81.79
236 81.79
240 81.81
243 81.78
247 81.78
250 81.75
254 81.73
258 81.75
262 81.70
265 81.69
269 81.70
272 81.69
276 81.68
280 81.66
285 81.63
290 81.63
295 81.62
300 81.60
304 81.58
307 81.58
311 81.56
315 81.53
320 81.52
325 81.50
330 81.49
335 81.50
340 81.47
345 81.46
350 81.45
355 81.41
360 81.39
365 81.39
370 81.39
375 81.37
382 81.35
387 81.33
395 81.31
400 81.31
406 81.29
412 81.28
418 81.25
425 81.25
431 81.22
437 81.23
444 81.20
450 81.19
455 81.20
462 81.20
468 81.18
475 81.17
482 81.16
487 81.15
494 81.13
500 81.13
508 81.14
515 81.14
522 81.12
530 81.13
538 81.13
545 81.13
552 81.12
560 81.14
570 81.15
580 81.17
590 81.17
600 81.17
608 81.18
615 81.18
622 81.20
630 81.21
640 81.21
650 81.25
660 81.28
670 81.31
680 81.35
690 81.37
700 81.41
710 81.44
720 81.48
730 81.49
740 81.54
750 81.57
762 81.62
775 81.68
788 81.73
800 81.82
812 81.89
825 81.95
838 82.00
850 82.10
862 82.17
875 82.25
885 82.32
900 82.41
912 82.50
925 82.60
938 82.69
950 82.77
962 82.86
975 82.95
988 83.03
1000 83.12
1015 83.24
1030 83.35
1044 83.46
1060 83.56
1075 83.64
1090 83.74
1106 83.85
1120 83.94
1138 84.07
1150 84.15
1172 84.29
1180 84.32
1206 84.43
1220 84.47
1241 84.50
1250 84.53
1265 84.61
1280 84.78
1315 85.32
1320 85.40
1340 85.61
1360 85.79
1380 85.90
1400 86.00
1430 86.14
1450 86.25
1475 86.39
1500 86.52
1525 86.65
1550 86.78
1575 86.94
1600 87.10
1625 87.25
1650 87.39
1675 87.54
1700 87.72
1725 87.89
1750 88.06
1775 88.23
1800 88.39
1825 88.56
1850 88.73
1875 88.91
1900 89.08
1925 89.25
1950 89.40
1975 89.55
2000 89.70
2030 89.86
2060 90.00
2090 90.11
2120 90.19
2140 90.23
2180 90.30
2200 90.32
2240 90.30
2270 90.26
2300 90.20
2330 90.11
2360 89.98
2400 89.78
2430 89.58
2470 89.38
2500 89.35
2540 89.18
2580 88.92
2620 88.67
2650 88.48
2690 88.25
2720 88.09
2760 87.92
2800 87.77
2850 87.62
2900 87.50
2950 87.15
3000 85.95
3040 85.02
3070 84.93
3110 85.17
3150 85.43
3200 85.74
3250 85.82
3300 85.11
3350 82.92
3400 81.45
3450 81.95
3500 82.62
3550 83.15
3600 83.56
3650 83.88
3700 84.20
3750 84.52
3820 85.00
3870 85.37
3950 85.99
4000 86.43
4060 86.95
4120 87.49
4180 88.04
4250 88.73
4310 89.36
4370 89.98
4440 90.69
4500 91.23
4550 91.59
4620 91.90
4680 91.96
4750 91.79
4820 91.37
4870 90.93
4940 90.17
5000 89.44
5080 88.46
5150 87.59
5220 86.77
5300 85.89
5380 85.10
5450 84.45
5520 83.89
5600 83.29
5700 82.65
5800 82.09
5900 81.68
6000 81.33
6080 81.10
6150 80.93
6220 80.75
6300 80.59
6400 80.55
6500 80.48
6600 80.42
6700 80.72
6800 81.26
6900 81.40
7000 81.56
7100 81.71
7200 81.93
7300 83.44
7400 85.13
7500 85.78
7620 86.68
7750 87.85
7880 89.05
8000 89.91
8120 90.33
8250 90.21
8380 89.77
8500 89.20
8620 88.68
8750 88.21
8850 88.00
9000 87.86
9120 87.86
9250 87.93
9380 87.93
9500 87.68
9620 87.05
9750 85.81
9880 84.01
10000 82.11
10150 79.80
10300 77.59
10440 75.74
10600 73.87
10750 72.34
10900 70.89
11060 69.55
11200 68.45
11380 67.26
11500 66.53
11720 65.23
11800 64.46
12060 63.50
12200 62.96
12410 62.24
12500 62.21
12650 61.59
12800 61.29
13150 60.77
13200 60.99
13400 60.68
13600 60.38
13800 60.56
14000 60.55
14300 61.10
14500 61.66
14750 62.48
15000 63.16
15250 64.20
15500 65.53
15750 67.56
16000 69.56
16250 70.90
16500 70.93
16750 70.23
17000 69.81
17250 69.76
17500 70.20
17750 70.82
18000 71.71
18250 71.97
18500 71.25
18750 68.93
19000 66.06
19250 63.16
19500 60.72
19750 57.64
20000 50.92
