20 68.95
20.2909066988 68.95
20.5860447329 68.96
20.8854756485 68.96
21.1892618872 68.97
21.4974667984 68.98
21.8101546533 69.00
22.1273906578 69.01
22.4492409662 69.03
22.7757726951 69.05
23.1070539374 69.06
23.4431537764 69.08
23.7841423001 69.09
24.130090616 69.10
24.4810708661 69.11
24.8371562415 69.12
25.1984209979 69.13
25.5649404712 69.13
25.936791093 69.12
26.3140504067 69.12
26.6967970834 69.10
27.0851109387 69.09
27.4790729492 69.08
27.878765269 69.07
28.2842712475 69.06
28.6956754462 69.04
29.1130636568 69.03
29.5365229188 69.02
29.9661415375 69.01
30.402009103 69.01
30.8442165082 69.00
31.2928559682 69.00
31.7480210394 68.99
32.209806639 68.99
32.6783090648 68.99
33.1536260154 68.98
33.6358566101 68.97
34.1251014105 68.95
34.6214624402 68.94
35.1250432075 68.92
35.6359487256 68.90
36.1542855356 68.88
36.6801617282 68.86
37.2136869661 68.84
37.7549725073 68.82
38.3041312279 68.80
38.8612776461 68.79
39.4265279456 68.77
40 68.75
40.5818133975 68.74
41.1720894657 68.72
41.7709512971 68.70
42.3785237744 68.68
42.9949335968 68.66
43.6203093066 68.63
44.2547813156 68.61
44.8984819324 68.59
45.5515453903 68.56
46.2141078749 68.54
46.8863075528 68.52
47.5682846001 68.49
48.260181232 68.47
48.9621417322 68.44
49.6743124829 68.41
50.3968419958 68.39
51.1298809424 68.36
51.873582186 68.33
52.6281008133 68.31
53.3935941668 68.28
54.1702218775 68.26
54.9581458983 68.23
55.757530538 68.20
56.5685424949 68.17
57.3913508924 68.14
58.2261273137 68.11
59.0730458376 68.08
59.9322830751 68.05
60.804018206 68.02
61.6884330163 67.99
62.5857119363 67.96
63.4960420787 67.93
64.419613278 67.90
65.3566181296 67.86
66.3072520307 67.83
67.2717132203 67.79
68.2502028209 67.76
69.2429248805 67.72
70.2500864149 67.69
71.2718974512 67.65
72.3085710713 67.62
73.3603234564 67.58
74.4273739322 67.55
75.5099450145 67.51
76.6082624559 67.47
77.7225552923 67.43
78.8530558912 67.40
80 67.36
81.163626795 67.32
82.3441789315 67.29
83.5419025942 67.25
84.7570475487 67.21
85.9898671937 67.17
87.2406186132 67.13
88.5095626311 67.09
89.7969638648 67.05
91.1030907805 67.01
92.4282157498 66.97
93.7726151055 66.93
95.1365692002 66.89
96.520362464 66.84
97.9242834644 66.80
99.3486249659 66.75
100.7936839916 66.70
102.2597618848 66.66
103.7471643721 66.61
105.2562016267 66.56
106.7871883336 66.50
108.340443755 66.44
109.9162917966 66.38
111.5150610759 66.31
113.1370849898 66.25
114.7827017849 66.18
116.4522546274 66.12
118.1460916752 66.06
119.8645661501 66.04
121.6080364119 66.04
123.3768660326 66.08
125.1714238726 66.13
126.9920841575 66.17
128.8392265559 66.19
130.7132362593 66.20
132.6145040614 66.20
134.5434264406 66.18
136.5004056418 66.15
138.485849761 66.12
140.5001728299 66.09
142.5437949025 66.07
144.6171421426 66.07
146.7206469127 66.07
148.8547478643 66.09
151.0198900291 66.10
153.2165249118 66.11
155.4451105846 66.11
157.7061117824 66.09
160 66.07
162.32725359 66.04
164.688357863 66.02
167.0838051884 65.99
169.5140950975 65.95
171.9797343873 65.92
174.4812372264 65.89
177.0191252622 65.86
179.5939277295 65.83
182.2061815611 65.80
184.8564314996 65.77
187.5452302111 65.74
190.2731384004 65.71
193.0407249281 65.68
195.8485669287 65.65
198.6972499318 65.63
201.5873679832 65.60
204.5195237697 65.57
207.4943287442 65.54
210.5124032534 65.51
213.5743766672 65.48
216.6808875099 65.45
219.8325835933 65.43
223.0301221518 65.40
226.2741699797 65.37
229.5654035698 65.35
232.9045092548 65.32
236.2921833503 65.30
239.7291323003 65.27
243.2160728239 65.24
246.7537320653 65.21
250.3428477452 65.18
253.9841683149 65.15
257.6784531119 65.11
261.4264725186 65.08
265.2290081229 65.05
269.0868528812 65.03
273.0008112836 65.01
276.971699522 64.99
281.0003456597 64.98
285.0875898049 64.95
289.2342842852 64.92
293.4412938255 64.88
297.7094957287 64.84
302.0397800581 64.79
306.4330498235 64.74
310.8902211692 64.69
315.4122235649 64.64
320 64.61
324.65450718 64.58
329.3767157259 64.56
334.1676103768 64.53
339.028190195 64.50
343.9594687746 64.46
348.9624744529 64.41
354.0382505244 64.35
359.187855459 64.29
364.4123631221 64.22
369.7128629991 64.16
375.0904604222 64.09
380.5462768009 64.03
386.0814498562 63.96
391.6971338575 63.89
397.3944998635 63.82
403.1747359664 63.75
409.0390475393 63.67
414.9886574883 63.60
421.0248065068 63.52
427.1487533344 63.45
433.3617750198 63.37
439.6651671866 63.29
446.0602443037 63.22
452.5483399594 63.14
459.1308071395 63.06
465.8090185095 62.97
472.5843667007 62.89
479.4582646005 62.81
486.4321456477 62.73
493.5074641306 62.64
500.6856954905 62.56
507.9683366298 62.48
515.3569062238 62.39
522.8529450372 62.31
530.4580162458 62.23
538.1737057624 62.14
546.0016225673 62.04
553.9433990439 61.95
562.0006913195 61.85
570.1751796098 61.76
578.4685685703 61.67
586.882587651 61.58
595.4189914574 61.49
604.0795601163 61.40
612.8660996471 61.32
621.7804423383 61.23
630.8244471297 61.14
640 61.06
649.30901436 60.97
658.7534314519 60.89
668.3352207536 60.81
678.05638039 60.73
687.9189375493 60.65
697.9249489058 60.58
708.0765010489 60.51
718.375710918 60.44
728.8247262443 60.37
739.4257259983 60.31
750.1809208443 60.25
761.0925536018 60.19
772.1628997124 60.14
783.394267715 60.09
794.7889997271 60.04
806.3494719327 60.00
818.0780950787 59.96
829.9773149767 59.93
842.0496130136 59.90
854.2975066688 59.88
866.7235500396 59.86
879.3303343732 59.85
892.1204886074 59.85
905.0966799188 59.85
918.2616142791 59.85
931.618037019 59.87
945.1687334013 59.88
958.9165292011 59.91
972.8642912955 59.93
987.0149282611 59.97
1001.371390981 60.01
1015.9366732597 60.05
1030.7138124476 60.10
1045.7058900743 60.15
1060.9160324916 60.21
1076.3474115248 60.27
1092.0032451345 60.33
1107.8867980879 60.39
1124.0013826389 60.46
1140.3503592197 60.52
1156.9371371406 60.59
1173.765175302 60.66
1190.8379829148 60.73
1208.1591202326 60.79
1225.7321992942 60.86
1243.5608846767 60.93
1261.6488942595 60.99
1280 61.06
1298.6180287201 61.13
1317.5068629037 61.19
1336.6704415071 61.26
1356.1127607799 61.33
1375.8378750985 61.40
1395.8498978116 61.47
1416.1530020977 61.54
1436.751421836 61.62
1457.6494524886 61.70
1478.8514519966 61.78
1500.3618416887 61.87
1522.1851072035 61.96
1544.3257994247 62.05
1566.78853543 62.16
1589.5779994541 62.26
1612.6989438655 62.38
1636.1561901574 62.50
1659.9546299533 62.63
1684.0992260271 62.76
1708.5950133377 62.91
1733.4471000793 63.06
1758.6606687464 63.23
1784.2409772148 63.40
1810.1933598376 63.59
1836.5232285581 63.79
1863.2360740381 63.99
1890.3374668026 64.21
1917.8330584022 64.45
1945.7285825909 64.69
1974.0298565222 64.95
2002.742781962 65.22
2031.8733465194 65.51
2061.4276248951 65.81
2091.4117801487 66.12
2121.8320649832 66.44
2152.6948230496 66.77
2184.0064902691 67.10
2215.7735961758 67.44
2248.0027652779 67.77
2280.7007184393 68.08
2313.8742742813 68.37
2347.530350604 68.61
2381.6759658296 68.80
2416.3182404652 68.93
2451.4643985884 68.96
2487.1217693533 68.94
2523.297788519 68.82
2560.0000000001 68.66
2597.2360574402 68.45
2635.0137258074 68.22
2673.3408830143 67.97
2712.2255215599 67.72
2751.6757501971 67.46
2791.6997956232 67.19
2832.3060041955 66.91
2873.5028436721 66.61
2915.2989049772 66.31
2957.7029039931 66.00
3000.7236833774 65.67
3044.3702144071 65.33
3088.6515988494 64.99
3133.57707086 64.66
3179.1559989082 64.38
3225.397887731 64.18
3272.3123803148 64.09
3319.9092599067 64.09
3368.1984520542 64.14
3417.1900266754 64.21
3466.8942001586 64.26
3517.3213374928 64.30
3568.4819544296 64.34
3620.3867196753 64.38
3673.0464571163 64.43
3726.4721480761 64.51
3780.6749336053 64.63
3835.6661168044 64.76
3891.4571651819 64.94
3948.0597130445 65.15
4005.4855639241 65.42
4063.7466930387 65.73
4122.8552497902 66.09
4182.8235602974 66.48
4243.6641299665 66.90
4305.3896460992 67.33
4368.0129805382 67.76
4431.5471923516 68.16
4496.0055305558 68.50
4561.4014368787 68.74
4627.7485485626 68.85
4695.0607012081 68.81
4763.3519316592 68.60
4832.6364809305 68.25
4902.9287971769 67.73
4974.2435387067 67.10
5046.595577038 66.35
5120.0000000002 65.54
5194.4721148803 64.67
5270.0274516149 63.82
5346.6817660286 63.04
5424.4510431198 62.35
5503.3515003942 61.80
5583.3995912463 61.40
5664.6120083911 61.20
5747.0056873442 61.19
5830.5978099545 61.39
5915.4058079863 61.83
6001.4473667548 62.47
6088.7404288142 63.27
6177.3031976989 64.10
6267.1541417201 64.90
6358.3119978165 65.61
6450.795775462 66.20
6544.6247606297 66.65
6639.8185198134 66.97
6736.3969041085 67.21
6834.3800533509 67.41
6933.7884003172 67.63
7034.6426749857 67.90
7136.9639088592 68.25
7240.7734393506 68.70
7346.0929142326 69.26
7452.9442961523 69.92
7561.3498672106 70.64
7671.3322336089 71.40
7782.9143303638 72.12
7896.119426089 72.75
8010.9711278481 73.19
8127.4933860775 73.37
8245.7104995805 73.26
8365.6471205948 72.88
8487.328259933 72.32
8610.7792921984 71.64
8736.0259610765 70.94
8863.0943847033 70.28
8992.0110611117 69.72
9122.8028737575 69.29
9255.4970971253 69.00
9390.1214024162 68.83
9526.7038633184 68.76
9665.272961861 68.73
9805.8575943538 68.64
9948.4870774134 68.41
10093.191154076 67.91
10240.0000000005 67.12
10388.9442297607 66.03
10540.0549032298 64.67
10693.3635320572 63.15
10848.9020862397 61.60
11006.7030007884 60.14
11166.7991824927 58.85
11329.2240167822 57.84
11494.0113746885 57.06
11661.1956199091 56.62
11830.8116159726 56.38
12002.8947335097 56.37
12177.4808576284 56.46
12354.6063953979 56.65
12534.3082834402 56.85
12716.6239956331 57.03
12901.5915509241 57.21
13089.2495212594 57.38
13279.637039627 57.67
13472.7938082171 58.15
13668.7601067018 58.90
13867.5768006344 59.93
14069.2853499715 61.23
14273.9278177184 62.72
14481.5468787012 64.33
14692.1858284653 65.91
14905.8885923047 67.26
15122.6997344212 68.30
15342.6644672179 68.99
15565.8286607277 69.40
15792.2388521781 69.76
16021.9422556964 70.24
16254.9867721551 70.75
16491.4209991611 70.96
16731.2942411897 70.69
16974.656519866 69.89
17221.5585843969 68.69
17472.0519221531 67.44
17726.1887694067 66.10
17984.0221222235 64.47
18245.605747515 62.58
18510.9941942506 60.65
18780.2428048326 58.93
19053.4077266369 57.57
19330.545923722 56.65
19611.7151887077 56.15
19896.9741548268 55.96
20186.382308152 55.93
