20.000000	63.156
20.290907	63.246
20.586045	63.331
20.885476	63.407
21.189262	63.472
21.497467	63.524
21.810155	63.567
22.127391	63.600
22.449241	63.629
22.775773	63.652
23.107054	63.673
23.443154	63.691
23.784142	63.710
24.130091	63.731
24.481071	63.755
24.837156	63.781
25.198421	63.810
25.564940	63.843
25.936791	63.883
26.314050	63.931
26.696797	63.992
27.085111	64.059
27.479073	64.126
27.878765	64.190
28.284271	64.249
28.695675	64.303
29.113064	64.353
29.536523	64.398
29.966142	64.437
30.402009	64.472
30.844217	64.503
31.292856	64.532
31.748021	64.558
32.209807	64.580
32.678309	64.600
33.153626	64.620
33.635857	64.639
34.125101	64.662
34.621462	64.688
35.125043	64.718
35.635949	64.748
36.154286	64.778
36.680162	64.806
37.213687	64.833
37.754973	64.860
38.304131	64.888
38.861278	64.911
39.426528	64.929
40.000000	64.939
40.581813	64.943
41.172089	64.948
41.770951	64.953
42.378524	64.959
42.994934	64.968
43.620309	64.980
44.254781	64.993
44.898482	65.004
45.551545	65.008
46.214108	65.008
46.886308	65.007
47.568285	65.010
48.260181	65.017
48.962142	65.024
49.674312	65.029
50.396842	65.031
51.129881	65.029
51.873582	65.022
52.628101	65.011
53.393594	64.997
54.170222	64.982
54.958146	64.966
55.757531	64.949
56.568542	64.935
57.391351	64.921
58.226127	64.909
59.073046	64.897
59.932283	64.884
60.804018	64.868
61.688433	64.850
62.585712	64.828
63.496042	64.804
64.419613	64.778
65.356618	64.751
66.307252	64.722
67.271713	64.691
68.250203	64.657
69.242925	64.620
70.250086	64.578
71.271897	64.534
72.308571	64.491
73.360323	64.454
74.427374	64.422
75.509945	64.394
76.608262	64.364
77.722555	64.330
78.853056	64.289
80.000000	64.240
81.163627	64.187
82.344179	64.135
83.541903	64.084
84.757048	64.032
85.989867	63.980
87.240619	63.929
88.509563	63.876
89.796964	63.817
91.103091	63.758
92.428216	63.698
93.772615	63.634
95.136569	63.568
96.520362	63.504
97.924283	63.438
99.348625	63.367
100.793684	63.294
102.259762	63.224
103.747164	63.153
105.256202	63.078
106.787188	63.000
108.340444	62.923
109.916292	62.847
111.515061	62.767
113.137085	62.683
114.782702	62.599
116.452255	62.521
118.146092	62.440
119.864566	62.344
121.608036	62.241
123.376866	62.148
125.171424	62.077
126.992084	62.026
128.839227	61.941
130.713236	61.820
132.614504	61.676
134.543426	61.526
136.500406	61.404
138.485850	61.312
140.500173	61.232
142.543795	61.151
144.617142	61.060
146.720647	60.962
148.854748	60.869
151.019890	60.788
153.216525	60.715
155.445111	60.638
157.706112	60.552
160.000000	60.466
162.327254	60.386
164.688358	60.304
167.083805	60.218
169.514095	60.128
171.979734	60.038
174.481237	59.946
177.019125	59.850
179.593928	59.753
182.206182	59.654
184.856431	59.554
187.545230	59.456
190.273138	59.362
193.040725	59.271
195.848567	59.181
198.697250	59.090
201.587368	59.001
204.519524	58.912
207.494329	58.826
210.512403	58.742
213.574377	58.661
216.680888	58.579
219.832584	58.496
223.030122	58.416
226.274170	58.338
229.565404	58.263
232.904509	58.192
236.292183	58.124
239.729132	58.060
243.216073	57.998
246.753732	57.939
250.342848	57.882
253.984168	57.828
257.678453	57.776
261.426473	57.724
265.229008	57.675
269.086853	57.628
273.000811	57.584
276.971700	57.543
281.000346	57.506
285.087590	57.471
289.234284	57.439
293.441294	57.408
297.709496	57.379
302.039780	57.353
306.433050	57.330
310.890221	57.312
315.412224	57.297
320.000000	57.285
324.654507	57.279
329.376716	57.276
334.167610	57.277
339.028190	57.279
343.959469	57.279
348.962474	57.280
354.038251	57.283
359.187855	57.289
364.412363	57.299
369.712863	57.313
375.090460	57.332
380.546277	57.354
386.081450	57.377
391.697134	57.400
397.394500	57.423
403.174736	57.445
409.039048	57.465
414.988657	57.484
421.024807	57.499
427.148753	57.512
433.361775	57.523
439.665167	57.533
446.060244	57.542
452.548340	57.550
459.130807	57.558
465.809019	57.565
472.584367	57.572
479.458265	57.580
486.432146	57.587
493.507464	57.595
500.685695	57.604
507.968337	57.612
515.356906	57.622
522.852945	57.631
530.458016	57.641
538.173706	57.653
546.001623	57.666
553.943399	57.680
562.000691	57.694
570.175180	57.709
578.468569	57.726
586.882588	57.744
595.418991	57.763
604.079560	57.783
612.866100	57.804
621.780442	57.827
630.824447	57.851
640.000000	57.877
649.309014	57.903
658.753431	57.933
668.335221	57.964
678.056380	57.997
687.918938	58.032
697.924949	58.069
708.076501	58.108
718.375711	58.149
728.824726	58.193
739.425726	58.239
750.180921	58.288
761.092554	58.340
772.162900	58.395
783.394268	58.454
794.789000	58.516
806.349472	58.581
818.078095	58.651
829.977315	58.724
842.049613	58.800
854.297507	58.880
866.723550	58.964
879.330334	59.052
892.120489	59.145
905.096680	59.240
918.261614	59.339
931.618037	59.442
945.168733	59.550
958.916529	59.661
972.864291	59.776
987.014928	59.896
1001.371391	60.019
1015.936673	60.145
1030.713812	60.273
1045.705890	60.401
1060.916032	60.529
1076.347412	60.655
1092.003245	60.779
1107.886798	60.901
1124.001383	61.020
1140.350359	61.138
1156.937137	61.257
1173.765175	61.377
1190.837983	61.500
1208.159120	61.626
1225.732199	61.756
1243.560885	61.888
1261.648894	62.021
1280.000000	62.155
1298.618029	62.288
1317.506863	62.422
1336.670442	62.555
1356.112761	62.686
1375.837875	62.817
1395.849898	62.947
1416.153002	63.075
1436.751422	63.204
1457.649452	63.332
1478.851452	63.460
1500.361842	63.589
1522.185107	63.717
1544.325799	63.846
1566.788535	63.977
1589.577999	64.108
1612.698944	64.241
1636.156190	64.375
1659.954630	64.511
1684.099226	64.649
1708.595013	64.789
1733.447100	64.931
1758.660669	65.074
1784.240977	65.219
1810.193360	65.366
1836.523229	65.516
1863.236074	65.667
1890.337467	65.821
1917.833058	65.978
1945.728583	66.141
1974.029857	66.311
2002.742782	66.490
2031.873347	66.681
2061.427625	66.885
2091.411780	67.099
2121.832065	67.317
2152.694823	67.533
2184.006490	67.750
2215.773596	67.961
2248.002765	68.172
2280.700718	68.379
2313.874274	68.583
2347.530351	68.781
2381.675966	68.970
2416.318240	69.152
2451.464399	69.319
2487.121769	69.473
2523.297789	69.605
2560.000000	69.715
2597.236057	69.801
2635.013726	69.864
2673.340883	69.898
2712.225522	69.908
2751.675750	69.889
2791.699796	69.845
2832.306004	69.774
2873.502844	69.682
2915.298905	69.568
2957.702904	69.434
3000.723683	69.283
3044.370214	69.117
3088.651599	68.937
3133.577071	68.751
3179.155999	68.558
3225.397888	68.360
3272.312380	68.159
3319.909260	67.953
3368.198452	67.747
3417.190027	67.543
3466.894200	67.348
3517.321337	67.165
3568.481954	66.997
3620.386720	66.841
3673.046457	66.694
3726.472148	66.548
3780.674934	66.399
3835.666117	66.245
3891.457165	66.086
3948.059713	65.924
4005.485564	65.761
4063.746693	65.600
4122.855250	65.438
4182.823560	65.270
4243.664130	65.090
4305.389646	64.897
4368.012981	64.691
4431.547192	64.476
4496.005531	64.264
4561.401437	64.062
4627.748549	63.873
4695.060701	63.696
4763.351932	63.527
4832.636481	63.363
4902.928797	63.201
4974.243539	63.041
5046.595577	62.883
5120.000000	62.725
5194.472115	62.567
5270.027452	62.407
5346.681766	62.246
5424.451043	62.082
5503.351500	61.919
5583.399591	61.757
5664.612008	61.599
5747.005687	61.445
5830.597810	61.297
5915.405808	61.156
6001.447367	61.025
6088.740429	60.906
6177.303198	60.800
6267.154142	60.707
6358.311998	60.631
6450.795775	60.571
6544.624761	60.532
6639.818520	60.514
6736.396904	60.521
6834.380053	60.557
6933.788400	60.624
7034.642675	60.725
7136.963909	60.866
7240.773439	61.051
7346.092914	61.283
7452.944296	61.569
7561.349867	61.918
7671.332234	62.333
7782.914330	62.822
7896.119426	63.393
8010.971128	64.061
8127.493386	64.826
8245.710500	65.682
8365.647121	66.604
8487.328260	67.533
8610.779292	68.392
8736.025961	69.069
8863.094385	69.472
8992.011061	69.545
9122.802874	69.266
9255.497097	68.676
9390.121402	67.886
9526.703863	67.004
9665.272962	66.128
9805.857594	65.324
9948.487077	64.632
10093.191154	64.083
10240.000000	63.664
10388.944230	63.368
10540.054903	63.185
10693.363532	63.079
10848.902086	63.028
11006.703001	63.011
11166.799182	63.006
11329.224017	62.988
11494.011375	62.930
11661.195620	62.735
11830.811616	62.390
12002.894734	61.803
12177.480858	61.040
12354.606395	60.043
12534.308283	58.946
12716.623996	57.791
12901.591551	56.681
13089.249521	55.599
13279.637040	54.612
13472.793808	53.740
13668.760107	52.978
13867.576801	52.323
14069.285350	51.780
14273.927818	51.315
14481.546879	50.953
14692.185828	50.695
14905.888592	50.520
15122.699734	50.424
15342.664467	50.403
15565.828661	50.446
15792.238852	50.538
16021.942256	50.652
16254.986772	50.747
16491.420999	50.771
16731.294241	50.685
16974.656520	50.477
17221.558584	50.164
17472.051922	49.794
17726.188769	49.430
17984.022122	49.125
18245.605748	48.893
18510.994194	48.681
18780.242805	48.355
19053.407727	47.775
19330.545924	46.932
19611.715189	46.363
19896.974155	46.363
20186.382308	46.363
