20.000000	68.612
20.290907	68.518
20.586045	68.418
20.885476	68.312
21.189262	68.201
21.497467	68.088
21.810155	67.973
22.127391	67.858
22.449241	67.744
22.775773	67.633
23.107054	67.528
23.443154	67.429
23.784142	67.340
24.130091	67.260
24.481071	67.191
24.837156	67.131
25.198421	67.080
25.564940	67.034
25.936791	66.992
26.314050	66.953
26.696797	66.916
27.085111	66.878
27.479073	66.836
27.878765	66.788
28.284271	66.733
28.695675	66.671
29.113064	66.602
29.536523	66.525
29.966142	66.442
30.402009	66.354
30.844217	66.264
31.292856	66.176
31.748021	66.090
32.209807	66.009
32.678309	65.933
33.153626	65.866
33.635857	65.805
34.125101	65.752
34.621462	65.705
35.125043	65.662
35.635949	65.621
36.154286	65.578
36.680162	65.534
37.213687	65.485
37.754973	65.431
38.304131	65.374
38.861278	65.313
39.426528	65.250
40.000000	65.186
40.581813	65.122
41.172089	65.061
41.770951	65.003
42.378524	64.949
42.994934	64.897
43.620309	64.847
44.254781	64.797
44.898482	64.748
45.551545	64.698
46.214108	64.647
46.886308	64.597
47.568285	64.547
48.260181	64.496
48.962142	64.448
49.674312	64.399
50.396842	64.351
51.129881	64.302
51.873582	64.252
52.628101	64.203
53.393594	64.152
54.170222	64.101
54.958146	64.049
55.757531	63.998
56.568542	63.950
57.391351	63.904
58.226127	63.859
59.073046	63.815
59.932283	63.770
60.804018	63.725
61.688433	63.677
62.585712	63.628
63.496042	63.577
64.419613	63.527
65.356618	63.477
66.307252	63.429
67.271713	63.381
68.250203	63.334
69.242925	63.286
70.250086	63.236
71.271897	63.186
72.308571	63.135
73.360323	63.084
74.427374	63.033
75.509945	62.983
76.608262	62.933
77.722555	62.883
78.853056	62.833
80.000000	62.781
81.163627	62.729
82.344179	62.677
83.541903	62.625
84.757048	62.573
85.989867	62.519
87.240619	62.464
88.509563	62.410
89.796964	62.356
91.103091	62.302
92.428216	62.247
93.772615	62.191
95.136569	62.134
96.520362	62.076
97.924283	62.018
99.348625	61.961
100.793684	61.903
102.259762	61.843
103.747164	61.782
105.256202	61.721
106.787188	61.659
108.340444	61.597
109.916292	61.535
111.515061	61.472
113.137085	61.410
114.782702	61.346
116.452255	61.281
118.146092	61.214
119.864566	61.147
121.608036	61.080
123.376866	61.014
125.171424	60.947
126.992084	60.881
128.839227	60.814
130.713236	60.745
132.614504	60.676
134.543426	60.607
136.500406	60.538
138.485850	60.470
140.500173	60.402
142.543795	60.333
144.617142	60.265
146.720647	60.197
148.854748	60.129
151.019890	60.061
153.216525	59.995
155.445111	59.929
157.706112	59.864
160.000000	59.801
162.327254	59.740
164.688358	59.679
167.083805	59.621
169.514095	59.565
171.979734	59.510
174.481237	59.457
177.019125	59.407
179.593928	59.360
182.206182	59.315
184.856431	59.275
187.545230	59.236
190.273138	59.200
193.040725	59.166
195.848567	59.135
198.697250	59.107
201.587368	59.080
204.519524	59.057
207.494329	59.036
210.512403	59.019
213.574377	59.004
216.680888	58.993
219.832584	58.982
223.030122	58.974
226.274170	58.966
229.565404	58.960
232.904509	58.954
236.292183	58.949
239.729132	58.945
243.216073	58.940
246.753732	58.934
250.342848	58.927
253.984168	58.920
257.678453	58.914
261.426473	58.912
265.229008	58.917
269.086853	58.934
273.000811	58.977
276.971700	59.045
281.000346	59.139
285.087590	59.248
289.234284	59.353
293.441294	59.441
297.709496	59.506
302.039780	59.550
306.433050	59.573
310.890221	59.583
315.412224	59.588
320.000000	59.590
324.654507	59.589
329.376716	59.587
334.167610	59.585
339.028190	59.585
343.959469	59.586
348.962474	59.588
354.038251	59.590
359.187855	59.593
364.412363	59.597
369.712863	59.599
375.090460	59.601
380.546277	59.602
386.081450	59.603
391.697134	59.604
397.394500	59.605
403.174736	59.606
409.039048	59.608
414.988657	59.611
421.024807	59.612
427.148753	59.613
433.361775	59.612
439.665167	59.612
446.060244	59.611
452.548340	59.611
459.130807	59.611
465.809019	59.610
472.584367	59.609
479.458265	59.608
486.432146	59.608
493.507464	59.606
500.685695	59.605
507.968337	59.604
515.356906	59.602
522.852945	59.601
530.458016	59.599
538.173706	59.598
546.001623	59.596
553.943399	59.595
562.000691	59.593
570.175180	59.591
578.468569	59.589
586.882588	59.588
595.418991	59.587
604.079560	59.586
612.866100	59.586
621.780442	59.585
630.824447	59.585
640.000000	59.584
649.309014	59.585
658.753431	59.586
668.335221	59.587
678.056380	59.589
687.918938	59.591
697.924949	59.594
708.076501	59.599
718.375711	59.603
728.824726	59.609
739.425726	59.615
750.180921	59.623
761.092554	59.631
772.162900	59.642
783.394268	59.653
794.789000	59.666
806.349472	59.680
818.078095	59.695
829.977315	59.712
842.049613	59.730
854.297507	59.751
866.723550	59.773
879.330334	59.796
892.120489	59.821
905.096680	59.847
918.261614	59.875
931.618037	59.904
945.168733	59.934
958.916529	59.965
972.864291	59.996
987.014928	60.028
1001.371391	60.061
1015.936673	60.097
1030.713812	60.135
1045.705890	60.175
1060.916032	60.218
1076.347412	60.267
1092.003245	60.323
1107.886798	60.387
1124.001383	60.465
1140.350359	60.554
1156.937137	60.660
1173.765175	60.777
1190.837983	60.915
1208.159120	61.061
1225.732199	61.222
1243.560885	61.392
1261.648894	61.569
1280.000000	61.750
1298.618029	61.930
1317.506863	62.114
1336.670442	62.293
1356.112761	62.467
1375.837875	62.636
1395.849898	62.800
1416.153002	62.955
1436.751422	63.108
1457.649452	63.253
1478.851452	63.393
1500.361842	63.528
1522.185107	63.657
1544.325799	63.783
1566.788535	63.906
1589.577999	64.026
1612.698944	64.142
1636.156190	64.257
1659.954630	64.369
1684.099226	64.480
1708.595013	64.590
1733.447100	64.699
1758.660669	64.808
1784.240977	64.916
1810.193360	65.026
1836.523229	65.135
1863.236074	65.244
1890.337467	65.353
1917.833058	65.464
1945.728583	65.575
1974.029857	65.686
2002.742782	65.799
2031.873347	65.914
2061.427625	66.031
2091.411780	66.147
2121.832065	66.263
2152.694823	66.380
2184.006490	66.497
2215.773596	66.613
2248.002765	66.730
2280.700718	66.845
2313.874274	66.960
2347.530351	67.073
2381.675966	67.183
2416.318240	67.292
2451.464399	67.396
2487.121769	67.497
2523.297789	67.591
2560.000000	67.679
2597.236057	67.760
2635.013726	67.833
2673.340883	67.895
2712.225522	67.949
2751.675750	67.989
2791.699796	68.018
2832.306004	68.032
2873.502844	68.034
2915.298905	68.022
2957.702904	67.997
3000.723683	67.958
3044.370214	67.906
3088.651599	67.842
3133.577071	67.767
3179.155999	67.682
3225.397888	67.588
3272.312380	67.486
3319.909260	67.379
3368.198452	67.266
3417.190027	67.148
3466.894200	67.028
3517.321337	66.906
3568.481954	66.784
3620.386720	66.662
3673.046457	66.539
3726.472148	66.418
3780.674934	66.298
3835.666117	66.178
3891.457165	66.061
3948.059713	65.945
4005.485564	65.833
4063.746693	65.725
4122.855250	65.622
4182.823560	65.527
4243.664130	65.436
4305.389646	65.349
4368.012981	65.258
4431.547192	65.158
4496.005531	65.047
4561.401437	64.918
4627.748549	64.773
4695.060701	64.609
4763.351932	64.426
4832.636481	64.222
4902.928797	63.992
4974.243539	63.737
5046.595577	63.451
5120.000000	63.138
5194.472115	62.798
5270.027452	62.436
5346.681766	62.062
5424.451043	61.680
5503.351500	61.296
5583.399591	60.913
5664.612008	60.532
5747.005687	60.149
5830.597810	59.763
5915.405808	59.375
6001.447367	58.982
6088.740429	58.586
6177.303198	58.188
6267.154142	57.789
6358.311998	57.393
6450.795775	57.005
6544.624761	56.630
6639.818520	56.277
6736.396904	55.959
6834.380053	55.688
6933.788400	55.479
7034.642675	55.344
7136.963909	55.294
7240.773439	55.330
7346.092914	55.447
7452.944296	55.628
7561.349867	55.860
7671.332234	56.120
7782.914330	56.398
7896.119426	56.684
8010.971128	56.977
8127.493386	57.280
8245.710500	57.597
8365.647121	57.940
8487.328260	58.310
8610.779292	58.703
8736.025961	59.108
8863.094385	59.502
8992.011061	59.863
9122.802874	60.162
9255.497097	60.374
9390.121402	60.480
9526.703863	60.465
9665.272962	60.322
9805.857594	60.057
9948.487077	59.674
10093.191154	59.184
10240.000000	58.616
10388.944230	57.990
10540.054903	57.327
10693.363532	56.652
10848.902086	55.981
11006.703001	55.328
11166.799182	54.702
11329.224017	54.114
11494.011375	53.556
11661.195620	53.050
11830.811616	52.577
12002.894734	52.154
12177.480858	51.763
12354.606395	51.433
12534.308283	51.145
12716.623996	50.924
12901.591551	50.794
13089.249521	50.710
13279.637040	50.719
13472.793808	50.839
13668.760107	51.053
13867.576801	51.338
14069.285350	51.659
14273.927818	51.987
14481.546879	52.293
14692.185828	52.556
14905.888592	52.764
15122.699734	52.901
15342.664467	52.945
15565.828661	52.879
15792.238852	52.688
16021.942256	52.369
16254.986772	51.928
16491.420999	51.385
16731.294241	50.778
16974.656520	50.145
17221.558584	49.530
17472.051922	48.972
17726.188769	48.518
17984.022122	48.214
18245.605748	48.110
18510.994194	48.268
18780.242805	48.729
19053.407727	49.487
19330.545924	50.453
19611.715189	51.424
19896.974155	52.108
20186.382308	52.285
