20 77.94
20.2909066988 77.96
20.5860447329 77.98
20.8854756485 78.03
21.1892618872 78.11
21.4974667984 78.22
21.8101546533 78.34
22.1273906578 78.46
22.4492409662 78.57
22.7757726951 78.65
23.1070539374 78.72
23.4431537764 78.76
23.7841423001 78.81
24.130090616 78.85
24.4810708661 78.89
24.8371562415 78.93
25.1984209979 78.96
25.5649404712 78.98
25.936791093 79.00
26.3140504067 79.03
26.6967970834 79.05
27.0851109387 79.08
27.4790729492 79.09
27.878765269 79.12
28.2842712475 79.17
28.6956754462 79.23
29.1130636568 79.30
29.5365229188 79.35
29.9661415375 79.37
30.402009103 79.37
30.8442165082 79.37
31.2928559682 79.39
31.7480210394 79.42
32.209806639 79.46
32.6783090648 79.50
33.1536260154 79.54
33.6358566101 79.58
34.1251014105 79.61
34.6214624402 79.63
35.1250432075 79.64
35.6359487256 79.68
36.1542855356 79.71
36.6801617282 79.74
37.2136869661 79.75
37.7549725073 79.77
38.3041312279 79.79
38.8612776461 79.80
39.4265279456 79.78
40 79.78
40.5818133975 79.85
41.1720894657 79.94
41.7709512971 80.03
42.3785237744 80.07
42.9949335968 80.10
43.6203093066 80.10
44.2547813156 80.10
44.8984819324 80.09
45.5515453903 80.07
46.2141078749 80.08
46.8863075528 80.14
47.5682846001 80.22
48.260181232 80.24
48.9621417322 80.20
49.6743124829 80.20
50.3968419958 80.24
51.1298809424 80.27
51.873582186 80.26
52.6281008133 80.24
53.3935941668 80.24
54.1702218775 80.26
54.9581458983 80.32
55.757530538 80.37
56.5685424949 80.38
57.3913508924 80.40
58.2261273137 80.43
59.0730458376 80.42
59.9322830751 80.45
60.804018206 80.53
61.6884330163 80.55
62.5857119363 80.53
63.4960420787 80.57
64.419613278 80.62
65.3566181296 80.66
66.3072520307 80.71
67.2717132203 80.69
68.2502028209 80.69
69.2429248805 80.80
70.2500864149 80.84
71.2718974512 80.86
72.3085710713 80.87
73.3603234564 80.85
74.4273739322 80.90
75.5099450145 80.95
76.6082624559 80.98
77.7225552923 81.00
78.8530558912 81.01
80 81.05
81.163626795 81.09
82.3441789315 81.12
83.5419025942 81.11
84.7570475487 81.11
85.9898671937 81.09
87.2406186132 81.11
88.5095626311 81.03
89.7969638648 81.09
91.1030907805 81.10
92.4282157498 81.08
93.7726151055 81.02
95.1365692002 80.97
96.520362464 80.90
97.9242834644 80.82
99.3486249659 80.76
100.7936839916 80.70
102.2597618848 80.58
103.7471643721 80.47
105.2562016267 80.39
106.7871883336 80.26
108.340443755 80.13
109.9162917966 80.02
111.5150610759 79.92
113.1370849898 79.79
114.7827017849 79.63
116.4522546274 79.51
118.1460916752 79.37
119.8645661501 79.23
121.6080364119 79.10
123.3768660326 78.95
125.1714238726 78.77
126.9920841575 78.59
128.8392265559 78.43
130.7132362593 78.27
132.6145040614 78.13
134.5434264406 77.97
136.5004056418 77.77
138.485849761 77.59
140.5001728299 77.41
142.5437949025 77.21
144.6171421426 77.00
146.7206469127 76.75
148.8547478643 76.52
151.0198900291 76.32
153.2165249118 76.10
155.4451105846 75.84
157.7061117824 75.55
160 75.28
162.32725359 75.01
164.688357863 74.70
167.0838051884 74.38
169.5140950975 74.01
171.9797343873 73.62
174.4812372264 73.20
177.0191252622 72.84
179.5939277295 72.46
182.2061815611 72.10
184.8564314996 71.77
187.5452302111 71.45
190.2731384004 71.18
193.0407249281 70.93
195.8485669287 70.70
198.6972499318 70.55
201.5873679832 70.50
204.5195237697 70.47
207.4943287442 70.48
210.5124032534 70.57
213.5743766672 70.75
216.6808875099 70.92
219.8325835933 71.06
223.0301221518 71.29
226.2741699797 71.53
229.5654035698 71.72
232.9045092548 71.93
236.2921833503 72.13
239.7291323003 72.26
243.2160728239 72.37
246.7537320653 72.53
250.3428477452 72.66
253.9841683149 72.77
257.6784531119 72.83
261.4264725186 72.88
265.2290081229 72.94
269.0868528812 72.97
273.0008112836 73.00
276.971699522 72.99
281.0003456597 72.96
285.0875898049 72.96
289.2342842852 72.93
293.4412938255 72.90
297.7094957287 72.82
302.0397800581 72.75
306.4330498235 72.72
310.8902211692 72.60
315.4122235649 72.54
320 72.49
324.65450718 72.45
329.3767157259 72.38
334.1676103768 72.29
339.028190195 72.24
343.9594687746 72.16
348.9624744529 72.18
354.0382505244 72.19
359.187855459 72.19
364.4123631221 72.19
369.7128629991 72.22
375.0904604222 72.22
380.5462768009 72.21
386.0814498562 72.28
391.6971338575 72.32
397.3944998635 72.33
403.1747359664 72.34
409.0390475393 72.41
414.9886574883 72.45
421.0248065068 72.45
427.1487533344 72.46
433.3617750198 72.48
439.6651671866 72.49
446.0602443037 72.52
452.5483399594 72.56
459.1308071395 72.60
465.8090185095 72.60
472.5843667007 72.57
479.4582646005 72.54
486.4321456477 72.55
493.5074641306 72.50
500.6856954905 72.52
507.9683366298 72.53
515.3569062238 72.49
522.8529450372 72.49
530.4580162458 72.46
538.1737057624 72.45
546.0016225673 72.40
553.9433990439 72.36
562.0006913195 72.35
570.1751796098 72.34
578.4685685703 72.35
586.882587651 72.31
595.4189914574 72.30
604.0795601163 72.29
612.8660996471 72.25
621.7804423383 72.22
630.8244471297 72.23
640 72.25
649.30901436 72.17
658.7534314519 72.11
668.3352207536 72.11
678.05638039 72.10
687.9189375493 72.06
697.9249489058 72.11
708.0765010489 72.07
718.375710918 72.03
728.8247262443 71.98
739.4257259983 71.89
750.1809208443 71.72
761.0925536018 71.58
772.1628997124 71.53
783.394267715 71.57
794.7889997271 71.70
806.3494719327 71.79
818.0780950787 71.84
829.9773149767 71.92
842.0496130136 71.97
854.2975066688 72.01
866.7235500396 72.08
879.3303343732 72.16
892.1204886074 72.22
905.0966799188 72.29
918.2616142791 72.36
931.618037019 72.43
945.1687334013 72.53
958.9165292011 72.61
972.8642912955 72.74
987.0149282611 72.76
1001.371390981 72.89
1015.9366732597 72.90
1030.7138124476 73.06
1045.7058900743 73.20
1060.9160324916 73.32
1076.3474115248 73.41
1092.0032451345 73.55
1107.8867980879 73.61
1124.0013826389 73.64
1140.3503592197 73.67
1156.9371371406 73.62
1173.765175302 73.57
1190.8379829148 73.64
1208.1591202326 73.72
1225.7321992942 73.89
1243.5608846767 74.10
1261.6488942595 74.28
1280 74.43
1298.6180287201 74.57
1317.5068629037 74.71
1336.6704415071 74.86
1356.1127607799 74.98
1375.8378750985 75.10
1395.8498978116 75.26
1416.1530020977 75.38
1436.751421836 75.49
1457.6494524886 75.61
1478.8514519966 75.73
1500.3618416887 75.78
1522.1851072035 75.92
1544.3257994247 76.05
1566.78853543 76.19
1589.5779994541 76.36
1612.6989438655 76.51
1636.1561901574 76.65
1659.9546299533 76.80
1684.0992260271 76.93
1708.5950133377 77.03
1733.4471000793 77.19
1758.6606687464 77.41
1784.2409772148 77.56
1810.1933598376 77.70
1836.5232285581 77.88
1863.2360740381 78.08
1890.3374668026 78.27
1917.8330584022 78.47
1945.7285825909 78.70
1974.0298565222 78.89
2002.742781962 79.15
2031.8733465194 79.33
2061.4276248951 79.52
2091.4117801487 79.75
2121.8320649832 80.04
2152.6948230496 80.29
2184.0064902691 80.61
2215.7735961758 80.86
2248.0027652779 81.11
2280.7007184393 81.45
2313.8742742813 81.72
2347.530350604 81.96
2381.6759658296 82.22
2416.3182404652 82.50
2451.4643985884 82.80
2487.1217693533 83.03
2523.297788519 83.26
2560.0000000001 83.49
2597.2360574402 83.66
2635.0137258074 83.79
2673.3408830143 83.94
2712.2255215599 84.00
2751.6757501971 84.02
2791.6997956232 84.03
2832.3060041955 83.95
2873.5028436721 83.87
2915.2989049772 83.76
2957.7029039931 83.59
3000.7236833774 83.47
3044.3702144071 83.26
3088.6515988494 83.02
3133.57707086 82.83
3179.1559989082 82.66
3225.397887731 82.47
3272.3123803148 82.27
3319.9092599067 82.09
3368.1984520542 81.93
3417.1900266754 81.74
3466.8942001586 81.57
3517.3213374928 81.37
3568.4819544296 81.25
3620.3867196753 81.13
3673.0464571163 80.97
3726.4721480761 80.80
3780.6749336053 80.68
3835.6661168044 80.59
3891.4571651819 80.38
3948.0597130445 80.19
4005.4855639241 80.03
4063.7466930387 79.81
4122.8552497902 79.58
4182.8235602974 79.38
4243.6641299665 79.12
4305.3896460992 78.83
4368.0129805382 78.61
4431.5471923516 78.38
4496.0055305558 78.22
4561.4014368787 78.03
4627.7485485626 77.87
4695.0607012081 77.72
4763.3519316592 77.56
4832.6364809305 77.36
4902.9287971769 77.16
4974.2435387067 76.91
5046.595577038 76.71
5120.0000000002 76.53
5194.4721148803 76.32
5270.0274516149 76.06
5346.6817660286 75.84
5424.4510431198 75.63
5503.3515003942 75.48
5583.3995912463 75.37
5664.6120083911 75.39
5747.0056873442 75.47
5830.5978099545 75.61
5915.4058079863 75.82
6001.4473667548 76.16
6088.7404288142 76.69
6177.3031976989 77.17
6267.1541417201 77.71
6358.3119978165 78.18
6450.795775462 78.59
6544.6247606297 78.89
6639.8185198134 79.09
6736.3969041085 79.16
6834.3800533509 79.11
6933.7884003172 79.03
7034.6426749857 78.92
7136.9639088592 78.74
7240.7734393506 78.51
7346.0929142326 78.22
7452.9442961523 77.91
7561.3498672106 77.62
7671.3322336089 77.27
7782.9143303638 76.87
7896.119426089 76.52
8010.9711278481 76.03
8127.4933860775 75.53
8245.7104995805 75.22
8365.6471205948 74.85
8487.328259933 74.67
8610.7792921984 74.47
8736.0259610765 74.45
8863.0943847033 74.51
8992.0110611117 74.83
9122.8028737575 75.22
9255.4970971253 75.91
9390.1214024162 76.84
9526.7038633184 77.71
9665.272961861 78.47
9805.8575943538 78.95
9948.4870774134 79.20
10093.191154076 79.19
10240.0000000005 78.92
10388.9442297607 78.37
10540.0549032298 77.66
10693.3635320572 76.89
10848.9020862397 75.98
11006.7030007884 75.06
11166.7991824927 74.19
11329.2240167822 73.47
11494.0113746885 72.74
11661.1956199091 72.25
11830.8116159726 71.95
12002.8947335097 71.96
12177.4808576284 71.87
12354.6063953979 72.00
12534.3082834402 72.18
12716.6239956331 72.68
12901.5915509241 73.34
13089.2495212594 74.04
13279.637039627 74.69
13472.7938082171 75.16
13668.7601067018 74.83
13867.5768006344 73.42
14069.2853499715 71.17
14273.9278177184 68.89
14481.5468787012 66.43
14692.1858284653 63.48
14905.8885923047 60.80
15122.6997344212 61.53
15342.6644672179 63.14
15565.8286607277 62.52
15792.2388521781 62.44
16021.9422556964 63.48
16254.9867721551 64.35
16491.4209991611 65.30
16731.2942411897 66.00
16974.656519866 66.47
17221.5585843969 67.03
17472.0519221531 67.54
17726.1887694067 67.60
17984.0221222235 66.66
18245.605747515 64.90
18510.9941942506 62.48
18780.2428048326 60.08
19053.4077266369 57.55
19330.545923722 55.84
19611.7151887077 54.39
19896.9741548268 53.86
20186.382308152 53.86
