20 61.56
20.2909066988 61.55
20.5860447329 61.54
20.8854756485 61.54
21.1892618872 61.53
21.4974667984 61.52
21.8101546533 61.51
22.1273906578 61.50
22.4492409662 61.50
22.7757726951 61.49
23.1070539374 61.47
23.4431537764 61.45
23.7841423001 61.43
24.130090616 61.40
24.4810708661 61.38
24.8371562415 61.36
25.1984209979 61.34
25.5649404712 61.32
25.936791093 61.30
26.3140504067 61.28
26.6967970834 61.26
27.0851109387 61.23
27.4790729492 61.21
27.878765269 61.18
28.2842712475 61.16
28.6956754462 61.13
29.1130636568 61.10
29.5365229188 61.08
29.9661415375 61.05
30.402009103 61.03
30.8442165082 61.02
31.2928559682 60.99
31.7480210394 60.97
32.209806639 60.95
32.6783090648 60.92
33.1536260154 60.90
33.6358566101 60.87
34.1251014105 60.83
34.6214624402 60.80
35.1250432075 60.76
35.6359487256 60.73
36.1542855356 60.70
36.6801617282 60.67
37.2136869661 60.64
37.7549725073 60.60
38.3041312279 60.57
38.8612776461 60.54
39.4265279456 60.51
40 60.48
40.5818133975 60.44
41.1720894657 60.40
41.7709512971 60.36
42.3785237744 60.33
42.9949335968 60.30
43.6203093066 60.27
44.2547813156 60.24
44.8984819324 60.20
45.5515453903 60.16
46.2141078749 60.12
46.8863075528 60.07
47.5682846001 60.03
48.260181232 59.99
48.9621417322 59.95
49.6743124829 59.90
50.3968419958 59.86
51.1298809424 59.81
51.873582186 59.77
52.6281008133 59.72
53.3935941668 59.67
54.1702218775 59.63
54.9581458983 59.58
55.757530538 59.53
56.5685424949 59.48
57.3913508924 59.43
58.2261273137 59.38
59.0730458376 59.33
59.9322830751 59.28
60.804018206 59.24
61.6884330163 59.19
62.5857119363 59.14
63.4960420787 59.09
64.419613278 59.03
65.3566181296 58.98
66.3072520307 58.92
67.2717132203 58.86
68.2502028209 58.81
69.2429248805 58.75
70.2500864149 58.70
71.2718974512 58.64
72.3085710713 58.58
73.3603234564 58.52
74.4273739322 58.47
75.5099450145 58.41
76.6082624559 58.35
77.7225552923 58.29
78.8530558912 58.23
80 58.18
81.163626795 58.12
82.3441789315 58.06
83.5419025942 58.00
84.7570475487 57.94
85.9898671937 57.87
87.2406186132 57.81
88.5095626311 57.75
89.7969638648 57.69
91.1030907805 57.63
92.4282157498 57.56
93.7726151055 57.50
95.1365692002 57.43
96.520362464 57.37
97.9242834644 57.31
99.3486249659 57.25
100.7936839916 57.19
102.2597618848 57.13
103.7471643721 57.07
105.2562016267 57.01
106.7871883336 56.95
108.340443755 56.89
109.9162917966 56.83
111.5150610759 56.77
113.1370849898 56.71
114.7827017849 56.65
116.4522546274 56.59
118.1460916752 56.53
119.8645661501 56.47
121.6080364119 56.41
123.3768660326 56.35
125.1714238726 56.29
126.9920841575 56.23
128.8392265559 56.17
130.7132362593 56.12
132.6145040614 56.06
134.5434264406 56.00
136.5004056418 55.94
138.485849761 55.88
140.5001728299 55.82
142.5437949025 55.77
144.6171421426 55.71
146.7206469127 55.65
148.8547478643 55.59
151.0198900291 55.54
153.2165249118 55.48
155.4451105846 55.42
157.7061117824 55.36
160 55.31
162.32725359 55.25
164.688357863 55.20
167.0838051884 55.14
169.5140950975 55.08
171.9797343873 55.03
174.4812372264 54.98
177.0191252622 54.92
179.5939277295 54.87
182.2061815611 54.81
184.8564314996 54.76
187.5452302111 54.71
190.2731384004 54.66
193.0407249281 54.61
195.8485669287 54.56
198.6972499318 54.51
201.5873679832 54.46
204.5195237697 54.41
207.4943287442 54.36
210.5124032534 54.31
213.5743766672 54.26
216.6808875099 54.21
219.8325835933 54.17
223.0301221518 54.12
226.2741699797 54.07
229.5654035698 54.03
232.9045092548 53.98
236.2921833503 53.94
239.7291323003 53.89
243.2160728239 53.85
246.7537320653 53.81
250.3428477452 53.77
253.9841683149 53.72
257.6784531119 53.68
261.4264725186 53.64
265.2290081229 53.60
269.0868528812 53.56
273.0008112836 53.52
276.971699522 53.49
281.0003456597 53.45
285.0875898049 53.41
289.2342842852 53.37
293.4412938255 53.34
297.7094957287 53.30
302.0397800581 53.27
306.4330498235 53.23
310.8902211692 53.20
315.4122235649 53.16
320 53.13
324.65450718 53.10
329.3767157259 53.07
334.1676103768 53.03
339.028190195 53.00
343.9594687746 52.97
348.9624744529 52.94
354.0382505244 52.91
359.187855459 52.88
364.4123631221 52.86
369.7128629991 52.83
375.0904604222 52.80
380.5462768009 52.77
386.0814498562 52.75
391.6971338575 52.72
397.3944998635 52.70
403.1747359664 52.67
409.0390475393 52.65
414.9886574883 52.62
421.0248065068 52.60
427.1487533344 52.57
433.3617750198 52.55
439.6651671866 52.53
446.0602443037 52.51
452.5483399594 52.49
459.1308071395 52.47
465.8090185095 52.45
472.5843667007 52.43
479.4582646005 52.41
486.4321456477 52.39
493.5074641306 52.37
500.6856954905 52.35
507.9683366298 52.33
515.3569062238 52.31
522.8529450372 52.30
530.4580162458 52.28
538.1737057624 52.27
546.0016225673 52.25
553.9433990439 52.24
562.0006913195 52.22
570.1751796098 52.21
578.4685685703 52.20
586.882587651 52.19
595.4189914574 52.17
604.0795601163 52.16
612.8660996471 52.15
621.7804423383 52.14
630.8244471297 52.13
640 52.12
649.30901436 52.11
658.7534314519 52.11
668.3352207536 52.10
678.05638039 52.10
687.9189375493 52.10
697.9249489058 52.10
708.0765010489 52.11
718.375710918 52.12
728.8247262443 52.13
739.4257259983 52.14
750.1809208443 52.16
761.0925536018 52.17
772.1628997124 52.19
783.394267715 52.22
794.7889997271 52.24
806.3494719327 52.27
818.0780950787 52.30
829.9773149767 52.34
842.0496130136 52.37
854.2975066688 52.42
866.7235500396 52.46
879.3303343732 52.52
892.1204886074 52.57
905.0966799188 52.63
918.2616142791 52.70
931.618037019 52.77
945.1687334013 52.84
958.9165292011 52.92
972.8642912955 53.01
987.0149282611 53.10
1001.371390981 53.19
1015.9366732597 53.29
1030.7138124476 53.39
1045.7058900743 53.49
1060.9160324916 53.60
1076.3474115248 53.70
1092.0032451345 53.81
1107.8867980879 53.92
1124.0013826389 54.03
1140.3503592197 54.14
1156.9371371406 54.24
1173.765175302 54.35
1190.8379829148 54.45
1208.1591202326 54.55
1225.7321992942 54.65
1243.5608846767 54.74
1261.6488942595 54.83
1280 54.92
1298.6180287201 55.00
1317.5068629037 55.09
1336.6704415071 55.17
1356.1127607799 55.24
1375.8378750985 55.32
1395.8498978116 55.39
1416.1530020977 55.46
1436.751421836 55.52
1457.6494524886 55.59
1478.8514519966 55.66
1500.3618416887 55.72
1522.1851072035 55.79
1544.3257994247 55.85
1566.78853543 55.92
1589.5779994541 55.98
1612.6989438655 56.05
1636.1561901574 56.11
1659.9546299533 56.18
1684.0992260271 56.24
1708.5950133377 56.31
1733.4471000793 56.37
1758.6606687464 56.44
1784.2409772148 56.50
1810.1933598376 56.57
1836.5232285581 56.63
1863.2360740381 56.70
1890.3374668026 56.77
1917.8330584022 56.84
1945.7285825909 56.90
1974.0298565222 56.97
2002.742781962 57.04
2031.8733465194 57.11
2061.4276248951 57.19
2091.4117801487 57.26
2121.8320649832 57.33
2152.6948230496 57.40
2184.0064902691 57.48
2215.7735961758 57.56
2248.0027652779 57.63
2280.7007184393 57.71
2313.8742742813 57.79
2347.530350604 57.87
2381.6759658296 57.95
2416.3182404652 58.03
2451.4643985884 58.12
2487.1217693533 58.20
2523.297788519 58.28
2560.0000000001 58.37
2597.2360574402 58.45
2635.0137258074 58.53
2673.3408830143 58.62
2712.2255215599 58.70
2751.6757501971 58.78
2791.6997956232 58.86
2832.3060041955 58.93
2873.5028436721 59.01
2915.2989049772 59.07
2957.7029039931 59.14
3000.7236833774 59.21
3044.3702144071 59.28
3088.6515988494 59.35
3133.57707086 59.44
3179.1559989082 59.53
3225.397887731 59.62
3272.3123803148 59.70
3319.9092599067 59.76
3368.1984520542 59.80
3417.1900266754 59.83
3466.8942001586 59.85
3517.3213374928 59.85
3568.4819544296 59.84
3620.3867196753 59.82
3673.0464571163 59.79
3726.4721480761 59.74
3780.6749336053 59.69
3835.6661168044 59.62
3891.4571651819 59.54
3948.0597130445 59.45
4005.4855639241 59.34
4063.7466930387 59.23
4122.8552497902 59.11
4182.8235602974 58.98
4243.6641299665 58.84
4305.3896460992 58.70
4368.0129805382 58.54
4431.5471923516 58.39
4496.0055305558 58.23
4561.4014368787 58.06
4627.7485485626 57.90
4695.0607012081 57.73
4763.3519316592 57.57
4832.6364809305 57.40
4902.9287971769 57.24
4974.2435387067 57.08
5046.595577038 56.92
5120.0000000002 56.77
5194.4721148803 56.62
5270.0274516149 56.49
5346.6817660286 56.35
5424.4510431198 56.23
5503.3515003942 56.13
5583.3995912463 56.04
5664.6120083911 55.98
5747.0056873442 55.93
5830.5978099545 55.92
5915.4058079863 55.95
6001.4473667548 56.01
6088.7404288142 56.11
6177.3031976989 56.25
6267.1541417201 56.42
6358.3119978165 56.59
6450.795775462 56.75
6544.6247606297 56.87
6639.8185198134 56.93
6736.3969041085 56.94
6834.3800533509 56.89
6933.7884003172 56.82
7034.6426749857 56.75
7136.9639088592 56.73
7240.7734393506 56.76
7346.0929142326 56.86
7452.9442961523 57.01
7561.3498672106 57.19
7671.3322336089 57.38
7782.9143303638 57.55
7896.119426089 57.67
8010.9711278481 57.71
8127.4933860775 57.64
8245.7104995805 57.44
8365.6471205948 57.07
8487.328259933 56.56
8610.7792921984 55.92
8736.0259610765 55.16
8863.0943847033 54.31
8992.0110611117 53.41
9122.8028737575 52.47
9255.4970971253 51.54
9390.1214024162 50.62
9526.7038633184 49.72
9665.272961861 48.86
9805.8575943538 48.03
9948.4870774134 47.24
10093.191154076 46.48
10240.0000000005 45.77
10388.9442297607 45.08
10540.0549032298 44.42
10693.3635320572 43.78
10848.9020862397 43.17
11006.7030007884 42.57
11166.7991824927 41.98
11329.2240167822 41.42
11494.0113746885 40.92
11661.1956199091 40.61
11830.8116159726 40.57
12002.8947335097 41.01
12177.4808576284 41.80
12354.6063953979 42.93
12534.3082834402 44.06
12716.6239956331 45.03
12901.5915509241 45.76
13089.2495212594 46.40
13279.637039627 46.97
13472.7938082171 47.52
13668.7601067018 48.12
13867.5768006344 48.82
14069.2853499715 49.65
14273.9278177184 50.56
14481.5468787012 51.54
14692.1858284653 52.48
14905.8885923047 53.23
15122.6997344212 53.68
15342.6644672179 53.75
15565.8286607277 53.40
15792.2388521781 52.68
16021.9422556964 51.71
16254.9867721551 50.62
16491.4209991611 49.54
16731.2942411897 48.57
16974.656519866 47.73
17221.5585843969 47.04
17472.0519221531 46.52
17726.1887694067 46.17
17984.0221222235 45.94
18245.605747515 45.76
18510.9941942506 45.55
18780.2428048326 45.21
19053.4077266369 44.70
19330.545923722 43.99
19611.7151887077 43.18
19896.9741548268 42.51
20186.382308152 42.33
