20.000000	62.298
20.290907	62.274
20.586045	62.261
20.885476	62.260
21.189262	62.272
21.497467	62.297
21.810155	62.329
22.127391	62.367
22.449241	62.405
22.775773	62.436
23.107054	62.455
23.443154	62.456
23.784142	62.436
24.130091	62.396
24.481071	62.331
24.837156	62.254
25.198421	62.175
25.564940	62.113
25.936791	62.083
26.314050	62.092
26.696797	62.135
27.085111	62.185
27.479073	62.222
27.878765	62.236
28.284271	62.234
28.695675	62.232
29.113064	62.238
29.536523	62.255
29.966142	62.270
30.402009	62.266
30.844217	62.236
31.292856	62.191
31.748021	62.146
32.209807	62.114
32.678309	62.099
33.153626	62.099
33.635857	62.104
34.125101	62.102
34.621462	62.086
35.125043	62.060
35.635949	62.033
36.154286	62.009
36.680162	61.990
37.213687	61.973
37.754973	61.957
38.304131	61.942
38.861278	61.920
39.426528	61.890
40.000000	61.857
40.581813	61.827
41.172089	61.795
41.770951	61.754
42.378524	61.712
42.994934	61.681
43.620309	61.659
44.254781	61.631
44.898482	61.598
45.551545	61.566
46.214108	61.540
46.886308	61.513
47.568285	61.479
48.260181	61.441
48.962142	61.403
49.674312	61.366
50.396842	61.330
51.129881	61.294
51.873582	61.258
52.628101	61.221
53.393594	61.183
54.170222	61.143
54.958146	61.104
55.757531	61.064
56.568542	61.024
57.391351	60.983
58.226127	60.941
59.073046	60.898
59.932283	60.852
60.804018	60.805
61.688433	60.757
62.585712	60.709
63.496042	60.661
64.419613	60.613
65.356618	60.565
66.307252	60.515
67.271713	60.464
68.250203	60.413
69.242925	60.362
70.250086	60.309
71.271897	60.257
72.308571	60.205
73.360323	60.151
74.427374	60.096
75.509945	60.040
76.608262	59.982
77.722555	59.923
78.853056	59.862
80.000000	59.801
81.163627	59.741
82.344179	59.681
83.541903	59.621
84.757048	59.561
85.989867	59.500
87.240619	59.438
88.509563	59.376
89.796964	59.313
91.103091	59.249
92.428216	59.184
93.772615	59.119
95.136569	59.053
96.520362	58.987
97.924283	58.919
99.348625	58.849
100.793684	58.777
102.259762	58.704
103.747164	58.631
105.256202	58.559
106.787188	58.488
108.340444	58.417
109.916292	58.348
111.515061	58.277
113.137085	58.206
114.782702	58.134
116.452255	58.060
118.146092	57.984
119.864566	57.907
121.608036	57.829
123.376866	57.752
125.171424	57.675
126.992084	57.597
128.839227	57.519
130.713236	57.440
132.614504	57.360
134.543426	57.281
136.500406	57.202
138.485850	57.123
140.500173	57.043
142.543795	56.963
144.617142	56.882
146.720647	56.800
148.854748	56.717
151.019890	56.633
153.216525	56.550
155.445111	56.466
157.706112	56.380
160.000000	56.291
162.327254	56.200
164.688358	56.106
167.083805	56.011
169.514095	55.912
171.979734	55.813
174.481237	55.722
177.019125	55.638
179.593928	55.564
182.206182	55.502
184.856431	55.453
187.545230	55.418
190.273138	55.401
193.040725	55.391
195.848567	55.369
198.697250	55.335
201.587368	55.291
204.519524	55.240
207.494329	55.187
210.512403	55.133
213.574377	55.075
216.680888	55.007
219.832584	54.935
223.030122	54.864
226.274170	54.793
229.565404	54.722
232.904509	54.653
236.292183	54.585
239.729132	54.515
243.216073	54.443
246.753732	54.368
250.342848	54.292
253.984168	54.216
257.678453	54.141
261.426473	54.066
265.229008	53.993
269.086853	53.920
273.000811	53.847
276.971700	53.775
281.000346	53.705
285.087590	53.636
289.234284	53.567
293.441294	53.500
297.709496	53.433
302.039780	53.367
306.433050	53.302
310.890221	53.237
315.412224	53.173
320.000000	53.110
324.654507	53.049
329.376716	52.987
334.167610	52.925
339.028190	52.862
343.959469	52.799
348.962474	52.737
354.038251	52.677
359.187855	52.621
364.412363	52.574
369.712863	52.541
375.090460	52.526
380.546277	52.530
386.081450	52.545
391.697134	52.573
397.394500	52.604
403.174736	52.630
409.039048	52.644
414.988657	52.641
421.024807	52.623
427.148753	52.596
433.361775	52.564
439.665167	52.531
446.060244	52.500
452.548340	52.471
459.130807	52.444
465.809019	52.420
472.584367	52.400
479.458265	52.381
486.432146	52.365
493.507464	52.350
500.685695	52.336
507.968337	52.323
515.356906	52.311
522.852945	52.301
530.458016	52.293
538.173706	52.285
546.001623	52.278
553.943399	52.272
562.000691	52.267
570.175180	52.266
578.468569	52.266
586.882588	52.271
595.418991	52.280
604.079560	52.295
612.866100	52.314
621.780442	52.340
630.824447	52.371
640.000000	52.408
649.309014	52.449
658.753431	52.496
668.335221	52.547
678.056380	52.602
687.918938	52.661
697.924949	52.723
708.076501	52.789
718.375711	52.859
728.824726	52.934
739.425726	53.012
750.180921	53.093
761.092554	53.179
772.162900	53.268
783.394268	53.363
794.789000	53.461
806.349472	53.564
818.078095	53.672
829.977315	53.785
842.049613	53.903
854.297507	54.027
866.723550	54.155
879.330334	54.289
892.120489	54.430
905.096680	54.575
918.261614	54.727
931.618037	54.884
945.168733	55.047
958.916529	55.216
972.864291	55.389
987.014928	55.568
1001.371391	55.749
1015.936673	55.935
1030.713812	56.124
1045.705890	56.315
1060.916032	56.509
1076.347412	56.703
1092.003245	56.897
1107.886798	57.091
1124.001383	57.283
1140.350359	57.474
1156.937137	57.661
1173.765175	57.847
1190.837983	58.026
1208.159120	58.205
1225.732199	58.377
1243.560885	58.546
1261.648894	58.710
1280.000000	58.868
1298.618029	59.017
1317.506863	59.167
1336.670442	59.308
1356.112761	59.444
1375.837875	59.576
1395.849898	59.702
1416.153002	59.821
1436.751422	59.938
1457.649452	60.049
1478.851452	60.155
1500.361842	60.257
1522.185107	60.354
1544.325799	60.447
1566.788535	60.535
1589.577999	60.620
1612.698944	60.700
1636.156190	60.776
1659.954630	60.848
1684.099226	60.916
1708.595013	60.980
1733.447100	61.041
1758.660669	61.097
1784.240977	61.150
1810.193360	61.199
1836.523229	61.244
1863.236074	61.286
1890.337467	61.325
1917.833058	61.359
1945.728583	61.390
1974.029857	61.419
2002.742782	61.444
2031.873347	61.465
2061.427625	61.484
2091.411780	61.500
2121.832065	61.513
2152.694823	61.526
2184.006490	61.538
2215.773596	61.551
2248.002765	61.564
2280.700718	61.579
2313.874274	61.597
2347.530351	61.619
2381.675966	61.647
2416.318240	61.680
2451.464399	61.720
2487.121769	61.766
2523.297789	61.818
2560.000000	61.875
2597.236057	61.934
2635.013726	61.992
2673.340883	62.047
2712.225522	62.096
2751.675750	62.136
2791.699796	62.169
2832.306004	62.191
2873.502844	62.206
2915.298905	62.216
2957.702904	62.221
3000.723683	62.223
3044.370214	62.224
3088.651599	62.227
3133.577071	62.232
3179.155999	62.241
3225.397888	62.256
3272.312380	62.277
3319.909260	62.305
3368.198452	62.342
3417.190027	62.389
3466.894200	62.446
3517.321337	62.514
3568.481954	62.590
3620.386720	62.672
3673.046457	62.758
3726.472148	62.845
3780.674934	62.928
3835.666117	63.007
3891.457165	63.074
3948.059713	63.135
4005.485564	63.180
4063.746693	63.213
4122.855250	63.233
4182.823560	63.242
4243.664130	63.233
4305.389646	63.201
4368.012981	63.130
4431.547192	62.997
4496.005531	62.799
4561.401437	62.519
4627.748549	62.175
4695.060701	61.780
4763.351932	61.375
4832.636481	61.002
4902.928797	60.720
4974.243539	60.532
5046.595577	60.449
5120.000000	60.420
5194.472115	60.416
5270.027452	60.408
5346.681766	60.380
5424.451043	60.332
5503.351500	60.274
5583.399591	60.233
5664.612008	60.252
5747.005687	60.357
5830.597810	60.571
5915.405808	60.911
6001.447367	61.379
6088.740429	61.961
6177.303198	62.605
6267.154142	63.266
6358.311998	63.889
6450.795775	64.428
6544.624761	64.836
6639.818520	65.081
6736.396904	65.152
6834.380053	65.067
6933.788400	64.873
7034.642675	64.630
7136.963909	64.404
7240.773439	64.244
7346.092914	64.179
7452.944296	64.208
7561.349867	64.309
7671.332234	64.434
7782.914330	64.537
7896.119426	64.565
8010.971128	64.459
8127.493386	64.186
8245.710500	63.739
8365.647121	63.133
8487.328260	62.422
8610.779292	61.650
8736.025961	60.872
8863.094385	60.137
8992.011061	59.477
9122.802874	58.919
9255.497097	58.479
9390.121402	58.166
9526.703863	57.990
9665.272962	57.952
9805.857594	58.044
9948.487077	58.249
10093.191154	58.525
10240.000000	58.794
10388.944230	58.982
10540.054903	59.008
10693.363532	58.868
10848.902086	58.590
11006.703001	58.280
11166.799182	58.070
11329.224017	58.130
11494.011375	58.413
11661.195620	58.866
11830.811616	59.288
12002.894734	59.604
12177.480858	59.816
12354.606395	59.886
12534.308283	59.912
12716.623996	59.939
12901.591551	60.096
13089.249521	60.338
13279.637040	60.758
13472.793808	61.347
13668.760107	61.980
13867.576801	62.486
14069.285350	62.637
14273.927818	62.435
14481.546879	61.747
14692.185828	60.710
14905.888592	59.615
15122.699734	58.625
15342.664467	57.839
15565.828661	57.267
15792.238852	56.841
16021.942256	56.486
16254.986772	56.203
16491.420999	56.052
16731.294241	56.010
16974.656520	55.961
17221.558584	55.751
17472.051922	55.271
17726.188769	54.493
17984.022122	53.485
18245.605748	52.379
18510.994194	51.333
18780.242805	50.440
19053.407727	49.673
19330.545924	48.938
19611.715189	48.187
19896.974155	47.572
20186.382308	47.396
