20.000000	71.034
20.290907	71.026
20.586045	71.020
20.885476	71.015
21.189262	71.010
21.497467	71.006
21.810155	71.001
22.127391	70.996
22.449241	70.990
22.775773	70.983
23.107054	70.975
23.443154	70.965
23.784142	70.954
24.130091	70.941
24.481071	70.927
24.837156	70.912
25.198421	70.894
25.564940	70.875
25.936791	70.855
26.314050	70.835
26.696797	70.815
27.085111	70.795
27.479073	70.775
27.878765	70.755
28.284271	70.737
28.695675	70.718
29.113064	70.701
29.536523	70.684
29.966142	70.668
30.402009	70.651
30.844217	70.634
31.292856	70.617
31.748021	70.598
32.209807	70.577
32.678309	70.555
33.153626	70.532
33.635857	70.508
34.125101	70.483
34.621462	70.456
35.125043	70.429
35.635949	70.402
36.154286	70.374
36.680162	70.346
37.213687	70.318
37.754973	70.291
38.304131	70.264
38.861278	70.237
39.426528	70.210
40.000000	70.182
40.581813	70.153
41.172089	70.123
41.770951	70.093
42.378524	70.060
42.994934	70.027
43.620309	69.992
44.254781	69.958
44.898482	69.923
45.551545	69.887
46.214108	69.852
46.886308	69.816
47.568285	69.781
48.260181	69.744
48.962142	69.707
49.674312	69.670
50.396842	69.630
51.129881	69.591
51.873582	69.550
52.628101	69.509
53.393594	69.467
54.170222	69.425
54.958146	69.383
55.757531	69.340
56.568542	69.297
57.391351	69.254
58.226127	69.209
59.073046	69.164
59.932283	69.118
60.804018	69.071
61.688433	69.024
62.585712	68.977
63.496042	68.928
64.419613	68.880
65.356618	68.831
66.307252	68.781
67.271713	68.730
68.250203	68.679
69.242925	68.627
70.250086	68.576
71.271897	68.524
72.308571	68.471
73.360323	68.418
74.427374	68.364
75.509945	68.310
76.608262	68.254
77.722555	68.199
78.853056	68.143
80.000000	68.086
81.163627	68.030
82.344179	67.973
83.541903	67.915
84.757048	67.857
85.989867	67.798
87.240619	67.740
88.509563	67.681
89.796964	67.621
91.103091	67.561
92.428216	67.501
93.772615	67.441
95.136569	67.379
96.520362	67.318
97.924283	67.257
99.348625	67.195
100.793684	67.133
102.259762	67.070
103.747164	67.007
105.256202	66.944
106.787188	66.881
108.340444	66.817
109.916292	66.753
111.515061	66.688
113.137085	66.624
114.782702	66.560
116.452255	66.494
118.146092	66.429
119.864566	66.363
121.608036	66.297
123.376866	66.231
125.171424	66.164
126.992084	66.096
128.839227	66.028
130.713236	65.960
132.614504	65.890
134.543426	65.820
136.500406	65.749
138.485850	65.677
140.500173	65.603
142.543795	65.527
144.617142	65.449
146.720647	65.369
148.854748	65.285
151.019890	65.198
153.216525	65.109
155.445111	65.019
157.706112	64.933
160.000000	64.859
162.327254	64.812
164.688358	64.797
167.083805	64.813
169.514095	64.847
171.979734	64.880
174.481237	64.897
177.019125	64.892
179.593928	64.866
182.206182	64.824
184.856431	64.773
187.545230	64.716
190.273138	64.656
193.040725	64.596
195.848567	64.535
198.697250	64.474
201.587368	64.414
204.519524	64.355
207.494329	64.297
210.512403	64.239
213.574377	64.182
216.680888	64.126
219.832584	64.070
223.030122	64.015
226.274170	63.961
229.565404	63.907
232.904509	63.854
236.292183	63.801
239.729132	63.749
243.216073	63.697
246.753732	63.646
250.342848	63.595
253.984168	63.545
257.678453	63.495
261.426473	63.446
265.229008	63.398
269.086853	63.349
273.000811	63.302
276.971700	63.255
281.000346	63.208
285.087590	63.162
289.234284	63.116
293.441294	63.072
297.709496	63.027
302.039780	62.982
306.433050	62.938
310.890221	62.894
315.412224	62.850
320.000000	62.805
324.654507	62.762
329.376716	62.718
334.167610	62.675
339.028190	62.632
343.959469	62.592
348.962474	62.554
354.038251	62.520
359.187855	62.494
364.412363	62.478
369.712863	62.472
375.090460	62.471
380.546277	62.467
386.081450	62.455
391.697134	62.432
397.394500	62.405
403.174736	62.371
409.039048	62.335
414.988657	62.299
421.024807	62.263
427.148753	62.228
433.361775	62.194
439.665167	62.162
446.060244	62.130
452.548340	62.101
459.130807	62.073
465.809019	62.045
472.584367	62.019
479.458265	61.994
486.432146	61.969
493.507464	61.945
500.685695	61.922
507.968337	61.899
515.356906	61.876
522.852945	61.853
530.458016	61.831
538.173706	61.808
546.001623	61.785
553.943399	61.762
562.000691	61.739
570.175180	61.717
578.468569	61.694
586.882588	61.671
595.418991	61.648
604.079560	61.626
612.866100	61.603
621.780442	61.581
630.824447	61.559
640.000000	61.537
649.309014	61.516
658.753431	61.496
668.335221	61.477
678.056380	61.458
687.918938	61.441
697.924949	61.425
708.076501	61.410
718.375711	61.397
728.824726	61.385
739.425726	61.375
750.180921	61.367
761.092554	61.362
772.162900	61.359
783.394268	61.359
794.789000	61.362
806.349472	61.369
818.078095	61.379
829.977315	61.394
842.049613	61.412
854.297507	61.436
866.723550	61.465
879.330334	61.500
892.120489	61.541
905.096680	61.587
918.261614	61.640
931.618037	61.700
945.168733	61.766
958.916529	61.839
972.864291	61.919
987.014928	62.005
1001.371391	62.099
1015.936673	62.198
1030.713812	62.303
1045.705890	62.413
1060.916032	62.529
1076.347412	62.648
1092.003245	62.771
1107.886798	62.896
1124.001383	63.024
1140.350359	63.153
1156.937137	63.282
1173.765175	63.412
1190.837983	63.540
1208.159120	63.669
1225.732199	63.795
1243.560885	63.919
1261.648894	64.042
1280.000000	64.162
1298.618029	64.277
1317.506863	64.393
1336.670442	64.506
1356.112761	64.615
1375.837875	64.723
1395.849898	64.828
1416.153002	64.931
1436.751422	65.034
1457.649452	65.134
1478.851452	65.233
1500.361842	65.331
1522.185107	65.427
1544.325799	65.522
1566.788535	65.617
1589.577999	65.713
1612.698944	65.808
1636.156190	65.903
1659.954630	66.000
1684.099226	66.097
1708.595013	66.196
1733.447100	66.297
1758.660669	66.401
1784.240977	66.506
1810.193360	66.614
1836.523229	66.724
1863.236074	66.837
1890.337467	66.952
1917.833058	67.069
1945.728583	67.190
1974.029857	67.312
2002.742782	67.437
2031.873347	67.564
2061.427625	67.693
2091.411780	67.824
2121.832065	67.956
2152.694823	68.089
2184.006490	68.224
2215.773596	68.358
2248.002765	68.493
2280.700718	68.627
2313.874274	68.760
2347.530351	68.891
2381.675966	69.019
2416.318240	69.145
2451.464399	69.265
2487.121769	69.381
2523.297789	69.489
2560.000000	69.591
2597.236057	69.685
2635.013726	69.770
2673.340883	69.843
2712.225522	69.908
2751.675750	69.959
2791.699796	69.998
2832.306004	70.023
2873.502844	70.036
2915.298905	70.037
2957.702904	70.027
3000.723683	70.004
3044.370214	69.971
3088.651599	69.929
3133.577071	69.881
3179.155999	69.827
3225.397888	69.770
3272.312380	69.711
3319.909260	69.652
3368.198452	69.595
3417.190027	69.541
3466.894200	69.494
3517.321337	69.454
3568.481954	69.419
3620.386720	69.383
3673.046457	69.340
3726.472148	69.282
3780.674934	69.202
3835.666117	69.104
3891.457165	68.975
3948.059713	68.829
4005.485564	68.664
4063.746693	68.492
4122.855250	68.329
4182.823560	68.191
4243.664130	68.092
4305.389646	68.039
4368.012981	68.037
4431.547192	68.092
4496.005531	68.191
4561.401437	68.334
4627.748549	68.506
4695.060701	68.701
4763.351932	68.902
4832.636481	69.095
4902.928797	69.253
4974.243539	69.365
5046.595577	69.396
5120.000000	69.343
5194.472115	69.179
5270.027452	68.898
5346.681766	68.507
5424.451043	68.018
5503.351500	67.443
5583.399591	66.804
5664.612008	66.126
5747.005687	65.435
5830.597810	64.746
5915.405808	64.074
6001.447367	63.430
6088.740429	62.831
6177.303198	62.279
6267.154142	61.779
6358.311998	61.338
6450.795775	60.953
6544.624761	60.632
6639.818520	60.378
6736.396904	60.198
6834.380053	60.095
6933.788400	60.077
7034.642675	60.152
7136.963909	60.330
7240.773439	60.618
7346.092914	61.027
7452.944296	61.555
7561.349867	62.184
7671.332234	62.853
7782.914330	63.487
7896.119426	63.994
8010.971128	64.250
8127.493386	64.200
8245.710500	63.838
8365.647121	63.193
8487.328260	62.380
8610.779292	61.501
8736.025961	60.678
8863.094385	60.000
8992.011061	59.516
9122.802874	59.265
9255.497097	59.266
9390.121402	59.505
9526.703863	59.949
9665.272962	60.527
9805.857594	61.143
9948.487077	61.691
10093.191154	62.047
10240.000000	62.166
10388.944230	62.040
10540.054903	61.702
10693.363532	61.247
10848.902086	60.745
11006.703001	60.260
11166.799182	59.825
11329.224017	59.447
11494.011375	59.087
11661.195620	58.685
11830.811616	58.201
12002.894734	57.586
12177.480858	56.893
12354.606395	56.163
12534.308283	55.520
12716.623996	55.119
12901.591551	55.172
13089.249521	55.469
13279.637040	56.160
13472.793808	57.245
13668.760107	58.581
13867.576801	60.043
14069.285350	61.471
14273.927818	62.798
14481.546879	63.852
14692.185828	64.562
14905.888592	65.005
15122.699734	65.204
15342.664467	65.163
15565.828661	64.841
15792.238852	64.170
16021.942256	63.109
16254.986772	61.710
16491.420999	60.160
16731.294241	58.755
16974.656520	57.756
17221.558584	57.254
17472.051922	57.137
17726.188769	57.188
17984.022122	57.226
18245.605748	57.197
18510.994194	57.151
18780.242805	57.152
19053.407727	57.164
19330.545924	57.085
19611.715189	56.863
19896.974155	56.606
20186.382308	56.525
