20.000000	86.505
20.290907	86.478
20.586045	86.452
20.885476	86.426
21.189262	86.400
21.497467	86.373
21.810155	86.346
22.127391	86.317
22.449241	86.288
22.775773	86.258
23.107054	86.228
23.443154	86.196
23.784142	86.164
24.130091	86.131
24.481071	86.098
24.837156	86.064
25.198421	86.028
25.564940	85.992
25.936791	85.954
26.314050	85.916
26.696797	85.877
27.085111	85.837
27.479073	85.797
27.878765	85.755
28.284271	85.713
28.695675	85.671
29.113064	85.629
29.536523	85.586
29.966142	85.543
30.402009	85.499
30.844217	85.454
31.292856	85.409
31.748021	85.363
32.209807	85.316
32.678309	85.269
33.153626	85.221
33.635857	85.171
34.125101	85.120
34.621462	85.069
35.125043	85.016
35.635949	84.963
36.154286	84.909
36.680162	84.854
37.213687	84.799
37.754973	84.744
38.304131	84.688
38.861278	84.632
39.426528	84.574
40.000000	84.517
40.581813	84.459
41.172089	84.400
41.770951	84.341
42.378524	84.281
42.994934	84.220
43.620309	84.158
44.254781	84.096
44.898482	84.033
45.551545	83.969
46.214108	83.904
46.886308	83.839
47.568285	83.775
48.260181	83.709
48.962142	83.642
49.674312	83.576
50.396842	83.509
51.129881	83.441
51.873582	83.373
52.628101	83.304
53.393594	83.235
54.170222	83.164
54.958146	83.093
55.757531	83.022
56.568542	82.951
57.391351	82.880
58.226127	82.808
59.073046	82.736
59.932283	82.665
60.804018	82.592
61.688433	82.519
62.585712	82.445
63.496042	82.371
64.419613	82.296
65.356618	82.221
66.307252	82.146
67.271713	82.071
68.250203	81.995
69.242925	81.920
70.250086	81.844
71.271897	81.769
72.308571	81.693
73.360323	81.618
74.427374	81.542
75.509945	81.465
76.608262	81.389
77.722555	81.313
78.853056	81.236
80.000000	81.160
81.163627	81.084
82.344179	81.008
83.541903	80.931
84.757048	80.855
85.989867	80.778
87.240619	80.702
88.509563	80.625
89.796964	80.550
91.103091	80.474
92.428216	80.399
93.772615	80.323
95.136569	80.248
96.520362	80.172
97.924283	80.097
99.348625	80.022
100.793684	79.948
102.259762	79.874
103.747164	79.800
105.256202	79.726
106.787188	79.652
108.340444	79.580
109.916292	79.507
111.515061	79.435
113.137085	79.363
114.782702	79.292
116.452255	79.221
118.146092	79.150
119.864566	79.080
121.608036	79.010
123.376866	78.940
125.171424	78.870
126.992084	78.802
128.839227	78.734
130.713236	78.666
132.614504	78.597
134.543426	78.530
136.500406	78.462
138.485850	78.395
140.500173	78.328
142.543795	78.261
144.617142	78.194
146.720647	78.127
148.854748	78.059
151.019890	77.990
153.216525	77.921
155.445111	77.851
157.706112	77.780
160.000000	77.708
162.327254	77.638
164.688358	77.572
167.083805	77.514
169.514095	77.472
171.979734	77.451
174.481237	77.451
177.019125	77.469
179.593928	77.501
182.206182	77.540
184.856431	77.579
187.545230	77.612
190.273138	77.632
193.040725	77.635
195.848567	77.624
198.697250	77.601
201.587368	77.570
204.519524	77.535
207.494329	77.498
210.512403	77.460
213.574377	77.422
216.680888	77.386
219.832584	77.351
223.030122	77.319
226.274170	77.289
229.565404	77.262
232.904509	77.238
236.292183	77.215
239.729132	77.195
243.216073	77.175
246.753732	77.159
250.342848	77.143
253.984168	77.130
257.678453	77.120
261.426473	77.112
265.229008	77.107
269.086853	77.106
273.000811	77.107
276.971700	77.112
281.000346	77.120
285.087590	77.131
289.234284	77.146
293.441294	77.162
297.709496	77.177
302.039780	77.191
306.433050	77.206
310.890221	77.220
315.412224	77.233
320.000000	77.248
324.654507	77.263
329.376716	77.279
334.167610	77.295
339.028190	77.310
343.959469	77.326
348.962474	77.341
354.038251	77.356
359.187855	77.372
364.412363	77.390
369.712863	77.417
375.090460	77.459
380.546277	77.527
386.081450	77.614
391.697134	77.718
397.394500	77.822
403.174736	77.916
409.039048	77.995
414.988657	78.063
421.024807	78.121
427.148753	78.176
433.361775	78.229
439.665167	78.282
446.060244	78.336
452.548340	78.391
459.130807	78.447
465.809019	78.505
472.584367	78.563
479.458265	78.623
486.432146	78.683
493.507464	78.743
500.685695	78.804
507.968337	78.866
515.356906	78.927
522.852945	78.988
530.458016	79.050
538.173706	79.111
546.001623	79.172
553.943399	79.232
562.000691	79.291
570.175180	79.349
578.468569	79.406
586.882588	79.462
595.418991	79.516
604.079560	79.568
612.866100	79.620
621.780442	79.669
630.824447	79.717
640.000000	79.764
649.309014	79.808
658.753431	79.850
668.335221	79.891
678.056380	79.929
687.918938	79.965
697.924949	79.998
708.076501	80.030
718.375711	80.061
728.824726	80.092
739.425726	80.121
750.180921	80.146
761.092554	80.168
772.162900	80.188
783.394268	80.208
794.789000	80.228
806.349472	80.249
818.078095	80.269
829.977315	80.291
842.049613	80.312
854.297507	80.333
866.723550	80.356
879.330334	80.381
892.120489	80.406
905.096680	80.434
918.261614	80.464
931.618037	80.495
945.168733	80.528
958.916529	80.565
972.864291	80.604
987.014928	80.644
1001.371391	80.686
1015.936673	80.730
1030.713812	80.775
1045.705890	80.821
1060.916032	80.867
1076.347412	80.913
1092.003245	80.959
1107.886798	81.004
1124.001383	81.047
1140.350359	81.090
1156.937137	81.129
1173.765175	81.167
1190.837983	81.201
1208.159120	81.235
1225.732199	81.265
1243.560885	81.293
1261.648894	81.318
1280.000000	81.342
1298.618029	81.362
1317.506863	81.382
1336.670442	81.399
1356.112761	81.414
1375.837875	81.428
1395.849898	81.440
1416.153002	81.450
1436.751422	81.460
1457.649452	81.469
1478.851452	81.478
1500.361842	81.487
1522.185107	81.496
1544.325799	81.506
1566.788535	81.516
1589.577999	81.528
1612.698944	81.542
1636.156190	81.557
1659.954630	81.574
1684.099226	81.592
1708.595013	81.613
1733.447100	81.635
1758.660669	81.661
1784.240977	81.689
1810.193360	81.719
1836.523229	81.751
1863.236074	81.784
1890.337467	81.819
1917.833058	81.854
1945.728583	81.890
1974.029857	81.926
2002.742782	81.963
2031.873347	81.999
2061.427625	82.035
2091.411780	82.070
2121.832065	82.105
2152.694823	82.139
2184.006490	82.173
2215.773596	82.207
2248.002765	82.241
2280.700718	82.275
2313.874274	82.307
2347.530351	82.337
2381.675966	82.366
2416.318240	82.392
2451.464399	82.413
2487.121769	82.430
2523.297789	82.439
2560.000000	82.441
2597.236057	82.436
2635.013726	82.423
2673.340883	82.401
2712.225522	82.372
2751.675750	82.339
2791.699796	82.303
2832.306004	82.263
2873.502844	82.218
2915.298905	82.166
2957.702904	82.107
3000.723683	82.041
3044.370214	81.968
3088.651599	81.890
3133.577071	81.807
3179.155999	81.721
3225.397888	81.632
3272.312380	81.541
3319.909260	81.450
3368.198452	81.356
3417.190027	81.261
3466.894200	81.166
3517.321337	81.071
3568.481954	80.979
3620.386720	80.893
3673.046457	80.818
3726.472148	80.759
3780.674934	80.722
3835.666117	80.705
3891.457165	80.718
3948.059713	80.748
4005.485564	80.798
4063.746693	80.855
4122.855250	80.923
4182.823560	81.028
4243.664130	81.195
4305.389646	81.424
4368.012981	81.715
4431.547192	82.066
4496.005531	82.467
4561.401437	82.906
4627.748549	83.352
4695.060701	83.756
4763.351932	84.083
4832.636481	84.310
4902.928797	84.436
4974.243539	84.513
5046.595577	84.575
5120.000000	84.657
5194.472115	84.779
5270.027452	84.948
5346.681766	85.154
5424.451043	85.384
5503.351500	85.623
5583.399591	85.853
5664.612008	86.056
5747.005687	86.231
5830.597810	86.377
5915.405808	86.492
6001.447367	86.573
6088.740429	86.617
6177.303198	86.632
6267.154142	86.626
6358.311998	86.609
6450.795775	86.590
6544.624761	86.571
6639.818520	86.558
6736.396904	86.548
6834.380053	86.539
6933.788400	86.525
7034.642675	86.496
7136.963909	86.446
7240.773439	86.376
7346.092914	86.284
7452.944296	86.169
7561.349867	86.024
7671.332234	85.846
7782.914330	85.636
7896.119426	85.393
8010.971128	85.120
8127.493386	84.825
8245.710500	84.517
8365.647121	84.207
8487.328260	83.902
8610.779292	83.606
8736.025961	83.323
8863.094385	83.049
8992.011061	82.778
9122.802874	82.505
9255.497097	82.220
9390.121402	81.919
9526.703863	81.600
9665.272962	81.270
9805.857594	80.940
9948.487077	80.625
10093.191154	80.342
10240.000000	80.102
10388.944230	79.912
10540.054903	79.779
10693.363532	79.694
10848.902086	79.648
11006.703001	79.626
11166.799182	79.606
11329.224017	79.564
11494.011375	79.492
11661.195620	79.367
11830.811616	79.211
12002.894734	79.020
12177.480858	78.816
12354.606395	78.602
12534.308283	78.385
12716.623996	78.175
12901.591551	78.024
13089.249521	77.910
13279.637040	77.920
13472.793808	78.097
13668.760107	78.444
13867.576801	78.938
14069.285350	79.493
14273.927818	80.032
14481.546879	80.375
14692.185828	80.354
14905.888592	79.959
15122.699734	79.215
15342.664467	78.207
15565.828661	77.066
15792.238852	75.933
16021.942256	74.927
16254.986772	74.126
16491.420999	73.565
16731.294241	73.198
16974.656520	72.943
17221.558584	72.693
17472.051922	72.329
17726.188769	71.728
17984.022122	70.805
18245.605748	69.600
18510.994194	68.364
18780.242805	67.449
19053.407727	66.976
19330.545924	66.806
19611.715189	66.764
19896.974155	66.755
20186.382308	66.754
