20 89.06
20.2909066988 89.11
20.5860447329 89.15
20.8854756485 89.20
21.1892618872 89.24
21.4974667984 89.28
21.8101546533 89.32
22.1273906578 89.35
22.4492409662 89.39
22.7757726951 89.43
23.1070539374 89.46
23.4431537764 89.49
23.7841423001 89.52
24.130090616 89.55
24.4810708661 89.58
24.8371562415 89.60
25.1984209979 89.63
25.5649404712 89.65
25.936791093 89.68
26.3140504067 89.70
26.6967970834 89.72
27.0851109387 89.73
27.4790729492 89.75
27.878765269 89.76
28.2842712475 89.77
28.6956754462 89.78
29.1130636568 89.79
29.5365229188 89.80
29.9661415375 89.81
30.402009103 89.82
30.8442165082 89.83
31.2928559682 89.84
31.7480210394 89.84
32.209806639 89.85
32.6783090648 89.85
33.1536260154 89.85
33.6358566101 89.85
34.1251014105 89.85
34.6214624402 89.85
35.1250432075 89.84
35.6359487256 89.84
36.1542855356 89.83
36.6801617282 89.82
37.2136869661 89.81
37.7549725073 89.80
38.3041312279 89.79
38.8612776461 89.78
39.4265279456 89.77
40 89.76
40.5818133975 89.75
41.1720894657 89.74
41.7709512971 89.72
42.3785237744 89.70
42.9949335968 89.68
43.6203093066 89.66
44.2547813156 89.64
44.8984819324 89.62
45.5515453903 89.60
46.2141078749 89.58
46.8863075528 89.55
47.5682846001 89.53
48.260181232 89.51
48.9621417322 89.49
49.6743124829 89.46
50.3968419958 89.42
51.1298809424 89.39
51.873582186 89.36
52.6281008133 89.33
53.3935941668 89.30
54.1702218775 89.26
54.9581458983 89.23
55.757530538 89.20
56.5685424949 89.17
57.3913508924 89.13
58.2261273137 89.10
59.0730458376 89.06
59.9322830751 89.02
60.804018206 88.98
61.6884330163 88.95
62.5857119363 88.91
63.4960420787 88.87
64.419613278 88.83
65.3566181296 88.78
66.3072520307 88.74
67.2717132203 88.69
68.2502028209 88.65
69.2429248805 88.61
70.2500864149 88.56
71.2718974512 88.52
72.3085710713 88.47
73.3603234564 88.42
74.4273739322 88.38
75.5099450145 88.33
76.6082624559 88.28
77.7225552923 88.23
78.8530558912 88.18
80 88.14
81.163626795 88.08
82.3441789315 88.03
83.5419025942 87.98
84.7570475487 87.92
85.9898671937 87.87
87.2406186132 87.82
88.5095626311 87.77
89.7969638648 87.72
91.1030907805 87.66
92.4282157498 87.61
93.7726151055 87.55
95.1365692002 87.49
96.520362464 87.44
97.9242834644 87.38
99.3486249659 87.32
100.7936839916 87.27
102.2597618848 87.21
103.7471643721 87.15
105.2562016267 87.09
106.7871883336 87.04
108.340443755 86.98
109.9162917966 86.93
111.5150610759 86.87
113.1370849898 86.82
114.7827017849 86.76
116.4522546274 86.70
118.1460916752 86.65
119.8645661501 86.59
121.6080364119 86.54
123.3768660326 86.48
125.1714238726 86.41
126.9920841575 86.35
128.8392265559 86.30
130.7132362593 86.25
132.6145040614 86.19
134.5434264406 86.13
136.5004056418 86.07
138.485849761 86.00
140.5001728299 85.94
142.5437949025 85.87
144.6171421426 85.80
146.7206469127 85.73
148.8547478643 85.67
151.0198900291 85.61
153.2165249118 85.54
155.4451105846 85.48
157.7061117824 85.41
160 85.35
162.32725359 85.29
164.688357863 85.23
167.0838051884 85.18
169.5140950975 85.13
171.9797343873 85.07
174.4812372264 85.01
177.0191252622 84.96
179.5939277295 84.90
182.2061815611 84.85
184.8564314996 84.79
187.5452302111 84.74
190.2731384004 84.68
193.0407249281 84.63
195.8485669287 84.58
198.6972499318 84.52
201.5873679832 84.47
204.5195237697 84.42
207.4943287442 84.36
210.5124032534 84.31
213.5743766672 84.25
216.6808875099 84.20
219.8325835933 84.15
223.0301221518 84.10
226.2741699797 84.04
229.5654035698 83.99
232.9045092548 83.94
236.2921833503 83.89
239.7291323003 83.83
243.2160728239 83.78
246.7537320653 83.73
250.3428477452 83.68
253.9841683149 83.64
257.6784531119 83.60
261.4264725186 83.56
265.2290081229 83.52
269.0868528812 83.47
273.0008112836 83.43
276.971699522 83.38
281.0003456597 83.33
285.0875898049 83.28
289.2342842852 83.24
293.4412938255 83.19
297.7094957287 83.14
302.0397800581 83.09
306.4330498235 83.05
310.8902211692 83.00
315.4122235649 82.95
320 82.90
324.65450718 82.86
329.3767157259 82.81
334.1676103768 82.77
339.028190195 82.72
343.9594687746 82.68
348.9624744529 82.63
354.0382505244 82.58
359.187855459 82.54
364.4123631221 82.49
369.7128629991 82.44
375.0904604222 82.40
380.5462768009 82.34
386.0814498562 82.29
391.6971338575 82.25
397.3944998635 82.20
403.1747359664 82.15
409.0390475393 82.10
414.9886574883 82.05
421.0248065068 82.00
427.1487533344 81.96
433.3617750198 81.91
439.6651671866 81.86
446.0602443037 81.81
452.5483399594 81.76
459.1308071395 81.71
465.8090185095 81.66
472.5843667007 81.62
479.4582646005 81.57
486.4321456477 81.52
493.5074641306 81.47
500.6856954905 81.42
507.9683366298 81.37
515.3569062238 81.33
522.8529450372 81.28
530.4580162458 81.23
538.1737057624 81.18
546.0016225673 81.13
553.9433990439 81.08
562.0006913195 81.04
570.1751796098 80.99
578.4685685703 80.95
586.882587651 80.90
595.4189914574 80.85
604.0795601163 80.80
612.8660996471 80.75
621.7804423383 80.71
630.8244471297 80.67
640 80.62
649.30901436 80.58
658.7534314519 80.53
668.3352207536 80.48
678.05638039 80.44
687.9189375493 80.41
697.9249489058 80.37
708.0765010489 80.33
718.375710918 80.30
728.8247262443 80.27
739.4257259983 80.24
750.1809208443 80.22
761.0925536018 80.21
772.1628997124 80.19
783.394267715 80.18
794.7889997271 80.17
806.3494719327 80.16
818.0780950787 80.17
829.9773149767 80.18
842.0496130136 80.19
854.2975066688 80.21
866.7235500396 80.23
879.3303343732 80.25
892.1204886074 80.29
905.0966799188 80.34
918.2616142791 80.39
931.618037019 80.45
945.1687334013 80.51
958.9165292011 80.57
972.8642912955 80.64
987.0149282611 80.73
1001.371390981 80.81
1015.9366732597 80.90
1030.7138124476 80.99
1045.7058900743 81.08
1060.9160324916 81.17
1076.3474115248 81.27
1092.0032451345 81.37
1107.8867980879 81.47
1124.0013826389 81.56
1140.3503592197 81.65
1156.9371371406 81.74
1173.765175302 81.83
1190.8379829148 81.91
1208.1591202326 82.00
1225.7321992942 82.07
1243.5608846767 82.14
1261.6488942595 82.21
1280 82.27
1298.6180287201 82.34
1317.5068629037 82.40
1336.6704415071 82.46
1356.1127607799 82.51
1375.8378750985 82.56
1395.8498978116 82.61
1416.1530020977 82.67
1436.751421836 82.72
1457.6494524886 82.78
1478.8514519966 82.83
1500.3618416887 82.89
1522.1851072035 82.95
1544.3257994247 83.02
1566.78853543 83.09
1589.5779994541 83.17
1612.6989438655 83.26
1636.1561901574 83.34
1659.9546299533 83.44
1684.0992260271 83.55
1708.5950133377 83.67
1733.4471000793 83.79
1758.6606687464 83.93
1784.2409772148 84.07
1810.1933598376 84.22
1836.5232285581 84.38
1863.2360740381 84.55
1890.3374668026 84.73
1917.8330584022 84.91
1945.7285825909 85.08
1974.0298565222 85.25
2002.742781962 85.41
2031.8733465194 85.58
2061.4276248951 85.74
2091.4117801487 85.90
2121.8320649832 86.02
2152.6948230496 86.10
2184.0064902691 86.15
2215.7735961758 86.16
2248.0027652779 86.16
2280.7007184393 86.12
2313.8742742813 86.06
2347.530350604 85.97
2381.6759658296 85.86
2416.3182404652 85.73
2451.4643985884 85.60
2487.1217693533 85.46
2523.297788519 85.31
2560.0000000001 85.16
2597.2360574402 85.01
2635.0137258074 84.86
2673.3408830143 84.73
2712.2255215599 84.60
2751.6757501971 84.48
2791.6997956232 84.37
2832.3060041955 84.26
2873.5028436721 84.16
2915.2989049772 84.07
2957.7029039931 83.98
3000.7236833774 83.91
3044.3702144071 83.87
3088.6515988494 83.85
3133.57707086 83.83
3179.1559989082 83.84
3225.397887731 83.86
3272.3123803148 83.89
3319.9092599067 83.94
3368.1984520542 84.00
3417.1900266754 84.06
3466.8942001586 84.15
3517.3213374928 84.25
3568.4819544296 84.37
3620.3867196753 84.50
3673.0464571163 84.65
3726.4721480761 84.81
3780.6749336053 84.98
3835.6661168044 85.17
3891.4571651819 85.37
3948.0597130445 85.58
4005.4855639241 85.79
4063.7466930387 85.99
4122.8552497902 86.18
4182.8235602974 86.37
4243.6641299665 86.55
4305.3896460992 86.74
4368.0129805382 86.92
4431.5471923516 87.09
4496.0055305558 87.25
4561.4014368787 87.37
4627.7485485626 87.47
4695.0607012081 87.52
4763.3519316592 87.51
4832.6364809305 87.41
4902.9287971769 87.20
4974.2435387067 86.88
5046.595577038 86.47
5120.0000000002 86.00
5194.4721148803 85.52
5270.0274516149 85.04
5346.6817660286 84.60
5424.4510431198 84.18
5503.3515003942 83.78
5583.3995912463 83.41
5664.6120083911 83.06
5747.0056873442 82.71
5830.5978099545 82.36
5915.4058079863 82.03
6001.4473667548 81.72
6088.7404288142 81.46
6177.3031976989 81.26
6267.1541417201 81.09
6358.3119978165 80.96
6450.795775462 80.82
6544.6247606297 80.67
6639.8185198134 80.50
6736.3969041085 80.28
6834.3800533509 80.01
6933.7884003172 79.71
7034.6426749857 79.42
7136.9639088592 79.15
7240.7734393506 78.91
7346.0929142326 78.70
7452.9442961523 78.53
7561.3498672106 78.41
7671.3322336089 78.33
7782.9143303638 78.31
7896.119426089 78.37
8010.9711278481 78.53
8127.4933860775 78.81
8245.7104995805 79.21
8365.6471205948 79.74
8487.328259933 80.35
8610.7792921984 81.00
8736.0259610765 81.64
8863.0943847033 82.15
8992.0110611117 82.47
9122.8028737575 82.53
9255.4970971253 82.34
9390.1214024162 81.98
9526.7038633184 81.56
9665.272961861 81.14
9805.8575943538 80.74
9948.4870774134 80.41
10093.191154076 80.14
10240.0000000005 79.93
10388.9442297607 79.78
10540.0549032298 79.69
10693.3635320572 79.64
10848.9020862397 79.62
11006.7030007884 79.63
11166.7991824927 79.67
11329.2240167822 79.77
11494.0113746885 79.93
11661.1956199091 80.19
11830.8116159726 80.54
12002.8947335097 81.02
12177.4808576284 81.58
12354.6063953979 82.20
12534.3082834402 82.77
12716.6239956331 83.13
12901.5915509241 83.07
13089.2495212594 82.77
13279.637039627 82.17
13472.7938082171 81.32
13668.7601067018 80.37
13867.5768006344 79.44
14069.2853499715 78.59
14273.9278177184 77.81
14481.5468787012 77.14
14692.1858284653 76.59
14905.8885923047 76.15
15122.6997344212 75.86
15342.6644672179 75.76
15565.8286607277 75.88
15792.2388521781 76.24
16021.9422556964 76.83
16254.9867721551 77.66
16491.4209991611 78.69
16731.2942411897 79.79
16974.656519866 80.81
17221.5585843969 81.59
17472.0519221531 82.00
17726.1887694067 82.04
17984.0221222235 81.83
18245.605747515 81.58
18510.9941942506 81.37
18780.2428048326 80.92
19053.4077266369 79.72
19330.545923722 77.48
19611.7151887077 75.73
19896.9741548268 75.73
20186.382308152 75.73
