20.000000	91.044
20.290907	91.061
20.586045	91.078
20.885476	91.093
21.189262	91.107
21.497467	91.119
21.810155	91.129
22.127391	91.137
22.449241	91.143
22.775773	91.147
23.107054	91.149
23.443154	91.150
23.784142	91.151
24.130091	91.152
24.481071	91.149
24.837156	91.144
25.198421	91.136
25.564940	91.125
25.936791	91.115
26.314050	91.103
26.696797	91.091
27.085111	91.077
27.479073	91.059
27.878765	91.039
28.284271	91.018
28.695675	90.998
29.113064	90.977
29.536523	90.956
29.966142	90.933
30.402009	90.907
30.844217	90.879
31.292856	90.850
31.748021	90.820
32.209807	90.788
32.678309	90.754
33.153626	90.719
33.635857	90.685
34.125101	90.649
34.621462	90.610
35.125043	90.569
35.635949	90.530
36.154286	90.490
36.680162	90.446
37.213687	90.399
37.754973	90.354
38.304131	90.310
38.861278	90.266
39.426528	90.216
40.000000	90.160
40.581813	90.105
41.172089	90.053
41.770951	90.003
42.378524	89.948
42.994934	89.892
43.620309	89.839
44.254781	89.787
44.898482	89.731
45.551545	89.668
46.214108	89.604
46.886308	89.544
47.568285	89.487
48.260181	89.428
48.962142	89.363
49.674312	89.294
50.396842	89.229
51.129881	89.167
51.873582	89.105
52.628101	89.037
53.393594	88.965
54.170222	88.893
54.958146	88.826
55.757531	88.763
56.568542	88.696
57.391351	88.623
58.226127	88.546
59.073046	88.470
59.932283	88.395
60.804018	88.328
61.688433	88.265
62.585712	88.193
63.496042	88.114
64.419613	88.033
65.356618	87.949
66.307252	87.867
67.271713	87.792
68.250203	87.723
69.242925	87.652
70.250086	87.576
71.271897	87.500
72.308571	87.418
73.360323	87.334
74.427374	87.255
75.509945	87.177
76.608262	87.096
77.722555	87.014
78.853056	86.935
80.000000	86.851
81.163627	86.767
82.344179	86.680
83.541903	86.599
84.757048	86.523
85.989867	86.444
87.240619	86.361
88.509563	86.277
89.796964	86.194
91.103091	86.116
92.428216	86.041
93.772615	85.967
95.136569	85.890
96.520362	85.811
97.924283	85.727
99.348625	85.641
100.793684	85.555
102.259762	85.472
103.747164	85.393
105.256202	85.316
106.787188	85.238
108.340444	85.154
109.916292	85.066
111.515061	84.975
113.137085	84.886
114.782702	84.800
116.452255	84.718
118.146092	84.635
119.864566	84.549
121.608036	84.460
123.376866	84.368
125.171424	84.276
126.992084	84.186
128.839227	84.100
130.713236	84.014
132.614504	83.929
134.543426	83.852
136.500406	83.782
138.485850	83.716
140.500173	83.643
142.543795	83.563
144.617142	83.481
146.720647	83.405
148.854748	83.333
151.019890	83.260
153.216525	83.183
155.445111	83.104
157.706112	83.030
160.000000	82.959
162.327254	82.887
164.688358	82.813
167.083805	82.740
169.514095	82.668
171.979734	82.596
174.481237	82.525
177.019125	82.453
179.593928	82.380
182.206182	82.310
184.856431	82.242
187.545230	82.175
190.273138	82.107
193.040725	82.040
195.848567	81.976
198.697250	81.911
201.587368	81.847
204.519524	81.781
207.494329	81.715
210.512403	81.650
213.574377	81.586
216.680888	81.524
219.832584	81.462
223.030122	81.401
226.274170	81.340
229.565404	81.279
232.904509	81.220
236.292183	81.160
239.729132	81.101
243.216073	81.040
246.753732	80.981
250.342848	80.925
253.984168	80.869
257.678453	80.816
261.426473	80.762
265.229008	80.709
269.086853	80.657
273.000811	80.604
276.971700	80.551
281.000346	80.499
285.087590	80.447
289.234284	80.395
293.441294	80.344
297.709496	80.296
302.039780	80.247
306.433050	80.198
310.890221	80.150
315.412224	80.104
320.000000	80.057
324.654507	80.010
329.376716	79.964
334.167610	79.917
339.028190	79.871
343.959469	79.827
348.962474	79.785
354.038251	79.744
359.187855	79.703
364.412363	79.663
369.712863	79.624
375.090460	79.583
380.546277	79.544
386.081450	79.504
391.697134	79.465
397.394500	79.426
403.174736	79.387
409.039048	79.350
414.988657	79.314
421.024807	79.277
427.148753	79.238
433.361775	79.200
439.665167	79.163
446.060244	79.126
452.548340	79.088
459.130807	79.050
465.809019	79.013
472.584367	78.979
479.458265	78.948
486.432146	78.920
493.507464	78.898
500.685695	78.878
507.968337	78.861
515.356906	78.845
522.852945	78.826
530.458016	78.803
538.173706	78.776
546.001623	78.748
553.943399	78.720
562.000691	78.691
570.175180	78.661
578.468569	78.631
586.882588	78.600
595.418991	78.569
604.079560	78.539
612.866100	78.509
621.780442	78.480
630.824447	78.447
640.000000	78.416
649.309014	78.387
658.753431	78.362
668.335221	78.339
678.056380	78.313
687.918938	78.283
697.924949	78.253
708.076501	78.225
718.375711	78.197
728.824726	78.169
739.425726	78.141
750.180921	78.115
761.092554	78.087
772.162900	78.061
783.394268	78.036
794.789000	78.012
806.349472	77.988
818.078095	77.965
829.977315	77.944
842.049613	77.927
854.297507	77.912
866.723550	77.901
879.330334	77.898
892.120489	77.910
905.096680	77.934
918.261614	77.974
931.618037	78.030
945.168733	78.104
958.916529	78.199
972.864291	78.316
987.014928	78.456
1001.371391	78.615
1015.936673	78.790
1030.713812	78.976
1045.705890	79.169
1060.916032	79.365
1076.347412	79.558
1092.003245	79.749
1107.886798	79.935
1124.001383	80.112
1140.350359	80.281
1156.937137	80.438
1173.765175	80.589
1190.837983	80.725
1208.159120	80.861
1225.732199	80.989
1243.560885	81.113
1261.648894	81.225
1280.000000	81.331
1298.618029	81.427
1317.506863	81.524
1336.670442	81.613
1356.112761	81.698
1375.837875	81.782
1395.849898	81.862
1416.153002	81.939
1436.751422	82.016
1457.649452	82.092
1478.851452	82.168
1500.361842	82.244
1522.185107	82.321
1544.325799	82.399
1566.788535	82.479
1589.577999	82.559
1612.698944	82.640
1636.156190	82.723
1659.954630	82.814
1684.099226	82.912
1708.595013	83.010
1733.447100	83.109
1758.660669	83.212
1784.240977	83.319
1810.193360	83.430
1836.523229	83.545
1863.236074	83.663
1890.337467	83.785
1917.833058	83.911
1945.728583	84.040
1974.029857	84.172
2002.742782	84.307
2031.873347	84.443
2061.427625	84.580
2091.411780	84.718
2121.832065	84.856
2152.694823	84.992
2184.006490	85.124
2215.773596	85.249
2248.002765	85.373
2280.700718	85.497
2313.874274	85.612
2347.530351	85.726
2381.675966	85.842
2416.318240	85.947
2451.464399	86.022
2487.121769	86.074
2523.297789	86.104
2560.000000	86.117
2597.236057	86.112
2635.013726	86.090
2673.340883	86.049
2712.225522	85.992
2751.675750	85.917
2791.699796	85.828
2832.306004	85.726
2873.502844	85.613
2915.298905	85.491
2957.702904	85.362
3000.723683	85.225
3044.370214	85.080
3088.651599	84.939
3133.577071	84.799
3179.155999	84.651
3225.397888	84.492
3272.312380	84.316
3319.909260	84.114
3368.198452	83.889
3417.190027	83.670
3466.894200	83.479
3517.321337	83.321
3568.481954	83.191
3620.386720	83.091
3673.046457	83.017
3726.472148	82.963
3780.674934	82.930
3835.666117	82.909
3891.457165	82.902
3948.059713	82.899
4005.485564	82.886
4063.746693	82.838
4122.855250	82.711
4182.823560	82.446
4243.664130	81.995
4305.389646	81.373
4368.012981	80.678
4431.547192	80.140
4496.005531	79.880
4561.401437	79.920
4627.748549	80.122
4695.060701	80.401
4763.351932	80.701
4832.636481	81.001
4902.928797	81.293
4974.243539	81.576
5046.595577	81.851
5120.000000	82.118
5194.472115	82.374
5270.027452	82.616
5346.681766	82.840
5424.451043	83.036
5503.351500	83.197
5583.399591	83.313
5664.612008	83.372
5747.005687	83.390
5830.597810	83.369
5915.405808	83.306
6001.447367	83.193
6088.740429	83.029
6177.303198	82.827
6267.154142	82.584
6358.311998	82.340
6450.795775	82.136
6544.624761	81.981
6639.818520	81.863
6736.396904	81.778
6834.380053	81.734
6933.788400	81.738
7034.642675	81.808
7136.963909	81.968
7240.773439	82.245
7346.092914	82.654
7452.944296	83.191
7561.349867	83.834
7671.332234	84.518
7782.914330	85.174
7896.119426	85.713
8010.971128	86.001
8127.493386	85.959
8245.710500	85.595
8365.647121	84.984
8487.328260	84.260
8610.779292	83.516
8736.025961	82.840
8863.094385	82.277
8992.011061	81.852
9122.802874	81.584
9255.497097	81.475
9390.121402	81.510
9526.703863	81.665
9665.272962	81.877
9805.857594	82.044
9948.487077	82.042
10093.191154	81.731
10240.000000	81.097
10388.944230	80.182
10540.054903	79.097
10693.363532	77.999
10848.902086	77.005
11006.703001	76.184
11166.799182	75.573
11329.224017	75.288
11494.011375	75.303
11661.195620	75.739
11830.811616	76.317
12002.894734	77.006
12177.480858	77.673
12354.606395	78.266
12534.308283	78.822
12716.623996	79.368
12901.591551	79.928
13089.249521	80.491
13279.637040	80.891
13472.793808	80.960
13668.760107	80.550
13867.576801	79.656
14069.285350	78.429
14273.927818	77.075
14481.546879	75.795
14692.185828	74.734
14905.888592	73.912
15122.699734	73.360
15342.664467	73.094
15565.828661	73.123
15792.238852	73.450
16021.942256	74.038
16254.986772	74.819
16491.420999	75.648
16731.294241	76.310
16974.656520	76.590
17221.558584	76.273
17472.051922	75.267
17726.188769	73.752
17984.022122	72.128
18245.605748	70.835
18510.994194	70.271
18780.242805	70.553
19053.407727	71.375
19330.545924	72.226
19611.715189	72.608
19896.974155	72.608
20186.382308	72.608
