20 91.25
20.2909066988 91.25
20.5860447329 91.24
20.8854756485 91.24
21.1892618872 91.23
21.4974667984 91.21
21.8101546533 91.20
22.1273906578 91.19
22.4492409662 91.17
22.7757726951 91.15
23.1070539374 91.14
23.4431537764 91.11
23.7841423001 91.09
24.130090616 91.07
24.4810708661 91.04
24.8371562415 91.01
25.1984209979 90.98
25.5649404712 90.95
25.936791093 90.91
26.3140504067 90.87
26.6967970834 90.83
27.0851109387 90.78
27.4790729492 90.75
27.878765269 90.71
28.2842712475 90.68
28.6956754462 90.64
29.1130636568 90.60
29.5365229188 90.56
29.9661415375 90.51
30.402009103 90.46
30.8442165082 90.41
31.2928559682 90.36
31.7480210394 90.31
32.209806639 90.25
32.6783090648 90.20
33.1536260154 90.14
33.6358566101 90.08
34.1251014105 90.03
34.6214624402 89.97
35.1250432075 89.91
35.6359487256 89.85
36.1542855356 89.79
36.6801617282 89.72
37.2136869661 89.66
37.7549725073 89.60
38.3041312279 89.53
38.8612776461 89.46
39.4265279456 89.40
40 89.33
40.5818133975 89.26
41.1720894657 89.18
41.7709512971 89.10
42.3785237744 89.03
42.9949335968 88.96
43.6203093066 88.89
44.2547813156 88.82
44.8984819324 88.75
45.5515453903 88.67
46.2141078749 88.60
46.8863075528 88.52
47.5682846001 88.44
48.260181232 88.36
48.9621417322 88.27
49.6743124829 88.19
50.3968419958 88.12
51.1298809424 88.05
51.873582186 87.97
52.6281008133 87.90
53.3935941668 87.83
54.1702218775 87.75
54.9581458983 87.66
55.757530538 87.58
56.5685424949 87.50
57.3913508924 87.43
58.2261273137 87.36
59.0730458376 87.27
59.9322830751 87.19
60.804018206 87.11
61.6884330163 87.03
62.5857119363 86.95
63.4960420787 86.88
64.419613278 86.80
65.3566181296 86.73
66.3072520307 86.64
67.2717132203 86.53
68.2502028209 86.44
69.2429248805 86.37
70.2500864149 86.30
71.2718974512 86.23
72.3085710713 86.14
73.3603234564 86.04
74.4273739322 85.94
75.5099450145 85.86
76.6082624559 85.80
77.7225552923 85.75
78.8530558912 85.67
80 85.58
81.163626795 85.52
82.3441789315 85.45
83.5419025942 85.37
84.7570475487 85.29
85.9898671937 85.21
87.2406186132 85.12
88.5095626311 85.05
89.7969638648 85.01
91.1030907805 84.95
92.4282157498 84.87
93.7726151055 84.78
95.1365692002 84.70
96.520362464 84.65
97.9242834644 84.58
99.3486249659 84.48
100.7936839916 84.38
102.2597618848 84.30
103.7471643721 84.25
105.2562016267 84.19
106.7871883336 84.13
108.340443755 84.07
109.9162917966 84.02
111.5150610759 83.97
113.1370849898 83.90
114.7827017849 83.82
116.4522546274 83.74
118.1460916752 83.67
119.8645661501 83.61
121.6080364119 83.56
123.3768660326 83.52
125.1714238726 83.49
126.9920841575 83.45
128.8392265559 83.40
130.7132362593 83.35
132.6145040614 83.29
134.5434264406 83.23
136.5004056418 83.17
138.485849761 83.13
140.5001728299 83.07
142.5437949025 82.99
144.6171421426 82.89
146.7206469127 82.83
148.8547478643 82.81
151.0198900291 82.80
153.2165249118 82.76
155.4451105846 82.69
157.7061117824 82.62
160 82.58
162.32725359 82.53
164.688357863 82.48
167.0838051884 82.42
169.5140950975 82.38
171.9797343873 82.34
174.4812372264 82.30
177.0191252622 82.26
179.5939277295 82.22
182.2061815611 82.18
184.8564314996 82.13
187.5452302111 82.08
190.2731384004 82.03
193.0407249281 81.99
195.8485669287 81.96
198.6972499318 81.93
201.5873679832 81.89
204.5195237697 81.83
207.4943287442 81.77
210.5124032534 81.74
213.5743766672 81.72
216.6808875099 81.69
219.8325835933 81.65
223.0301221518 81.61
226.2741699797 81.57
229.5654035698 81.53
232.9045092548 81.49
236.2921833503 81.45
239.7291323003 81.42
243.2160728239 81.38
246.7537320653 81.35
250.3428477452 81.32
253.9841683149 81.28
257.6784531119 81.25
261.4264725186 81.21
265.2290081229 81.17
269.0868528812 81.14
273.0008112836 81.11
276.971699522 81.07
281.0003456597 81.03
285.0875898049 81.00
289.2342842852 80.97
293.4412938255 80.93
297.7094957287 80.90
302.0397800581 80.86
306.4330498235 80.83
310.8902211692 80.80
315.4122235649 80.76
320 80.73
324.65450718 80.69
329.3767157259 80.66
334.1676103768 80.63
339.028190195 80.60
343.9594687746 80.56
348.9624744529 80.53
354.0382505244 80.50
359.187855459 80.46
364.4123631221 80.43
369.7128629991 80.40
375.0904604222 80.36
380.5462768009 80.33
386.0814498562 80.30
391.6971338575 80.26
397.3944998635 80.23
403.1747359664 80.20
409.0390475393 80.16
414.9886574883 80.13
421.0248065068 80.09
427.1487533344 80.06
433.3617750198 80.02
439.6651671866 80.00
446.0602443037 79.97
452.5483399594 79.94
459.1308071395 79.91
465.8090185095 79.88
472.5843667007 79.85
479.4582646005 79.82
486.4321456477 79.79
493.5074641306 79.76
500.6856954905 79.72
507.9683366298 79.68
515.3569062238 79.65
522.8529450372 79.62
530.4580162458 79.60
538.1737057624 79.57
546.0016225673 79.54
553.9433990439 79.51
562.0006913195 79.48
570.1751796098 79.45
578.4685685703 79.43
586.882587651 79.41
595.4189914574 79.38
604.0795601163 79.35
612.8660996471 79.33
621.7804423383 79.31
630.8244471297 79.29
640 79.27
649.30901436 79.26
658.7534314519 79.24
668.3352207536 79.23
678.05638039 79.22
687.9189375493 79.21
697.9249489058 79.21
708.0765010489 79.20
718.375710918 79.20
728.8247262443 79.20
739.4257259983 79.20
750.1809208443 79.20
761.0925536018 79.22
772.1628997124 79.24
783.394267715 79.26
794.7889997271 79.28
806.3494719327 79.30
818.0780950787 79.33
829.9773149767 79.37
842.0496130136 79.41
854.2975066688 79.46
866.7235500396 79.52
879.3303343732 79.57
892.1204886074 79.63
905.0966799188 79.70
918.2616142791 79.78
931.618037019 79.86
945.1687334013 79.95
958.9165292011 80.04
972.8642912955 80.13
987.0149282611 80.23
1001.371390981 80.33
1015.9366732597 80.44
1030.7138124476 80.54
1045.7058900743 80.65
1060.9160324916 80.76
1076.3474115248 80.86
1092.0032451345 80.97
1107.8867980879 81.08
1124.0013826389 81.19
1140.3503592197 81.29
1156.9371371406 81.39
1173.765175302 81.48
1190.8379829148 81.57
1208.1591202326 81.67
1225.7321992942 81.76
1243.5608846767 81.84
1261.6488942595 81.93
1280 82.00
1298.6180287201 82.08
1317.5068629037 82.15
1336.6704415071 82.23
1356.1127607799 82.30
1375.8378750985 82.38
1395.8498978116 82.45
1416.1530020977 82.52
1436.751421836 82.59
1457.6494524886 82.66
1478.8514519966 82.74
1500.3618416887 82.82
1522.1851072035 82.90
1544.3257994247 82.98
1566.78853543 83.06
1589.5779994541 83.15
1612.6989438655 83.24
1636.1561901574 83.34
1659.9546299533 83.44
1684.0992260271 83.54
1708.5950133377 83.64
1733.4471000793 83.75
1758.6606687464 83.87
1784.2409772148 83.99
1810.1933598376 84.12
1836.5232285581 84.25
1863.2360740381 84.39
1890.3374668026 84.53
1917.8330584022 84.68
1945.7285825909 84.84
1974.0298565222 85.00
2002.742781962 85.17
2031.8733465194 85.35
2061.4276248951 85.53
2091.4117801487 85.71
2121.8320649832 85.90
2152.6948230496 86.11
2184.0064902691 86.31
2215.7735961758 86.52
2248.0027652779 86.73
2280.7007184393 86.94
2313.8742742813 87.16
2347.530350604 87.38
2381.6759658296 87.60
2416.3182404652 87.81
2451.4643985884 88.02
2487.1217693533 88.21
2523.297788519 88.39
2560.0000000001 88.55
2597.2360574402 88.70
2635.0137258074 88.83
2673.3408830143 88.93
2712.2255215599 89.00
2751.6757501971 89.06
2791.6997956232 89.09
2832.3060041955 89.12
2873.5028436721 89.14
2915.2989049772 89.15
2957.7029039931 89.15
3000.7236833774 89.12
3044.3702144071 89.08
3088.6515988494 89.03
3133.57707086 88.95
3179.1559989082 88.87
3225.397887731 88.76
3272.3123803148 88.63
3319.9092599067 88.49
3368.1984520542 88.33
3417.1900266754 88.17
3466.8942001586 87.99
3517.3213374928 87.79
3568.4819544296 87.58
3620.3867196753 87.36
3673.0464571163 87.13
3726.4721480761 86.90
3780.6749336053 86.68
3835.6661168044 86.46
3891.4571651819 86.26
3948.0597130445 86.07
4005.4855639241 85.90
4063.7466930387 85.75
4122.8552497902 85.63
4182.8235602974 85.53
4243.6641299665 85.46
4305.3896460992 85.41
4368.0129805382 85.37
4431.5471923516 85.35
4496.0055305558 85.35
4561.4014368787 85.35
4627.7485485626 85.37
4695.0607012081 85.38
4763.3519316592 85.39
4832.6364809305 85.40
4902.9287971769 85.40
4974.2435387067 85.40
5046.595577038 85.39
5120.0000000002 85.38
5194.4721148803 85.35
5270.0274516149 85.30
5346.6817660286 85.24
5424.4510431198 85.16
5503.3515003942 85.06
5583.3995912463 84.96
5664.6120083911 84.84
5747.0056873442 84.71
5830.5978099545 84.58
5915.4058079863 84.46
6001.4473667548 84.35
6088.7404288142 84.26
6177.3031976989 84.19
6267.1541417201 84.13
6358.3119978165 84.07
6450.795775462 84.02
6544.6247606297 83.97
6639.8185198134 83.89
6736.3969041085 83.76
6834.3800533509 83.57
6933.7884003172 83.29
7034.6426749857 82.89
7136.9639088592 82.39
7240.7734393506 81.88
7346.0929142326 81.40
7452.9442961523 80.96
7561.3498672106 80.61
7671.3322336089 80.49
7782.9143303638 80.63
7896.119426089 81.02
8010.9711278481 81.55
8127.4933860775 82.03
8245.7104995805 82.32
8365.6471205948 82.30
8487.328259933 82.02
8610.7792921984 81.56
8736.0259610765 80.99
8863.0943847033 80.44
8992.0110611117 79.93
9122.8028737575 79.52
9255.4970971253 79.22
9390.1214024162 79.04
9526.7038633184 79.01
9665.272961861 79.12
9805.8575943538 79.39
9948.4870774134 79.80
10093.191154076 80.37
10240.0000000005 81.07
10388.9442297607 81.85
10540.0549032298 82.60
10693.3635320572 83.17
10848.9020862397 83.39
11006.7030007884 83.15
11166.7991824927 82.50
11329.2240167822 81.53
11494.0113746885 80.46
11661.1956199091 79.47
11830.8116159726 78.63
12002.8947335097 78.03
12177.4808576284 77.60
12354.6063953979 77.39
12534.3082834402 77.29
12716.6239956331 77.28
12901.5915509241 77.33
13089.2495212594 77.41
13279.637039627 77.54
13472.7938082171 77.72
13668.7601067018 77.96
13867.5768006344 78.23
14069.2853499715 78.49
14273.9278177184 78.70
14481.5468787012 78.76
14692.1858284653 78.57
14905.8885923047 78.19
15122.6997344212 77.65
15342.6644672179 77.04
15565.8286607277 76.45
15792.2388521781 75.99
16021.9422556964 75.75
16254.9867721551 75.81
16491.4209991611 76.28
16731.2942411897 77.02
16974.656519866 77.56
17221.5585843969 77.17
17472.0519221531 75.45
17726.1887694067 72.63
17984.0221222235 69.44
18245.605747515 66.48
18510.9941942506 63.91
18780.2428048326 61.53
19053.4077266369 59.19
19330.545923722 57.04
19611.7151887077 55.88
19896.9741548268 55.88
20186.382308152 55.88
