20.000000	89.099
20.290907	89.138
20.586045	89.177
20.885476	89.214
21.189262	89.250
21.497467	89.282
21.810155	89.312
22.127391	89.338
22.449241	89.362
22.775773	89.384
23.107054	89.406
23.443154	89.428
23.784142	89.450
24.130091	89.472
24.481071	89.494
24.837156	89.513
25.198421	89.530
25.564940	89.546
25.936791	89.560
26.314050	89.575
26.696797	89.591
27.085111	89.608
27.479073	89.623
27.878765	89.635
28.284271	89.646
28.695675	89.656
29.113064	89.665
29.536523	89.672
29.966142	89.675
30.402009	89.677
30.844217	89.679
31.292856	89.683
31.748021	89.688
32.209807	89.692
32.678309	89.692
33.153626	89.689
33.635857	89.687
34.125101	89.688
34.621462	89.688
35.125043	89.686
35.635949	89.683
36.154286	89.681
36.680162	89.678
37.213687	89.673
37.754973	89.663
38.304131	89.651
38.861278	89.643
39.426528	89.640
40.000000	89.634
40.581813	89.622
41.172089	89.606
41.770951	89.594
42.378524	89.583
42.994934	89.567
43.620309	89.543
44.254781	89.515
44.898482	89.492
45.551545	89.473
46.214108	89.456
46.886308	89.441
47.568285	89.433
48.260181	89.432
48.962142	89.428
49.674312	89.414
50.396842	89.384
51.129881	89.346
51.873582	89.306
52.628101	89.268
53.393594	89.230
54.170222	89.192
54.958146	89.161
55.757531	89.149
56.568542	89.146
57.391351	89.135
58.226127	89.109
59.073046	89.080
59.932283	89.051
60.804018	89.013
61.688433	88.975
62.585712	88.940
63.496042	88.908
64.419613	88.881
65.356618	88.853
66.307252	88.817
67.271713	88.769
68.250203	88.714
69.242925	88.671
70.250086	88.638
71.271897	88.599
72.308571	88.563
73.360323	88.534
74.427374	88.508
75.509945	88.477
76.608262	88.434
77.722555	88.384
78.853056	88.331
80.000000	88.285
81.163627	88.245
82.344179	88.202
83.541903	88.154
84.757048	88.104
85.989867	88.055
87.240619	88.009
88.509563	87.963
89.796964	87.919
91.103091	87.880
92.428216	87.841
93.772615	87.794
95.136569	87.741
96.520362	87.692
97.924283	87.646
99.348625	87.597
100.793684	87.544
102.259762	87.491
103.747164	87.440
105.256202	87.392
106.787188	87.345
108.340444	87.300
109.916292	87.255
111.515061	87.204
113.137085	87.151
114.782702	87.092
116.452255	87.014
118.146092	86.945
119.864566	86.904
121.608036	86.865
123.376866	86.823
125.171424	86.777
126.992084	86.729
128.839227	86.675
130.713236	86.614
132.614504	86.553
134.543426	86.493
136.500406	86.431
138.485850	86.368
140.500173	86.310
142.543795	86.259
144.617142	86.210
146.720647	86.157
148.854748	86.104
151.019890	86.049
153.216525	85.989
155.445111	85.929
157.706112	85.869
160.000000	85.813
162.327254	85.760
164.688358	85.706
167.083805	85.649
169.514095	85.594
171.979734	85.542
174.481237	85.487
177.019125	85.431
179.593928	85.375
182.206182	85.321
184.856431	85.268
187.545230	85.215
190.273138	85.164
193.040725	85.113
195.848567	85.061
198.697250	85.009
201.587368	84.956
204.519524	84.902
207.494329	84.849
210.512403	84.797
213.574377	84.744
216.680888	84.691
219.832584	84.637
223.030122	84.587
226.274170	84.537
229.565404	84.488
232.904509	84.440
236.292183	84.393
239.729132	84.346
243.216073	84.299
246.753732	84.250
250.342848	84.204
253.984168	84.161
257.678453	84.120
261.426473	84.076
265.229008	84.033
269.086853	83.989
273.000811	83.945
276.971700	83.903
281.000346	83.862
285.087590	83.822
289.234284	83.779
293.441294	83.737
297.709496	83.695
302.039780	83.653
306.433050	83.611
310.890221	83.571
315.412224	83.532
320.000000	83.493
324.654507	83.454
329.376716	83.413
334.167610	83.373
339.028190	83.336
343.959469	83.300
348.962474	83.264
354.038251	83.225
359.187855	83.186
364.412363	83.146
369.712863	83.108
375.090460	83.077
380.546277	83.047
386.081450	83.017
391.697134	82.987
397.394500	82.957
403.174736	82.927
409.039048	82.900
414.988657	82.875
421.024807	82.850
427.148753	82.823
433.361775	82.792
439.665167	82.761
446.060244	82.730
452.548340	82.702
459.130807	82.677
465.809019	82.653
472.584367	82.626
479.458265	82.598
486.432146	82.570
493.507464	82.544
500.685695	82.522
507.968337	82.503
515.356906	82.484
522.852945	82.463
530.458016	82.442
538.173706	82.425
546.001623	82.411
553.943399	82.402
562.000691	82.393
570.175180	82.383
578.468569	82.368
586.882588	82.355
595.418991	82.344
604.079560	82.337
612.866100	82.333
621.780442	82.329
630.824447	82.322
640.000000	82.312
649.309014	82.306
658.753431	82.303
668.335221	82.303
678.056380	82.305
687.918938	82.304
697.924949	82.302
708.076501	82.302
718.375711	82.305
728.824726	82.313
739.425726	82.326
750.180921	82.343
761.092554	82.356
772.162900	82.370
783.394268	82.387
794.789000	82.411
806.349472	82.442
818.078095	82.477
829.977315	82.513
842.049613	82.549
854.297507	82.589
866.723550	82.635
879.330334	82.689
892.120489	82.750
905.096680	82.815
918.261614	82.881
931.618037	82.948
945.168733	83.019
958.916529	83.095
972.864291	83.175
987.014928	83.254
1001.371391	83.328
1015.936673	83.398
1030.713812	83.465
1045.705890	83.531
1060.916032	83.599
1076.347412	83.668
1092.003245	83.732
1107.886798	83.791
1124.001383	83.842
1140.350359	83.888
1156.937137	83.933
1173.765175	83.979
1190.837983	84.020
1208.159120	84.058
1225.732199	84.089
1243.560885	84.116
1261.648894	84.141
1280.000000	84.168
1298.618029	84.196
1317.506863	84.224
1336.670442	84.250
1356.112761	84.273
1375.837875	84.296
1395.849898	84.322
1416.153002	84.355
1436.751422	84.391
1457.649452	84.428
1478.851452	84.467
1500.361842	84.506
1522.185107	84.547
1544.325799	84.597
1566.788535	84.654
1589.577999	84.716
1612.698944	84.779
1636.156190	84.845
1659.954630	84.914
1684.099226	84.990
1708.595013	85.074
1733.447100	85.166
1758.660669	85.261
1784.240977	85.360
1810.193360	85.461
1836.523229	85.568
1863.236074	85.684
1890.337467	85.809
1917.833058	85.939
1945.728583	86.073
1974.029857	86.209
2002.742782	86.349
2031.873347	86.493
2061.427625	86.647
2091.411780	86.805
2121.832065	86.965
2152.694823	87.126
2184.006490	87.291
2215.773596	87.462
2248.002765	87.643
2280.700718	87.836
2313.874274	88.036
2347.530351	88.238
2381.675966	88.439
2416.318240	88.638
2451.464399	88.834
2487.121769	89.030
2523.297789	89.220
2560.000000	89.399
2597.236057	89.564
2635.013726	89.713
2673.340883	89.843
2712.225522	89.959
2751.675750	90.057
2791.699796	90.134
2832.306004	90.184
2873.502844	90.210
2915.298905	90.213
2957.702904	90.197
3000.723683	90.167
3044.370214	90.126
3088.651599	90.071
3133.577071	90.003
3179.155999	89.923
3225.397888	89.835
3272.312380	89.747
3319.909260	89.663
3368.198452	89.585
3417.190027	89.513
3466.894200	89.446
3517.321337	89.385
3568.481954	89.332
3620.386720	89.285
3673.046457	89.237
3726.472148	89.182
3780.674934	89.109
3835.666117	89.022
3891.457165	88.913
3948.059713	88.793
4005.485564	88.662
4063.746693	88.534
4122.855250	88.419
4182.823560	88.326
4243.664130	88.265
4305.389646	88.232
4368.012981	88.214
4431.547192	88.181
4496.005531	88.108
4561.401437	87.971
4627.748549	87.789
4695.060701	87.599
4763.351932	87.451
4832.636481	87.378
4902.928797	87.405
4974.243539	87.499
5046.595577	87.651
5120.000000	87.823
5194.472115	87.992
5270.027452	88.125
5346.681766	88.214
5424.451043	88.271
5503.351500	88.316
5583.399591	88.363
5664.612008	88.395
5747.005687	88.377
5830.597810	88.275
5915.405808	88.064
6001.447367	87.746
6088.740429	87.346
6177.303198	86.926
6267.154142	86.512
6358.311998	86.105
6450.795775	85.708
6544.624761	85.335
6639.818520	84.989
6736.396904	84.669
6834.380053	84.379
6933.788400	84.125
7034.642675	83.916
7136.963909	83.756
7240.773439	83.633
7346.092914	83.520
7452.944296	83.408
7561.349867	83.291
7671.332234	83.165
7782.914330	83.052
7896.119426	83.008
8010.971128	83.156
8127.493386	83.611
8245.710500	84.392
8365.647121	85.385
8487.328260	86.395
8610.779292	87.286
8736.025961	87.944
8863.094385	88.327
8992.011061	88.437
9122.802874	88.328
9255.497097	88.082
9390.121402	87.790
9526.703863	87.520
9665.272962	87.318
9805.857594	87.210
9948.487077	87.201
10093.191154	87.276
10240.000000	87.400
10388.944230	87.578
10540.054903	87.825
10693.363532	88.130
10848.902086	88.485
11006.703001	88.856
11166.799182	89.191
11329.224017	89.420
11494.011375	89.561
11661.195620	89.562
11830.811616	89.450
12002.894734	89.177
12177.480858	88.822
12354.606395	88.401
12534.308283	88.007
12716.623996	87.709
12901.591551	87.541
13089.249521	87.431
13279.637040	87.318
13472.793808	87.092
13668.760107	86.593
13867.576801	85.716
14069.285350	84.437
14273.927818	82.895
14481.546879	81.201
14692.185828	79.516
14905.888592	77.926
15122.699734	76.464
15342.664467	75.157
15565.828661	74.022
15792.238852	73.065
16021.942256	72.303
16254.986772	71.752
16491.420999	71.424
16731.294241	71.328
16974.656520	71.499
17221.558584	72.009
17472.051922	72.967
17726.188769	74.500
17984.022122	76.597
18245.605748	78.886
18510.994194	80.507
18780.242805	80.552
19053.407727	78.733
19330.545924	75.432
19611.715189	73.032
19896.974155	73.032
20186.382308	73.032
