20.000000	89.312
20.290907	89.363
20.586045	89.411
20.885476	89.456
21.189262	89.498
21.497467	89.536
21.810155	89.573
22.127391	89.609
22.449241	89.645
22.775773	89.680
23.107054	89.714
23.443154	89.748
23.784142	89.780
24.130091	89.812
24.481071	89.844
24.837156	89.876
25.198421	89.906
25.564940	89.936
25.936791	89.965
26.314050	89.992
26.696797	90.018
27.085111	90.044
27.479073	90.068
27.878765	90.091
28.284271	90.113
28.695675	90.135
29.113064	90.156
29.536523	90.177
29.966142	90.196
30.402009	90.214
30.844217	90.230
31.292856	90.245
31.748021	90.259
32.209807	90.273
32.678309	90.285
33.153626	90.295
33.635857	90.305
34.125101	90.316
34.621462	90.327
35.125043	90.337
35.635949	90.344
36.154286	90.350
36.680162	90.356
37.213687	90.362
37.754973	90.366
38.304131	90.370
38.861278	90.372
39.426528	90.374
40.000000	90.375
40.581813	90.375
41.172089	90.372
41.770951	90.369
42.378524	90.367
42.994934	90.364
43.620309	90.359
44.254781	90.353
44.898482	90.347
45.551545	90.343
46.214108	90.336
46.886308	90.328
47.568285	90.317
48.260181	90.305
48.962142	90.293
49.674312	90.281
50.396842	90.268
51.129881	90.254
51.873582	90.240
52.628101	90.226
53.393594	90.212
54.170222	90.195
54.958146	90.175
55.757531	90.155
56.568542	90.136
57.391351	90.115
58.226127	90.093
59.073046	90.071
59.932283	90.050
60.804018	90.027
61.688433	90.003
62.585712	89.977
63.496042	89.949
64.419613	89.919
65.356618	89.890
66.307252	89.860
67.271713	89.830
68.250203	89.799
69.242925	89.766
70.250086	89.733
71.271897	89.698
72.308571	89.661
73.360323	89.625
74.427374	89.589
75.509945	89.551
76.608262	89.511
77.722555	89.470
78.853056	89.429
80.000000	89.388
81.163627	89.347
82.344179	89.305
83.541903	89.261
84.757048	89.215
85.989867	89.169
87.240619	89.117
88.509563	89.058
89.796964	89.003
91.103091	88.956
92.428216	88.910
93.772615	88.863
95.136569	88.817
96.520362	88.765
97.924283	88.707
99.348625	88.652
100.793684	88.600
102.259762	88.545
103.747164	88.486
105.256202	88.422
106.787188	88.356
108.340444	88.289
109.916292	88.222
111.515061	88.159
113.137085	88.101
114.782702	88.042
116.452255	87.978
118.146092	87.907
119.864566	87.829
121.608036	87.757
123.376866	87.691
125.171424	87.620
126.992084	87.549
128.839227	87.472
130.713236	87.384
132.614504	87.297
134.543426	87.212
136.500406	87.128
138.485850	87.044
140.500173	86.954
142.543795	86.861
144.617142	86.768
146.720647	86.678
148.854748	86.601
151.019890	86.546
153.216525	86.519
155.445111	86.515
157.706112	86.514
160.000000	86.491
162.327254	86.436
164.688358	86.357
167.083805	86.266
169.514095	86.173
171.979734	86.076
174.481237	85.981
177.019125	85.886
179.593928	85.788
182.206182	85.685
184.856431	85.583
187.545230	85.482
190.273138	85.381
193.040725	85.278
195.848567	85.175
198.697250	85.075
201.587368	84.975
204.519524	84.873
207.494329	84.770
210.512403	84.666
213.574377	84.563
216.680888	84.462
219.832584	84.358
223.030122	84.251
226.274170	84.142
229.565404	84.035
232.904509	83.929
236.292183	83.820
239.729132	83.715
243.216073	83.613
246.753732	83.512
250.342848	83.408
253.984168	83.301
257.678453	83.195
261.426473	83.090
265.229008	82.980
269.086853	82.868
273.000811	82.758
276.971700	82.647
281.000346	82.535
285.087590	82.421
289.234284	82.305
293.441294	82.185
297.709496	82.063
302.039780	81.938
306.433050	81.813
310.890221	81.690
315.412224	81.578
320.000000	81.486
324.654507	81.439
329.376716	81.431
334.167610	81.428
339.028190	81.395
343.959469	81.322
348.962474	81.218
354.038251	81.099
359.187855	80.975
364.412363	80.851
369.712863	80.731
375.090460	80.614
380.546277	80.499
386.081450	80.385
391.697134	80.270
397.394500	80.155
403.174736	80.043
409.039048	79.934
414.988657	79.826
421.024807	79.719
427.148753	79.612
433.361775	79.505
439.665167	79.399
446.060244	79.295
452.548340	79.195
459.130807	79.098
465.809019	79.000
472.584367	78.901
479.458265	78.805
486.432146	78.711
493.507464	78.620
500.685695	78.532
507.968337	78.446
515.356906	78.361
522.852945	78.276
530.458016	78.191
538.173706	78.107
546.001623	78.027
553.943399	77.950
562.000691	77.873
570.175180	77.796
578.468569	77.720
586.882588	77.646
595.418991	77.576
604.079560	77.510
612.866100	77.449
621.780442	77.388
630.824447	77.330
640.000000	77.274
649.309014	77.224
658.753431	77.180
668.335221	77.141
678.056380	77.108
687.918938	77.079
697.924949	77.052
708.076501	77.030
718.375711	77.016
728.824726	77.010
739.425726	77.013
750.180921	77.021
761.092554	77.036
772.162900	77.056
783.394268	77.084
794.789000	77.122
806.349472	77.171
818.078095	77.229
829.977315	77.295
842.049613	77.369
854.297507	77.451
866.723550	77.544
879.330334	77.649
892.120489	77.767
905.096680	77.894
918.261614	78.029
931.618037	78.173
945.168733	78.325
958.916529	78.488
972.864291	78.662
987.014928	78.845
1001.371391	79.036
1015.936673	79.232
1030.713812	79.431
1045.705890	79.637
1060.916032	79.849
1076.347412	80.067
1092.003245	80.288
1107.886798	80.509
1124.001383	80.728
1140.350359	80.946
1156.937137	81.163
1173.765175	81.381
1190.837983	81.596
1208.159120	81.811
1225.732199	82.016
1243.560885	82.216
1261.648894	82.410
1280.000000	82.599
1298.618029	82.778
1317.506863	82.958
1336.670442	83.127
1356.112761	83.284
1375.837875	83.429
1395.849898	83.565
1416.153002	83.690
1436.751422	83.810
1457.649452	83.918
1478.851452	84.015
1500.361842	84.097
1522.185107	84.165
1544.325799	84.224
1566.788535	84.273
1589.577999	84.315
1612.698944	84.348
1636.156190	84.370
1659.954630	84.381
1684.099226	84.383
1708.595013	84.379
1733.447100	84.372
1758.660669	84.361
1784.240977	84.344
1810.193360	84.321
1836.523229	84.293
1863.236074	84.262
1890.337467	84.231
1917.833058	84.199
1945.728583	84.168
1974.029857	84.134
2002.742782	84.096
2031.873347	84.055
2061.427625	84.013
2091.411780	83.972
2121.832065	83.930
2152.694823	83.885
2184.006490	83.836
2215.773596	83.778
2248.002765	83.715
2280.700718	83.646
2313.874274	83.571
2347.530351	83.490
2381.675966	83.403
2416.318240	83.312
2451.464399	83.228
2487.121769	83.155
2523.297789	83.095
2560.000000	83.032
2597.236057	82.955
2635.013726	82.857
2673.340883	82.734
2712.225522	82.597
2751.675750	82.449
2791.699796	82.299
2832.306004	82.151
2873.502844	82.008
2915.298905	81.874
2957.702904	81.757
3000.723683	81.666
3044.370214	81.628
3088.651599	81.652
3133.577071	81.743
3179.155999	81.911
3225.397888	82.138
3272.312380	82.407
3319.909260	82.692
3368.198452	82.965
3417.190027	83.199
3466.894200	83.385
3517.321337	83.518
3568.481954	83.608
3620.386720	83.670
3673.046457	83.719
3726.472148	83.766
3780.674934	83.821
3835.666117	83.882
3891.457165	83.941
3948.059713	83.996
4005.485564	84.035
4063.746693	84.071
4122.855250	84.125
4182.823560	84.228
4243.664130	84.396
4305.389646	84.607
4368.012981	84.828
4431.547192	85.021
4496.005531	85.157
4561.401437	85.187
4627.748549	85.100
4695.060701	84.845
4763.351932	84.434
4832.636481	83.873
4902.928797	83.186
4974.243539	82.438
5046.595577	81.679
5120.000000	80.964
5194.472115	80.353
5270.027452	79.908
5346.681766	79.664
5424.451043	79.648
5503.351500	79.877
5583.399591	80.342
5664.612008	81.007
5747.005687	81.797
5830.597810	82.671
5915.405808	83.569
6001.447367	84.412
6088.740429	85.075
6177.303198	85.500
6267.154142	85.666
6358.311998	85.589
6450.795775	85.352
6544.624761	85.022
6639.818520	84.672
6736.396904	84.361
6834.380053	84.125
6933.788400	83.986
7034.642675	83.959
7136.963909	84.055
7240.773439	84.283
7346.092914	84.648
7452.944296	85.157
7561.349867	85.816
7671.332234	86.599
7782.914330	87.462
7896.119426	88.327
8010.971128	89.026
8127.493386	89.362
8245.710500	89.202
8365.647121	88.518
8487.328260	87.500
8610.779292	86.313
8736.025961	85.132
8863.094385	84.056
8992.011061	83.127
9122.802874	82.367
9255.497097	81.784
9390.121402	81.380
9526.703863	81.167
9665.272962	81.135
9805.857594	81.235
9948.487077	81.410
10093.191154	81.634
10240.000000	81.883
10388.944230	82.088
10540.054903	82.128
10693.363532	81.968
10848.902086	81.676
11006.703001	81.472
11166.799182	81.534
11329.224017	81.945
11494.011375	82.527
11661.195620	83.129
11830.811616	83.615
12002.894734	83.904
12177.480858	84.083
12354.606395	84.171
12534.308283	84.298
12716.623996	84.547
12901.591551	84.871
13089.249521	85.196
13279.637040	85.163
13472.793808	84.507
13668.760107	83.115
13867.576801	81.152
14069.285350	78.974
14273.927818	76.824
14481.546879	74.941
14692.185828	73.378
14905.888592	71.980
15122.699734	70.676
15342.664467	69.475
15565.828661	68.464
15792.238852	67.746
16021.942256	67.359
16254.986772	67.313
16491.420999	67.621
16731.294241	68.278
16974.656520	69.262
17221.558584	70.514
17472.051922	71.872
17726.188769	73.073
17984.022122	73.835
18245.605748	74.019
18510.994194	73.635
18780.242805	72.689
19053.407727	71.031
19330.545924	68.530
19611.715189	66.699
19896.974155	66.699
20186.382308	66.699
