20.000000	90.594
20.290907	90.626
20.586045	90.656
20.885476	90.685
21.189262	90.715
21.497467	90.745
21.810155	90.775
22.127391	90.801
22.449241	90.825
22.775773	90.845
23.107054	90.864
23.443154	90.884
23.784142	90.907
24.130091	90.931
24.481071	90.952
24.837156	90.966
25.198421	90.969
25.564940	90.964
25.936791	90.959
26.314050	90.963
26.696797	90.984
27.085111	91.015
27.479073	91.050
27.878765	91.076
28.284271	91.088
28.695675	91.093
29.113064	91.095
29.536523	91.100
29.966142	91.108
30.402009	91.114
30.844217	91.113
31.292856	91.109
31.748021	91.104
32.209807	91.098
32.678309	91.093
33.153626	91.088
33.635857	91.082
34.125101	91.072
34.621462	91.060
35.125043	91.047
35.635949	91.037
36.154286	91.031
36.680162	91.024
37.213687	91.011
37.754973	90.998
38.304131	90.986
38.861278	90.974
39.426528	90.955
40.000000	90.920
40.581813	90.884
41.172089	90.859
41.770951	90.843
42.378524	90.823
42.994934	90.798
43.620309	90.767
44.254781	90.730
44.898482	90.691
45.551545	90.653
46.214108	90.621
46.886308	90.590
47.568285	90.556
48.260181	90.522
48.962142	90.486
49.674312	90.445
50.396842	90.399
51.129881	90.354
51.873582	90.311
52.628101	90.267
53.393594	90.222
54.170222	90.174
54.958146	90.125
55.757531	90.075
56.568542	90.023
57.391351	89.967
58.226127	89.909
59.073046	89.854
59.932283	89.799
60.804018	89.740
61.688433	89.684
62.585712	89.626
63.496042	89.562
64.419613	89.496
65.356618	89.434
66.307252	89.370
67.271713	89.299
68.250203	89.227
69.242925	89.158
70.250086	89.092
71.271897	89.023
72.308571	88.943
73.360323	88.859
74.427374	88.780
75.509945	88.698
76.608262	88.617
77.722555	88.543
78.853056	88.477
80.000000	88.390
81.163627	88.295
82.344179	88.206
83.541903	88.111
84.757048	88.016
85.989867	87.926
87.240619	87.834
88.509563	87.736
89.796964	87.636
91.103091	87.537
92.428216	87.439
93.772615	87.344
95.136569	87.251
96.520362	87.156
97.924283	87.056
99.348625	86.952
100.793684	86.844
102.259762	86.735
103.747164	86.624
105.256202	86.511
106.787188	86.397
108.340444	86.283
109.916292	86.170
111.515061	86.057
113.137085	85.946
114.782702	85.835
116.452255	85.724
118.146092	85.611
119.864566	85.494
121.608036	85.379
123.376866	85.274
125.171424	85.171
126.992084	85.069
128.839227	84.966
130.713236	84.861
132.614504	84.756
134.543426	84.654
136.500406	84.552
138.485850	84.453
140.500173	84.354
142.543795	84.252
144.617142	84.153
146.720647	84.058
148.854748	83.969
151.019890	83.881
153.216525	83.791
155.445111	83.700
157.706112	83.612
160.000000	83.532
162.327254	83.454
164.688358	83.375
167.083805	83.296
169.514095	83.220
171.979734	83.146
174.481237	83.074
177.019125	83.005
179.593928	82.941
182.206182	82.878
184.856431	82.816
187.545230	82.757
190.273138	82.700
193.040725	82.645
195.848567	82.592
198.697250	82.541
201.587368	82.493
204.519524	82.448
207.494329	82.404
210.512403	82.362
213.574377	82.321
216.680888	82.282
219.832584	82.244
223.030122	82.208
226.274170	82.174
229.565404	82.139
232.904509	82.104
236.292183	82.072
239.729132	82.044
243.216073	82.021
246.753732	82.006
250.342848	81.999
253.984168	81.998
257.678453	81.998
261.426473	81.998
265.229008	81.994
269.086853	81.984
273.000811	81.970
276.971700	81.954
281.000346	81.940
285.087590	81.927
289.234284	81.915
293.441294	81.904
297.709496	81.895
302.039780	81.890
306.433050	81.888
310.890221	81.891
315.412224	81.897
320.000000	81.903
324.654507	81.903
329.376716	81.902
334.167610	81.901
339.028190	81.903
343.959469	81.904
348.962474	81.905
354.038251	81.903
359.187855	81.897
364.412363	81.889
369.712863	81.880
375.090460	81.872
380.546277	81.869
386.081450	81.865
391.697134	81.860
397.394500	81.854
403.174736	81.847
409.039048	81.840
414.988657	81.836
421.024807	81.832
427.148753	81.829
433.361775	81.825
439.665167	81.819
446.060244	81.811
452.548340	81.803
459.130807	81.796
465.809019	81.792
472.584367	81.788
479.458265	81.783
486.432146	81.775
493.507464	81.765
500.685695	81.757
507.968337	81.752
515.356906	81.749
522.852945	81.745
530.458016	81.741
538.173706	81.733
546.001623	81.724
553.943399	81.717
562.000691	81.710
570.175180	81.706
578.468569	81.703
586.882588	81.699
595.418991	81.693
604.079560	81.685
612.866100	81.680
621.780442	81.678
630.824447	81.677
640.000000	81.678
649.309014	81.678
658.753431	81.676
668.335221	81.674
678.056380	81.674
687.918938	81.678
697.924949	81.686
708.076501	81.696
718.375711	81.705
728.824726	81.714
739.425726	81.724
750.180921	81.737
761.092554	81.756
772.162900	81.780
783.394268	81.806
794.789000	81.834
806.349472	81.862
818.078095	81.894
829.977315	81.930
842.049613	81.973
854.297507	82.022
866.723550	82.075
879.330334	82.131
892.120489	82.190
905.096680	82.251
918.261614	82.318
931.618037	82.392
945.168733	82.472
958.916529	82.556
972.864291	82.641
987.014928	82.726
1001.371391	82.812
1015.936673	82.903
1030.713812	82.998
1045.705890	83.095
1060.916032	83.192
1076.347412	83.286
1092.003245	83.376
1107.886798	83.462
1124.001383	83.547
1140.350359	83.633
1156.937137	83.716
1173.765175	83.796
1190.837983	83.866
1208.159120	83.932
1225.732199	83.990
1243.560885	84.046
1261.648894	84.100
1280.000000	84.151
1298.618029	84.194
1317.506863	84.237
1336.670442	84.271
1356.112761	84.301
1375.837875	84.329
1395.849898	84.359
1416.153002	84.387
1436.751422	84.414
1457.649452	84.436
1478.851452	84.456
1500.361842	84.473
1522.185107	84.493
1544.325799	84.517
1566.788535	84.542
1589.577999	84.567
1612.698944	84.591
1636.156190	84.614
1659.954630	84.639
1684.099226	84.667
1708.595013	84.701
1733.447100	84.739
1758.660669	84.778
1784.240977	84.818
1810.193360	84.859
1836.523229	84.903
1863.236074	84.952
1890.337467	85.009
1917.833058	85.071
1945.728583	85.135
1974.029857	85.200
2002.742782	85.269
2031.873347	85.339
2061.427625	85.416
2091.411780	85.502
2121.832065	85.592
2152.694823	85.694
2184.006490	85.808
2215.773596	85.936
2248.002765	86.064
2280.700718	86.188
2313.874274	86.310
2347.530351	86.435
2381.675966	86.562
2416.318240	86.689
2451.464399	86.816
2487.121769	86.944
2523.297789	87.078
2560.000000	87.215
2597.236057	87.352
2635.013726	87.488
2673.340883	87.624
2712.225522	87.762
2751.675750	87.907
2791.699796	88.059
2832.306004	88.213
2873.502844	88.360
2915.298905	88.493
2957.702904	88.607
3000.723683	88.701
3044.370214	88.776
3088.651599	88.838
3133.577071	88.891
3179.155999	88.929
3225.397888	88.953
3272.312380	88.964
3319.909260	88.961
3368.198452	88.949
3417.190027	88.933
3466.894200	88.912
3517.321337	88.885
3568.481954	88.852
3620.386720	88.813
3673.046457	88.771
3726.472148	88.729
3780.674934	88.689
3835.666117	88.649
3891.457165	88.606
3948.059713	88.559
4005.485564	88.498
4063.746693	88.420
4122.855250	88.318
4182.823560	88.177
4243.664130	87.977
4305.389646	87.704
4368.012981	87.352
4431.547192	86.936
4496.005531	86.498
4561.401437	86.080
4627.748549	85.700
4695.060701	85.382
4763.351932	85.123
4832.636481	84.928
4902.928797	84.805
4974.243539	84.734
5046.595577	84.717
5120.000000	84.732
5194.472115	84.770
5270.027452	84.815
5346.681766	84.857
5424.451043	84.889
5503.351500	84.908
5583.399591	84.912
5664.612008	84.899
5747.005687	84.868
5830.597810	84.817
5915.405808	84.742
6001.447367	84.642
6088.740429	84.507
6177.303198	84.352
6267.154142	84.209
6358.311998	84.087
6450.795775	83.983
6544.624761	83.901
6639.818520	83.847
6736.396904	83.828
6834.380053	83.853
6933.788400	83.925
7034.642675	84.049
7136.963909	84.229
7240.773439	84.466
7346.092914	84.756
7452.944296	85.091
7561.349867	85.465
7671.332234	85.857
7782.914330	86.242
7896.119426	86.584
8010.971128	86.832
8127.493386	86.945
8245.710500	86.896
8365.647121	86.669
8487.328260	86.303
8610.779292	85.824
8736.025961	85.277
8863.094385	84.713
8992.011061	84.167
9122.802874	83.673
9255.497097	83.258
9390.121402	82.936
9526.703863	82.716
9665.272962	82.597
9805.857594	82.579
9948.487077	82.660
10093.191154	82.844
10240.000000	83.106
10388.944230	83.424
10540.054903	83.750
10693.363532	84.029
10848.902086	84.201
11006.703001	84.225
11166.799182	84.111
11329.224017	83.893
11494.011375	83.660
11661.195620	83.524
11830.811616	83.500
12002.894734	83.638
12177.480858	83.833
12354.606395	84.006
12534.308283	84.066
12716.623996	83.935
12901.591551	83.634
13089.249521	83.266
13279.637040	82.897
13472.793808	82.583
13668.760107	82.381
13867.576801	82.315
14069.285350	82.371
14273.927818	82.491
14481.546879	82.580
14692.185828	82.473
14905.888592	82.066
15122.699734	81.324
15342.664467	80.283
15565.828661	79.041
15792.238852	77.727
16021.942256	76.454
16254.986772	75.303
16491.420999	74.326
16731.294241	73.539
16974.656520	72.951
17221.558584	72.572
17472.051922	72.411
17726.188769	72.491
17984.022122	72.834
18245.605748	73.351
18510.994194	73.644
18780.242805	73.005
19053.407727	70.985
19330.545924	67.770
19611.715189	65.518
19896.974155	65.518
20186.382308	65.518
