20.000000	77.843
20.299999	78.267
20.600000	78.803
20.900000	79.371
21.200001	79.897
21.400000	80.199
21.799999	80.680
22.000000	80.872
22.400000	81.224
22.700001	81.514
23.000000	81.858
23.299999	82.255
23.600000	82.681
24.000000	83.249
24.299999	83.647
24.700001	84.120
25.000000	84.423
25.400000	84.745
25.799999	84.952
26.200001	85.031
26.500000	85.034
26.900000	85.040
27.200001	85.107
27.600000	85.326
28.000000	85.656
28.500000	86.070
29.000000	86.323
29.500000	86.408
30.000000	86.450
30.400000	86.516
30.700001	86.571
31.100000	86.594
31.500000	86.498
32.000000	86.189
32.500000	85.793
33.000000	85.547
33.500000	85.591
34.000000	85.860
34.500000	86.188
35.000000	86.453
35.500000	86.620
36.000000	86.714
36.500000	86.803
37.000000	86.969
37.500000	87.230
38.200001	87.627
38.700001	87.831
39.500000	87.960
40.000000	87.977
40.599998	88.004
41.200001	88.061
41.799999	88.137
42.500000	88.232
43.099998	88.327
43.700001	88.439
44.400002	88.576
45.000000	88.680
45.500000	88.763
46.200001	88.884
46.799999	88.989
47.500000	89.092
48.200001	89.167
48.700001	89.213
49.400002	89.278
50.000000	89.332
50.799999	89.401
51.500000	89.460
52.200001	89.519
53.000000	89.593
53.799999	89.681
54.500000	89.769
55.200001	89.850
56.000000	89.921
57.000000	89.993
58.000000	90.089
59.000000	90.197
60.000000	90.279
60.799999	90.325
61.500000	90.362
62.200001	90.405
63.000000	90.463
64.000000	90.534
65.000000	90.596
66.000000	90.649
67.000000	90.697
68.000000	90.742
69.000000	90.783
70.000000	90.821
71.000000	90.857
72.000000	90.892
73.000000	90.926
74.000000	90.955
75.000000	90.977
76.199997	90.995
77.500000	91.010
78.800003	91.015
80.000000	91.012
81.199997	91.007
82.500000	91.000
83.800003	90.990
85.000000	90.976
86.199997	90.954
87.500000	90.923
88.500000	90.896
90.000000	90.856
91.199997	90.822
92.500000	90.779
93.800003	90.733
95.000000	90.690
96.199997	90.647
97.500000	90.601
98.800003	90.556
100.000000	90.516
101.500000	90.465
103.000000	90.410
104.400002	90.357
106.000000	90.290
107.500000	90.225
109.000000	90.161
110.599998	90.100
112.000000	90.048
113.800003	89.984
115.000000	89.941
117.199997	89.862
118.000000	89.835
120.599998	89.752
122.000000	89.712
124.099998	89.649
125.000000	89.624
126.500000	89.584
128.000000	89.547
131.500000	89.464
132.000000	89.452
134.000000	89.400
136.000000	89.345
138.000000	89.291
140.000000	89.248
143.000000	89.194
145.000000	89.155
147.500000	89.102
150.000000	89.058
152.500000	89.027
155.000000	88.997
157.500000	88.961
160.000000	88.919
162.500000	88.865
165.000000	88.802
167.500000	88.738
170.000000	88.684
172.500000	88.635
175.000000	88.580
177.500000	88.519
180.000000	88.464
182.500000	88.422
185.000000	88.388
187.500000	88.349
190.000000	88.296
192.500000	88.239
195.000000	88.194
197.500000	88.160
200.000000	88.125
203.000000	88.071
206.000000	88.019
209.000000	87.980
212.000000	87.938
214.000000	87.897
218.000000	87.811
220.000000	87.776
224.000000	87.703
227.000000	87.642
230.000000	87.584
233.000000	87.523
236.000000	87.456
240.000000	87.367
243.000000	87.303
247.000000	87.216
250.000000	87.145
254.000000	87.043
258.000000	86.942
262.000000	86.846
265.000000	86.776
269.000000	86.684
272.000000	86.611
276.000000	86.514
280.000000	86.423
285.000000	86.317
290.000000	86.207
295.000000	86.098
300.000000	85.989
304.000000	85.905
307.000000	85.844
311.000000	85.765
315.000000	85.688
320.000000	85.594
325.000000	85.495
330.000000	85.401
335.000000	85.329
340.000000	85.273
345.000000	85.221
350.000000	85.172
355.000000	85.132
360.000000	85.094
365.000000	85.057
370.000000	85.026
375.000000	85.001
382.000000	84.975
387.000000	84.966
395.000000	84.961
400.000000	84.960
406.000000	84.965
412.000000	84.970
418.000000	84.983
425.000000	85.017
431.000000	85.038
437.000000	85.050
444.000000	85.077
450.000000	85.115
455.000000	85.150
462.000000	85.191
468.000000	85.221
475.000000	85.257
482.000000	85.296
487.000000	85.325
494.000000	85.355
500.000000	85.370
508.000000	85.379
515.000000	85.380
522.000000	85.381
530.000000	85.373
538.000000	85.349
545.000000	85.315
552.000000	85.278
560.000000	85.241
570.000000	85.204
580.000000	85.163
590.000000	85.107
600.000000	85.042
608.000000	84.992
615.000000	84.957
622.000000	84.924
630.000000	84.882
640.000000	84.828
650.000000	84.785
660.000000	84.748
670.000000	84.711
680.000000	84.675
690.000000	84.644
700.000000	84.620
710.000000	84.596
720.000000	84.574
730.000000	84.558
740.000000	84.548
750.000000	84.545
762.000000	84.541
775.000000	84.528
788.000000	84.516
800.000000	84.507
812.000000	84.498
825.000000	84.490
838.000000	84.488
850.000000	84.491
862.000000	84.495
875.000000	84.502
885.000000	84.511
900.000000	84.529
912.000000	84.546
925.000000	84.567
938.000000	84.595
950.000000	84.626
962.000000	84.660
975.000000	84.696
988.000000	84.733
1000.000000	84.772
1015.000000	84.823
1030.000000	84.874
1044.000000	84.922
1060.000000	84.974
1075.000000	85.022
1090.000000	85.069
1106.000000	85.115
1120.000000	85.150
1138.000000	85.190
1150.000000	85.212
1172.000000	85.245
1180.000000	85.256
1206.000000	85.280
1220.000000	85.289
1241.000000	85.294
1250.000000	85.293
1265.000000	85.291
1280.000000	85.284
1315.000000	85.262
1320.000000	85.258
1340.000000	85.238
1360.000000	85.216
1380.000000	85.192
1400.000000	85.167
1430.000000	85.127
1450.000000	85.105
1475.000000	85.080
1500.000000	85.059
1525.000000	85.038
1550.000000	85.020
1575.000000	85.006
1600.000000	84.994
1625.000000	84.981
1650.000000	84.963
1675.000000	84.944
1700.000000	84.925
1725.000000	84.912
1750.000000	84.909
1775.000000	84.915
1800.000000	84.924
1825.000000	84.938
1850.000000	84.952
1875.000000	84.963
1900.000000	84.967
1925.000000	84.965
1950.000000	84.962
1975.000000	84.964
2000.000000	84.971
2030.000000	84.984
2060.000000	85.001
2090.000000	85.021
2120.000000	85.041
2140.000000	85.054
2180.000000	85.082
2200.000000	85.096
2240.000000	85.124
2270.000000	85.146
2300.000000	85.168
2330.000000	85.191
2360.000000	85.216
2400.000000	85.253
2430.000000	85.283
2470.000000	85.326
2500.000000	85.361
2540.000000	85.413
2580.000000	85.471
2620.000000	85.533
2650.000000	85.584
2690.000000	85.661
2720.000000	85.725
2760.000000	85.818
2800.000000	85.919
2850.000000	86.059
2900.000000	86.206
2950.000000	86.358
3000.000000	86.517
3040.000000	86.643
3070.000000	86.736
3110.000000	86.858
3150.000000	86.976
3200.000000	87.109
3250.000000	87.228
3300.000000	87.334
3350.000000	87.423
3400.000000	87.494
3450.000000	87.553
3500.000000	87.601
3550.000000	87.633
3600.000000	87.645
3650.000000	87.642
3700.000000	87.630
3750.000000	87.603
3820.000000	87.542
3870.000000	87.491
3950.000000	87.388
4000.000000	87.315
4060.000000	87.233
4120.000000	87.154
4180.000000	87.061
4250.000000	86.945
4310.000000	86.856
4370.000000	86.773
4440.000000	86.664
4500.000000	86.562
4550.000000	86.480
4620.000000	86.374
4680.000000	86.287
4750.000000	86.191
4820.000000	86.104
4870.000000	86.049
4940.000000	85.978
5000.000000	85.922
5080.000000	85.853
5150.000000	85.811
5220.000000	85.789
5300.000000	85.784
5380.000000	85.790
5450.000000	85.812
5520.000000	85.855
5600.000000	85.921
5700.000000	86.019
5800.000000	86.152
5900.000000	86.328
6000.000000	86.535
6080.000000	86.725
6150.000000	86.917
6220.000000	87.136
6300.000000	87.415
6400.000000	87.798
6500.000000	88.219
6600.000000	88.662
6700.000000	89.090
6800.000000	89.453
6900.000000	89.712
7000.000000	89.821
7100.000000	89.754
7200.000000	89.511
7300.000000	89.133
7400.000000	88.674
7500.000000	88.192
7620.000000	87.651
7750.000000	87.179
7880.000000	86.873
8000.000000	86.756
8120.000000	86.802
8250.000000	87.017
8380.000000	87.370
8500.000000	87.807
8620.000000	88.351
8750.000000	89.029
8850.000000	89.581
9000.000000	90.380
9120.000000	90.917
9250.000000	91.306
9380.000000	91.423
9500.000000	91.252
9620.000000	90.811
9750.000000	90.061
9880.000000	89.100
10000.000000	88.100
10150.000000	86.796
10300.000000	85.505
10440.000000	84.355
10600.000000	83.136
10750.000000	82.096
10900.000000	81.153
11060.000000	80.246
11200.000000	79.533
11380.000000	78.716
11500.000000	78.225
11720.000000	77.422
11800.000000	77.159
12060.000000	76.409
12200.000000	76.074
12410.000000	75.644
12500.000000	75.482
12650.000000	75.244
12800.000000	75.049
13150.000000	74.769
13200.000000	74.749
13400.000000	74.716
13600.000000	74.766
13800.000000	74.889
14000.000000	75.083
14300.000000	75.539
14500.000000	75.980
14750.000000	76.691
15000.000000	77.573
15250.000000	78.620
15500.000000	79.773
15750.000000	80.910
16000.000000	81.865
16250.000000	82.465
16500.000000	82.569
16750.000000	82.129
17000.000000	81.221
17250.000000	80.007
17500.000000	78.667
17750.000000	77.347
18000.000000	76.146
18250.000000	75.127
18500.000000	74.318
18750.000000	73.713
19000.000000	73.269
19250.000000	72.924
19500.000000	72.621
19750.000000	72.365
