20.299999 96.65
20.6 96.69
20.9 96.74
21.200001 96.79
21.4 96.83
21.799999 96.90
22 96.94
22.4 97.01
22.700001 97.05
23 97.10
23.299999 97.14
23.6 97.18
24 97.24
24.299999 97.28
24.700001 97.33
25 97.37
25.4 97.41
25.799999 97.45
26.200001 97.49
26.5 97.51
26.9 97.55
27.200001 97.58
27.6 97.61
28 97.63
28.5 97.67
29 97.70
29.5 97.75
30 97.79
30.4 97.83
30.700001 97.85
31.1 97.89
31.5 97.91
32 97.95
32.5 97.97
33 98.00
33.5 98.02
34 98.05
34.5 98.06
35 98.08
35.5 98.09
36 98.11
36.5 98.13
37 98.15
37.5 98.17
38.200001 98.19
38.700001 98.21
39.5 98.23
40 98.25
40.599998 98.27
41.200001 98.29
41.799999 98.30
42.5 98.32
43.099998 98.32
43.700001 98.32
44.400002 98.33
45 98.33
45.5 98.34
46.200001 98.34
46.799999 98.35
47.5 98.35
48.200001 98.35
48.700001 98.35
49.400002 98.35
50 98.35
50.799999 98.36
51.5 98.36
52.200001 98.36
53 98.35
53.799999 98.35
54.5 98.35
55.200001 98.35
56 98.34
57 98.33
58 98.32
59 98.31
60 98.30
60.799999 98.29
61.5 98.28
62.200001 98.27
63 98.26
64 98.25
65 98.24
66 98.23
67 98.21
68 98.20
69 98.18
70 98.16
71 98.14
72 98.12
73 98.10
74 98.08
75 98.06
76.199997 98.04
77.5 98.01
78.800003 97.98
80 97.96
81.199997 97.93
82.5 97.90
83.800003 97.87
85 97.84
86.199997 97.81
87.5 97.78
88.5 97.76
90 97.72
91.199997 97.69
92.5 97.66
93.800003 97.62
95 97.59
96.199997 97.56
97.5 97.52
98.800003 97.49
100 97.46
101.5 97.42
103 97.38
104.400002 97.33
106 97.28
107.5 97.23
109 97.19
110.599998 97.15
112 97.11
113.800003 97.05
115 97.02
117.199997 96.96
118 96.94
120.599998 96.88
122 96.84
124.099998 96.78
125 96.75
126.5 96.71
128 96.65
131.5 96.54
132 96.52
134 96.47
136 96.42
138 96.37
140 96.32
143 96.24
145 96.19
147.5 96.13
150 96.08
152.5 96.02
155 95.94
157.5 95.85
160 95.77
162.5 95.69
165 95.61
167.5 95.54
170 95.46
172.5 95.39
175 95.32
177.5 95.25
180 95.18
182.5 95.12
185 95.05
187.5 94.99
190 94.92
192.5 94.86
195 94.80
197.5 94.73
200 94.66
203 94.59
206 94.51
209 94.42
212 94.34
214 94.29
218 94.18
220 94.14
224 94.05
227 93.98
230 93.91
233 93.84
236 93.76
240 93.67
243 93.60
247 93.52
250 93.46
254 93.37
258 93.28
262 93.19
265 93.12
269 93.02
272 92.96
276 92.87
280 92.79
285 92.70
290 92.62
295 92.53
300 92.44
304 92.36
307 92.30
311 92.21
315 92.13
320 92.05
325 91.96
330 91.87
335 91.78
340 91.69
345 91.61
350 91.53
355 91.45
360 91.36
365 91.28
370 91.19
375 91.11
382 91.00
387 90.92
395 90.79
400 90.72
406 90.64
412 90.56
418 90.49
425 90.41
431 90.34
437 90.26
444 90.17
450 90.10
455 90.05
462 89.97
468 89.90
475 89.82
482 89.73
487 89.68
494 89.61
500 89.55
508 89.49
515 89.44
522 89.38
530 89.30
538 89.20
545 89.12
552 89.06
560 88.99
570 88.92
580 88.85
590 88.78
600 88.71
608 88.66
615 88.61
622 88.57
630 88.53
640 88.48
650 88.43
660 88.38
670 88.34
680 88.31
690 88.27
700 88.24
710 88.21
720 88.19
730 88.16
740 88.15
750 88.13
762 88.12
775 88.12
788 88.12
800 88.12
812 88.14
825 88.16
838 88.18
850 88.21
862 88.24
875 88.28
885 88.32
900 88.38
912 88.44
925 88.50
938 88.57
950 88.63
962 88.70
975 88.78
988 88.87
1000 88.95
1015 89.05
1030 89.16
1044 89.27
1060 89.39
1075 89.50
1090 89.62
1106 89.75
1120 89.87
1138 90.01
1150 90.11
1172 90.29
1180 90.36
1206 90.57
1220 90.69
1241 90.86
1250 90.94
1265 91.06
1280 91.19
1315 91.47
1320 91.51
1340 91.67
1360 91.83
1380 91.98
1400 92.13
1430 92.33
1450 92.46
1475 92.61
1500 92.74
1525 92.85
1550 92.94
1575 93.00
1600 93.04
1625 93.05
1650 93.03
1675 92.99
1700 92.92
1725 92.82
1750 92.70
1775 92.56
1800 92.41
1825 92.23
1850 92.05
1875 91.85
1900 91.65
1925 91.45
1950 91.24
1975 91.03
2000 90.83
2030 90.59
2060 90.35
2090 90.12
2120 89.89
2140 89.75
2180 89.45
2200 89.30
2240 89.02
2270 88.81
2300 88.62
2330 88.44
2360 88.28
2400 88.08
2430 87.95
2470 87.80
2500 87.70
2540 87.57
2580 87.47
2620 87.37
2650 87.31
2690 87.25
2720 87.20
2760 87.16
2800 87.12
2850 87.09
2900 87.07
2950 87.06
3000 87.07
3040 87.08
3070 87.09
3110 87.11
3150 87.13
3200 87.17
3250 87.22
3300 87.29
3350 87.39
3400 87.50
3450 87.64
3500 87.79
3550 87.95
3600 88.09
3650 88.24
3700 88.38
3750 88.54
3820 88.78
3870 88.98
3950 89.35
4000 89.59
4060 89.90
4120 90.22
4180 90.54
4250 90.93
4310 91.28
4370 91.65
4440 92.09
4500 92.49
4550 92.82
4620 93.30
4680 93.70
4750 94.15
4820 94.57
4870 94.84
4940 95.15
5000 95.35
5080 95.52
5150 95.57
5220 95.54
5300 95.42
5380 95.23
5450 95.03
5520 94.82
5600 94.57
5700 94.28
5800 94.03
5900 93.84
6000 93.71
6080 93.66
6150 93.65
6220 93.67
6300 93.73
6400 93.85
6500 94.02
6600 94.23
6700 94.47
6800 94.72
6900 95.01
7000 95.33
7100 95.69
7200 96.11
7300 96.58
7400 97.07
7500 97.56
7620 98.09
7750 98.49
7880 98.64
8000 98.51
8120 98.13
8250 97.51
8380 96.75
8500 96.01
8620 95.29
8750 94.57
8850 94.09
9000 93.49
9120 93.14
9250 92.88
9380 92.74
9500 92.71
9620 92.76
9750 92.90
9880 93.11
10000 93.37
10150 93.77
10300 94.22
10440 94.65
10600 95.09
10750 95.35
10900 95.39
11060 95.15
11200 94.67
11380 93.73
11500 92.95
11720 91.33
11800 90.71
12060 88.66
12200 87.59
12410 86.06
12500 85.46
12650 84.53
12800 83.72
13150 82.35
13200 82.20
13400 81.67
13600 81.19
13800 80.76
14000 80.43
14300 80.35
14500 80.69
14750 81.45
15000 82.35
15250 83.10
15500 83.46
15750 83.33
16000 82.76
16250 81.91
16500 80.96
16750 80.13
17000 79.58
17250 79.47
17500 79.84
17750 80.54
18000 81.33
18250 82.02
18500 82.52
18750 82.82
19000 82.88
19250 82.64
19500 82.12
19750 81.46
20000 80.99
