20 98.61
20.299999 98.67
20.6 98.73
20.9 98.79
21.200001 98.85
21.4 98.89
21.799999 98.95
22 98.98
22.4 99.04
22.700001 99.09
23 99.14
23.299999 99.20
23.6 99.25
24 99.32
24.299999 99.36
24.700001 99.39
25 99.42
25.4 99.45
25.799999 99.49
26.200001 99.53
26.5 99.55
26.9 99.59
27.200001 99.61
27.6 99.65
28 99.69
28.5 99.73
29 99.78
29.5 99.81
30 99.84
30.4 99.86
30.700001 99.87
31.1 99.89
31.5 99.90
32 99.93
32.5 99.95
33 99.97
33.5 99.99
34 100.02
34.5 100.03
35 100.05
35.5 100.06
36 100.07
36.5 100.08
37 100.09
37.5 100.11
38.200001 100.12
38.700001 100.13
39.5 100.15
40 100.16
40.599998 100.17
41.200001 100.17
41.799999 100.17
42.5 100.17
43.099998 100.17
43.700001 100.17
44.400002 100.17
45 100.16
45.5 100.16
46.200001 100.17
46.799999 100.18
47.5 100.19
48.200001 100.19
48.700001 100.19
49.400002 100.18
50 100.17
50.799999 100.16
51.5 100.15
52.200001 100.14
53 100.14
53.799999 100.12
54.5 100.11
55.200001 100.11
56 100.10
57 100.08
58 100.06
59 100.05
60 100.03
60.799999 100.02
61.5 100.00
62.200001 99.99
63 99.98
64 99.96
65 99.94
66 99.92
67 99.90
68 99.88
69 99.85
70 99.83
71 99.81
72 99.79
73 99.77
74 99.75
75 99.73
76.199997 99.70
77.5 99.67
78.800003 99.64
80 99.61
81.199997 99.59
82.5 99.56
83.800003 99.53
85 99.50
86.199997 99.47
87.5 99.44
88.5 99.42
90 99.39
91.199997 99.36
92.5 99.33
93.800003 99.30
95 99.27
96.199997 99.24
97.5 99.21
98.800003 99.19
100 99.16
101.5 99.13
103 99.10
104.400002 99.07
106 99.03
107.5 99.00
109 98.97
110.599998 98.94
112 98.91
113.800003 98.87
115 98.85
117.199997 98.80
118 98.79
120.599998 98.74
122 98.71
124.099998 98.68
125 98.66
126.5 98.63
128 98.60
131.5 98.54
132 98.53
134 98.50
136 98.46
138 98.43
140 98.40
143 98.35
145 98.32
147.5 98.28
150 98.24
152.5 98.20
155 98.17
157.5 98.14
160 98.10
162.5 98.06
165 98.03
167.5 98.00
170 97.96
172.5 97.93
175 97.90
177.5 97.87
180 97.84
182.5 97.81
185 97.78
187.5 97.75
190 97.73
192.5 97.70
195 97.68
197.5 97.65
200 97.63
203 97.59
206 97.57
209 97.54
212 97.51
214 97.49
218 97.45
220 97.43
224 97.39
227 97.36
230 97.34
233 97.31
236 97.29
240 97.25
243 97.24
247 97.22
250 97.22
254 97.21
258 97.21
262 97.20
265 97.20
269 97.18
272 97.17
276 97.15
280 97.13
285 97.11
290 97.08
295 97.05
300 97.03
304 97.01
307 96.99
311 96.98
315 96.96
320 96.94
325 96.92
330 96.89
335 96.88
340 96.86
345 96.84
350 96.82
355 96.80
360 96.79
365 96.77
370 96.76
375 96.74
382 96.72
387 96.71
395 96.69
400 96.68
406 96.66
412 96.65
418 96.64
425 96.62
431 96.61
437 96.60
444 96.59
450 96.58
455 96.57
462 96.56
468 96.55
475 96.54
482 96.53
487 96.53
494 96.52
500 96.51
508 96.50
515 96.49
522 96.49
530 96.48
538 96.47
545 96.47
552 96.47
560 96.46
570 96.46
580 96.46
590 96.46
600 96.46
608 96.46
615 96.47
622 96.47
630 96.47
640 96.48
650 96.49
660 96.50
670 96.51
680 96.52
690 96.54
700 96.55
710 96.57
720 96.59
730 96.62
740 96.64
750 96.67
762 96.70
775 96.74
788 96.79
800 96.83
812 96.88
825 96.93
838 96.98
850 97.04
862 97.10
875 97.16
885 97.22
900 97.30
912 97.37
925 97.45
938 97.53
950 97.61
962 97.68
975 97.77
988 97.86
1000 97.94
1015 98.03
1030 98.12
1044 98.21
1060 98.31
1075 98.43
1090 98.54
1106 98.67
1120 98.78
1138 98.93
1150 99.03
1172 99.21
1180 99.28
1206 99.51
1220 99.63
1241 99.83
1250 99.91
1265 100.05
1280 100.19
1315 100.52
1320 100.57
1340 100.75
1360 100.92
1380 101.08
1400 101.24
1430 101.45
1450 101.58
1475 101.72
1500 101.84
1525 101.93
1550 101.99
1575 102.03
1600 102.05
1625 102.06
1650 102.04
1675 102.02
1700 101.98
1725 101.94
1750 101.88
1775 101.82
1800 101.75
1825 101.67
1850 101.59
1875 101.51
1900 101.42
1925 101.32
1950 101.22
1975 101.11
2000 101.00
2030 100.87
2060 100.73
2090 100.58
2120 100.43
2140 100.33
2180 100.12
2200 100.02
2240 99.81
2270 99.65
2300 99.49
2330 99.33
2360 99.17
2400 98.96
2430 98.80
2470 98.60
2500 98.46
2540 98.27
2580 98.08
2620 97.91
2650 97.78
2690 97.63
2720 97.51
2760 97.37
2800 97.24
2850 97.09
2900 96.96
2950 96.84
3000 96.75
3040 96.68
3070 96.64
3110 96.59
3150 96.56
3200 96.53
3250 96.53
3300 96.54
3350 96.57
3400 96.63
3450 96.70
3500 96.80
3550 96.92
3600 97.06
3650 97.23
3700 97.42
3750 97.64
3820 98.00
3870 98.29
3950 98.81
4000 99.17
4060 99.62
4120 100.10
4180 100.58
4250 101.13
4310 101.56
4370 101.93
4440 102.25
4500 102.41
4550 102.44
4620 102.34
4680 102.12
4750 101.73
4820 101.25
4870 100.87
4940 100.33
5000 99.87
5080 99.31
5150 98.89
5220 98.55
5300 98.27
5380 98.10
5450 98.06
5520 98.11
5600 98.28
5700 98.68
5800 99.29
5900 100.08
6000 100.98
6080 101.69
6150 102.24
6220 102.67
6300 102.96
6400 102.98
6500 102.63
6600 102.03
6700 101.32
6800 100.65
6900 100.09
7000 99.70
7100 99.52
7200 99.56
7300 99.82
7400 100.28
7500 100.90
7620 101.79
7750 102.80
7880 103.63
8000 104.04
8120 104.00
8250 103.45
8380 102.52
8500 101.47
8620 100.39
8750 99.31
8850 98.56
9000 97.61
9120 97.01
9250 96.53
9380 96.30
9500 96.46
9620 97.13
9750 98.41
9880 100.02
10000 101.51
10150 103.17
10300 104.53
10440 105.48
10600 106.08
10750 106.08
10900 105.54
11060 104.45
11200 103.24
11380 101.58
11500 100.51
11720 98.84
11800 98.35
12060 97.21
12200 96.88
12410 96.73
12500 96.78
12650 96.99
12800 97.32
13150 98.22
13200 98.32
13400 98.53
13600 98.34
13800 97.71
14000 96.74
14300 95.01
14500 93.99
14750 93.10
15000 92.77
15250 92.99
15500 93.75
15750 94.86
16000 95.98
16250 96.73
16500 96.80
16750 96.07
17000 94.63
17250 92.73
17500 90.66
17750 88.71
18000 87.07
18250 85.93
18500 85.30
18750 84.92
19000 84.47
19250 83.75
19500 82.73
19750 81.65
