20.000000	102.942
20.299999	102.969
20.600000	102.981
20.900000	102.979
21.200001	102.965
21.400000	102.953
21.799999	102.920
22.000000	102.902
22.400000	102.868
22.700001	102.847
23.000000	102.837
23.299999	102.839
23.600000	102.849
24.000000	102.873
24.299999	102.890
24.700001	102.903
25.000000	102.903
25.400000	102.895
25.799999	102.888
26.200001	102.889
26.500000	102.897
26.900000	102.912
27.200001	102.921
27.600000	102.924
28.000000	102.914
28.500000	102.891
29.000000	102.868
29.500000	102.858
30.000000	102.864
30.400000	102.875
30.700001	102.886
31.100000	102.898
31.500000	102.910
32.000000	102.921
32.500000	102.925
33.000000	102.923
33.500000	102.911
34.000000	102.885
34.500000	102.851
35.000000	102.822
35.500000	102.815
36.000000	102.834
36.500000	102.870
37.000000	102.898
37.500000	102.906
38.200001	102.898
38.700001	102.895
39.500000	102.896
40.000000	102.882
40.599998	102.846
41.200001	102.802
41.799999	102.767
42.500000	102.746
43.099998	102.741
43.700001	102.742
44.400002	102.740
45.000000	102.732
45.500000	102.716
46.200001	102.683
46.799999	102.650
47.500000	102.619
48.200001	102.608
48.700001	102.609
49.400002	102.617
50.000000	102.621
50.799999	102.620
51.500000	102.615
52.200001	102.607
53.000000	102.596
53.799999	102.586
54.500000	102.576
55.200001	102.565
56.000000	102.550
57.000000	102.538
58.000000	102.529
59.000000	102.517
60.000000	102.499
60.799999	102.485
61.500000	102.472
62.200001	102.461
63.000000	102.447
64.000000	102.428
65.000000	102.403
66.000000	102.380
67.000000	102.358
68.000000	102.341
69.000000	102.327
70.000000	102.313
71.000000	102.295
72.000000	102.275
73.000000	102.261
74.000000	102.254
75.000000	102.245
76.199997	102.225
77.500000	102.203
78.800003	102.191
80.000000	102.184
81.199997	102.172
82.500000	102.144
83.800003	102.105
85.000000	102.072
86.199997	102.048
87.500000	102.023
88.500000	102.004
90.000000	101.974
91.199997	101.950
92.500000	101.928
93.800003	101.909
95.000000	101.889
96.199997	101.868
97.500000	101.843
98.800003	101.817
100.000000	101.797
101.500000	101.772
103.000000	101.748
104.400002	101.726
106.000000	101.697
107.500000	101.667
109.000000	101.634
110.599998	101.600
112.000000	101.571
113.800003	101.531
115.000000	101.505
117.199997	101.462
118.000000	101.450
120.599998	101.423
122.000000	101.406
124.099998	101.371
125.000000	101.359
126.500000	101.344
128.000000	101.330
131.500000	101.285
132.000000	101.276
134.000000	101.238
136.000000	101.202
138.000000	101.167
140.000000	101.131
143.000000	101.076
145.000000	101.041
147.500000	101.002
150.000000	100.964
152.500000	100.923
155.000000	100.880
157.500000	100.840
160.000000	100.803
162.500000	100.764
165.000000	100.724
167.500000	100.682
170.000000	100.639
172.500000	100.596
175.000000	100.558
177.500000	100.534
180.000000	100.519
182.500000	100.507
185.000000	100.494
187.500000	100.475
190.000000	100.450
192.500000	100.421
195.000000	100.391
197.500000	100.361
200.000000	100.328
203.000000	100.285
206.000000	100.241
209.000000	100.197
212.000000	100.155
214.000000	100.127
218.000000	100.074
220.000000	100.047
224.000000	99.993
227.000000	99.951
230.000000	99.910
233.000000	99.870
236.000000	99.832
240.000000	99.781
243.000000	99.745
247.000000	99.695
250.000000	99.660
254.000000	99.617
258.000000	99.578
262.000000	99.543
265.000000	99.515
269.000000	99.476
272.000000	99.444
276.000000	99.399
280.000000	99.353
285.000000	99.297
290.000000	99.241
295.000000	99.186
300.000000	99.130
304.000000	99.085
307.000000	99.052
311.000000	99.010
315.000000	98.966
320.000000	98.911
325.000000	98.859
330.000000	98.808
335.000000	98.757
340.000000	98.708
345.000000	98.660
350.000000	98.613
355.000000	98.566
360.000000	98.522
365.000000	98.477
370.000000	98.430
375.000000	98.383
382.000000	98.317
387.000000	98.270
395.000000	98.196
400.000000	98.150
406.000000	98.096
412.000000	98.043
418.000000	97.990
425.000000	97.928
431.000000	97.875
437.000000	97.823
444.000000	97.763
450.000000	97.713
455.000000	97.673
462.000000	97.618
468.000000	97.572
475.000000	97.520
482.000000	97.469
487.000000	97.434
494.000000	97.387
500.000000	97.347
508.000000	97.293
515.000000	97.247
522.000000	97.201
530.000000	97.151
538.000000	97.102
545.000000	97.061
552.000000	97.020
560.000000	96.974
570.000000	96.918
580.000000	96.865
590.000000	96.817
600.000000	96.772
608.000000	96.737
615.000000	96.707
622.000000	96.679
630.000000	96.650
640.000000	96.614
650.000000	96.582
660.000000	96.552
670.000000	96.525
680.000000	96.500
690.000000	96.478
700.000000	96.460
710.000000	96.446
720.000000	96.434
730.000000	96.424
740.000000	96.418
750.000000	96.416
762.000000	96.419
775.000000	96.431
788.000000	96.451
800.000000	96.474
812.000000	96.498
825.000000	96.527
838.000000	96.560
850.000000	96.595
862.000000	96.635
875.000000	96.686
885.000000	96.730
900.000000	96.803
912.000000	96.869
925.000000	96.945
938.000000	97.026
950.000000	97.104
962.000000	97.185
975.000000	97.276
988.000000	97.369
1000.000000	97.457
1015.000000	97.569
1030.000000	97.681
1044.000000	97.788
1060.000000	97.909
1075.000000	98.022
1090.000000	98.132
1106.000000	98.247
1120.000000	98.344
1138.000000	98.464
1150.000000	98.541
1172.000000	98.671
1180.000000	98.716
1206.000000	98.845
1220.000000	98.905
1241.000000	98.982
1250.000000	99.009
1265.000000	99.047
1280.000000	99.077
1315.000000	99.109
1320.000000	99.110
1340.000000	99.102
1360.000000	99.080
1380.000000	99.042
1400.000000	98.991
1430.000000	98.891
1450.000000	98.812
1475.000000	98.702
1500.000000	98.583
1525.000000	98.457
1550.000000	98.327
1575.000000	98.197
1600.000000	98.070
1625.000000	97.947
1650.000000	97.829
1675.000000	97.718
1700.000000	97.614
1725.000000	97.520
1750.000000	97.434
1775.000000	97.359
1800.000000	97.293
1825.000000	97.237
1850.000000	97.190
1875.000000	97.151
1900.000000	97.121
1925.000000	97.099
1950.000000	97.084
1975.000000	97.078
2000.000000	97.077
2030.000000	97.085
2060.000000	97.100
2090.000000	97.122
2120.000000	97.150
2140.000000	97.171
2180.000000	97.217
2200.000000	97.242
2240.000000	97.294
2270.000000	97.334
2300.000000	97.373
2330.000000	97.412
2360.000000	97.450
2400.000000	97.497
2430.000000	97.528
2470.000000	97.566
2500.000000	97.588
2540.000000	97.612
2580.000000	97.630
2620.000000	97.642
2650.000000	97.646
2690.000000	97.647
2720.000000	97.645
2760.000000	97.638
2800.000000	97.628
2850.000000	97.612
2900.000000	97.596
2950.000000	97.581
3000.000000	97.571
3040.000000	97.568
3070.000000	97.570
3110.000000	97.578
3150.000000	97.594
3200.000000	97.626
3250.000000	97.674
3300.000000	97.740
3350.000000	97.825
3400.000000	97.929
3450.000000	98.055
3500.000000	98.204
3550.000000	98.377
3600.000000	98.574
3650.000000	98.797
3700.000000	99.046
3750.000000	99.320
3820.000000	99.737
3870.000000	100.052
3950.000000	100.565
4000.000000	100.879
4060.000000	101.238
4120.000000	101.564
4180.000000	101.842
4250.000000	102.090
4310.000000	102.221
4370.000000	102.264
4440.000000	102.189
4500.000000	102.011
4550.000000	101.785
4620.000000	101.360
4680.000000	100.921
4750.000000	100.356
4820.000000	99.775
4870.000000	99.369
4940.000000	98.829
5000.000000	98.401
5080.000000	97.886
5150.000000	97.483
5220.000000	97.124
5300.000000	96.760
5380.000000	96.436
5450.000000	96.175
5520.000000	95.922
5600.000000	95.635
5700.000000	95.320
5800.000000	95.170
5900.000000	95.237
6000.000000	95.440
6080.000000	95.659
6150.000000	95.884
6220.000000	96.142
6300.000000	96.480
6400.000000	96.967
6500.000000	97.531
6600.000000	98.174
6700.000000	98.895
6800.000000	99.692
6900.000000	100.555
7000.000000	101.466
7100.000000	102.396
7200.000000	103.302
7300.000000	104.125
7400.000000	104.811
7500.000000	105.308
7620.000000	105.618
7750.000000	105.612
7880.000000	105.323
8000.000000	104.903
8120.000000	104.430
8250.000000	103.936
8380.000000	103.510
8500.000000	103.196
8620.000000	102.959
8750.000000	102.786
8850.000000	102.709
9000.000000	102.687
9120.000000	102.757
9250.000000	102.922
9380.000000	103.165
9500.000000	103.434
9620.000000	103.715
9750.000000	103.974
9880.000000	104.112
10000.000000	104.071
10150.000000	103.733
10300.000000	103.064
10440.000000	102.179
10600.000000	100.954
10750.000000	99.701
10900.000000	98.439
11060.000000	97.162
11200.000000	96.138
11380.000000	94.983
11500.000000	94.322
11720.000000	93.354
11800.000000	93.082
12060.000000	92.510
12200.000000	92.397
12410.000000	92.455
12500.000000	92.550
12650.000000	92.777
12800.000000	93.057
13150.000000	93.640
13200.000000	93.685
13400.000000	93.693
13600.000000	93.381
13800.000000	92.747
14000.000000	91.854
14300.000000	90.251
14500.000000	89.157
14750.000000	87.914
15000.000000	86.914
15250.000000	86.221
15500.000000	85.862
15750.000000	85.853
16000.000000	86.165
16250.000000	86.668
16500.000000	87.125
16750.000000	87.282
17000.000000	86.984
17250.000000	86.238
17500.000000	85.199
17750.000000	84.069
18000.000000	82.986
18250.000000	82.041
18500.000000	81.382
18750.000000	81.129
19000.000000	81.159
19250.000000	81.191
19500.000000	81.023
19750.000000	80.650
