20 96.73
20.299999 96.77
20.6 96.80
20.9 96.84
21.200001 96.87
21.4 96.89
21.799999 96.93
22 96.94
22.4 96.97
22.700001 96.99
23 97.01
23.299999 97.03
23.6 97.05
24 97.08
24.299999 97.09
24.700001 97.12
25 97.14
25.4 97.16
25.799999 97.18
26.200001 97.20
26.5 97.21
26.9 97.24
27.200001 97.25
27.6 97.28
28 97.29
28.5 97.31
29 97.34
29.5 97.37
30 97.40
30.4 97.40
30.700001 97.40
31.1 97.41
31.5 97.43
32 97.46
32.5 97.49
33 97.49
33.5 97.47
34 97.47
34.5 97.51
35 97.56
35.5 97.59
36 97.59
36.5 97.55
37 97.53
37.5 97.53
38.200001 97.59
38.700001 97.64
39.5 97.70
40 97.71
40.599998 97.74
41.200001 97.77
41.799999 97.79
42.5 97.77
43.099998 97.73
43.700001 97.67
44.400002 97.60
45 97.54
45.5 97.51
46.200001 97.49
46.799999 97.50
47.5 97.53
48.200001 97.57
48.700001 97.59
49.400002 97.63
50 97.66
50.799999 97.70
51.5 97.74
52.200001 97.77
53 97.80
53.799999 97.83
54.5 97.84
55.200001 97.85
56 97.85
57 97.85
58 97.85
59 97.85
60 97.87
60.799999 97.88
61.5 97.88
62.200001 97.88
63 97.89
64 97.90
65 97.90
66 97.89
67 97.88
68 97.91
69 97.94
70 97.94
71 97.91
72 97.87
73 97.86
74 97.89
75 97.96
76.199997 98.02
77.5 98.06
78.800003 98.07
80 98.07
81.199997 98.06
82.5 98.04
83.800003 98.03
85 98.02
86.199997 98.00
87.5 98.00
88.5 97.99
90 97.98
91.199997 97.98
92.5 97.99
93.800003 97.99
95 97.99
96.199997 98.00
97.5 98.00
98.800003 98.00
100 98.00
101.5 98.00
103 98.00
104.400002 98.00
106 98.01
107.5 98.01
109 98.01
110.599998 98.01
112 98.01
113.800003 98.01
115 98.01
117.199997 98.01
118 98.01
120.599998 98.02
122 98.02
124.099998 98.02
125 98.02
126.5 98.02
128 98.02
131.5 98.02
132 98.02
134 98.02
136 98.03
138 98.03
140 98.03
143 98.03
145 98.03
147.5 98.03
150 98.03
152.5 98.03
155 98.04
157.5 98.04
160 98.04
162.5 98.04
165 98.03
167.5 98.03
170 98.03
172.5 98.03
175 98.03
177.5 98.03
180 98.03
182.5 98.03
185 98.03
187.5 98.03
190 98.03
192.5 98.03
195 98.03
197.5 98.03
200 98.03
203 98.03
206 98.04
209 98.04
212 98.04
214 98.04
218 98.04
220 98.04
224 98.04
227 98.04
230 98.04
233 98.04
236 98.04
240 98.04
243 98.04
247 98.04
250 98.04
254 98.04
258 98.04
262 98.04
265 98.04
269 98.04
272 98.04
276 98.04
280 98.04
285 98.04
290 98.04
295 98.04
300 98.04
304 98.04
307 98.04
311 98.04
315 98.04
320 98.04
325 98.04
330 98.04
335 98.04
340 98.03
345 98.03
350 98.03
355 98.03
360 98.02
365 98.02
370 98.02
375 98.02
382 98.02
387 98.01
395 98.01
400 98.02
406 98.03
412 98.06
418 98.10
425 98.14
431 98.17
437 98.19
444 98.19
450 98.19
455 98.19
462 98.19
468 98.19
475 98.19
482 98.19
487 98.19
494 98.19
500 98.20
508 98.20
515 98.21
522 98.21
530 98.22
538 98.23
545 98.23
552 98.24
560 98.25
570 98.26
580 98.28
590 98.29
600 98.31
608 98.32
615 98.33
622 98.34
630 98.36
640 98.40
650 98.43
660 98.47
670 98.50
680 98.53
690 98.57
700 98.60
710 98.64
720 98.68
730 98.72
740 98.76
750 98.79
762 98.83
775 98.86
788 98.90
800 98.94
812 98.99
825 99.06
838 99.13
850 99.22
862 99.30
875 99.41
885 99.49
900 99.62
912 99.73
925 99.86
938 100.00
950 100.12
962 100.25
975 100.39
988 100.54
1000 100.67
1015 100.83
1030 100.99
1044 101.15
1060 101.32
1075 101.48
1090 101.64
1106 101.80
1120 101.95
1138 102.12
1150 102.24
1172 102.44
1180 102.52
1206 102.74
1220 102.86
1241 103.03
1250 103.10
1265 103.21
1280 103.32
1315 103.57
1320 103.60
1340 103.73
1360 103.86
1380 103.98
1400 104.11
1430 104.28
1450 104.40
1475 104.54
1500 104.69
1525 104.83
1550 104.97
1575 105.13
1600 105.28
1625 105.45
1650 105.62
1675 105.78
1700 105.94
1725 106.10
1750 106.26
1775 106.41
1800 106.57
1825 106.73
1850 106.89
1875 107.05
1900 107.21
1925 107.37
1950 107.53
1975 107.69
2000 107.85
2030 108.03
2060 108.22
2090 108.40
2120 108.58
2140 108.69
2180 108.91
2200 109.02
2240 109.22
2270 109.36
2300 109.49
2330 109.62
2360 109.73
2400 109.88
2430 109.98
2470 110.12
2500 110.22
2540 110.34
2580 110.44
2620 110.53
2650 110.58
2690 110.62
2720 110.64
2760 110.63
2800 110.59
2850 110.51
2900 110.41
2950 110.29
3000 110.15
3040 110.04
3070 109.95
3110 109.83
3150 109.71
3200 109.58
3250 109.45
3300 109.33
3350 109.22
3400 109.12
3450 109.04
3500 108.96
3550 108.90
3600 108.85
3650 108.83
3700 108.83
3750 108.85
3820 108.88
3870 108.89
3950 108.88
4000 108.85
4060 108.81
4120 108.77
4180 108.72
4250 108.66
4310 108.60
4370 108.53
4440 108.44
4500 108.35
4550 108.27
4620 108.12
4680 107.95
4750 107.72
4820 107.44
4870 107.22
4940 106.89
5000 106.58
5080 106.13
5150 105.69
5220 105.20
5300 104.56
5380 103.83
5450 103.15
5520 102.44
5600 101.66
5700 100.80
5800 100.14
5900 99.66
6000 99.33
6080 99.11
6150 98.95
6220 98.79
6300 98.62
6400 98.43
6500 98.28
6600 98.16
6700 98.09
6800 98.06
6900 98.05
7000 98.08
7100 98.14
7200 98.23
7300 98.36
7400 98.53
7500 98.74
7620 99.08
7750 99.53
7880 100.09
8000 100.71
8120 101.42
8250 102.30
8380 103.28
8500 104.27
8620 105.30
8750 106.43
8850 107.27
9000 108.39
9120 109.11
9250 109.67
9380 109.99
9500 110.11
9620 110.12
9750 110.08
9880 110.03
10000 109.99
10150 109.88
10300 109.57
10440 108.98
10600 107.89
10750 106.45
10900 104.72
11060 102.69
11200 100.85
11380 98.55
11500 97.10
11720 94.65
11800 93.84
12060 91.47
12200 90.36
12410 88.86
12500 88.28
12650 87.38
12800 86.55
13150 84.84
13200 84.62
13400 83.75
13600 82.94
13800 82.17
14000 81.47
14300 80.57
14500 80.09
14750 79.60
15000 79.19
15250 78.78
15500 78.34
15750 77.80
16000 77.09
16250 76.14
16500 74.94
16750 73.47
17000 71.80
17250 70.00
17500 68.26
17750 66.87
18000 66.14
18250 66.07
18500 66.45
18750 67.08
19000 67.80
19250 68.43
19500 68.84
19750 69.00
20000 69.02
