20.000000	96.518
20.299999	96.574
20.600000	96.663
20.900000	96.761
21.200001	96.837
21.400000	96.865
21.799999	96.856
22.000000	96.820
22.400000	96.710
22.700001	96.620
23.000000	96.551
23.299999	96.513
23.600000	96.504
24.000000	96.512
24.299999	96.510
24.700001	96.468
25.000000	96.406
25.400000	96.309
25.799999	96.239
26.200001	96.233
26.500000	96.267
26.900000	96.336
27.200001	96.384
27.600000	96.427
28.000000	96.457
28.500000	96.521
29.000000	96.637
29.500000	96.754
30.000000	96.791
30.400000	96.743
30.700001	96.672
31.100000	96.564
31.500000	96.472
32.000000	96.398
32.500000	96.350
33.000000	96.299
33.500000	96.243
34.000000	96.194
34.500000	96.151
35.000000	96.109
35.500000	96.059
36.000000	96.010
36.500000	95.970
37.000000	95.940
37.500000	95.909
38.200001	95.863
38.700001	95.836
39.500000	95.817
40.000000	95.809
40.599998	95.784
41.200001	95.733
41.799999	95.659
42.500000	95.560
43.099998	95.475
43.700001	95.401
44.400002	95.341
45.000000	95.318
45.500000	95.314
46.200001	95.319
46.799999	95.320
47.500000	95.307
48.200001	95.284
48.700001	95.267
49.400002	95.242
50.000000	95.215
50.799999	95.156
51.500000	95.091
52.200001	95.038
53.000000	95.001
53.799999	94.984
54.500000	94.981
55.200001	94.989
56.000000	95.007
57.000000	95.043
58.000000	95.080
59.000000	95.119
60.000000	95.137
60.799999	95.123
61.500000	95.101
62.200001	95.085
63.000000	95.069
64.000000	95.029
65.000000	94.981
66.000000	94.945
67.000000	94.930
68.000000	94.943
69.000000	94.967
70.000000	94.981
71.000000	94.966
72.000000	94.906
73.000000	94.817
74.000000	94.720
75.000000	94.610
76.199997	94.469
77.500000	94.329
78.800003	94.218
80.000000	94.138
81.199997	94.074
82.500000	94.004
83.800003	93.925
85.000000	93.856
86.199997	93.802
87.500000	93.763
88.500000	93.745
90.000000	93.742
91.199997	93.755
92.500000	93.780
93.800003	93.810
95.000000	93.846
96.199997	93.894
97.500000	93.962
98.800003	94.041
100.000000	94.119
101.500000	94.222
103.000000	94.335
104.400002	94.445
106.000000	94.570
107.500000	94.690
109.000000	94.808
110.599998	94.912
112.000000	94.985
113.800003	95.069
115.000000	95.126
117.199997	95.228
118.000000	95.261
120.599998	95.321
122.000000	95.323
124.099998	95.293
125.000000	95.270
126.500000	95.222
128.000000	95.160
131.500000	94.982
132.000000	94.958
134.000000	94.864
136.000000	94.788
138.000000	94.719
140.000000	94.638
143.000000	94.501
145.000000	94.387
147.500000	94.249
150.000000	94.175
152.500000	94.119
155.000000	94.020
157.500000	93.906
160.000000	93.791
162.500000	93.656
165.000000	93.511
167.500000	93.381
170.000000	93.266
172.500000	93.146
175.000000	93.007
177.500000	92.854
180.000000	92.691
182.500000	92.523
185.000000	92.360
187.500000	92.216
190.000000	92.102
192.500000	92.009
195.000000	91.924
197.500000	91.844
200.000000	91.771
203.000000	91.704
206.000000	91.668
209.000000	91.650
212.000000	91.635
214.000000	91.614
218.000000	91.543
220.000000	91.501
224.000000	91.450
227.000000	91.442
230.000000	91.427
233.000000	91.401
236.000000	91.407
240.000000	91.477
243.000000	91.553
247.000000	91.641
250.000000	91.681
254.000000	91.731
258.000000	91.772
262.000000	91.795
265.000000	91.828
269.000000	91.910
272.000000	91.969
276.000000	92.002
280.000000	91.984
285.000000	91.936
290.000000	91.886
295.000000	91.817
300.000000	91.700
304.000000	91.561
307.000000	91.435
311.000000	91.286
315.000000	91.249
320.000000	91.480
325.000000	91.940
330.000000	92.358
335.000000	92.601
340.000000	92.726
345.000000	92.783
350.000000	92.779
355.000000	92.749
360.000000	92.714
365.000000	92.681
370.000000	92.654
375.000000	92.626
382.000000	92.580
387.000000	92.542
395.000000	92.473
400.000000	92.426
406.000000	92.368
412.000000	92.305
418.000000	92.240
425.000000	92.158
431.000000	92.087
437.000000	92.013
444.000000	91.922
450.000000	91.845
455.000000	91.780
462.000000	91.694
468.000000	91.624
475.000000	91.542
482.000000	91.457
487.000000	91.398
494.000000	91.322
500.000000	91.261
508.000000	91.183
515.000000	91.114
522.000000	91.048
530.000000	90.976
538.000000	90.916
545.000000	90.870
552.000000	90.823
560.000000	90.766
570.000000	90.695
580.000000	90.618
590.000000	90.542
600.000000	90.479
608.000000	90.439
615.000000	90.410
622.000000	90.383
630.000000	90.353
640.000000	90.314
650.000000	90.278
660.000000	90.262
670.000000	90.298
680.000000	90.407
690.000000	90.583
700.000000	90.803
710.000000	91.044
720.000000	91.291
730.000000	91.533
740.000000	91.760
750.000000	91.948
762.000000	92.100
775.000000	92.164
788.000000	92.148
800.000000	92.096
812.000000	92.029
825.000000	91.951
838.000000	91.877
850.000000	91.809
862.000000	91.740
875.000000	91.669
885.000000	91.620
900.000000	91.551
912.000000	91.495
925.000000	91.429
938.000000	91.358
950.000000	91.291
962.000000	91.221
975.000000	91.144
988.000000	91.070
1000.000000	91.002
1015.000000	90.919
1030.000000	90.835
1044.000000	90.755
1060.000000	90.668
1075.000000	90.595
1090.000000	90.523
1106.000000	90.443
1120.000000	90.374
1138.000000	90.296
1150.000000	90.249
1172.000000	90.162
1180.000000	90.127
1206.000000	90.014
1220.000000	89.954
1241.000000	89.875
1250.000000	89.844
1265.000000	89.796
1280.000000	89.744
1315.000000	89.620
1320.000000	89.603
1340.000000	89.540
1360.000000	89.480
1380.000000	89.423
1400.000000	89.368
1430.000000	89.297
1450.000000	89.258
1475.000000	89.228
1500.000000	89.220
1525.000000	89.233
1550.000000	89.273
1575.000000	89.339
1600.000000	89.432
1625.000000	89.547
1650.000000	89.679
1675.000000	89.825
1700.000000	89.980
1725.000000	90.144
1750.000000	90.320
1775.000000	90.508
1800.000000	90.712
1825.000000	90.935
1850.000000	91.178
1875.000000	91.445
1900.000000	91.733
1925.000000	92.037
1950.000000	92.340
1975.000000	92.630
2000.000000	92.901
2030.000000	93.221
2060.000000	93.554
2090.000000	93.917
2120.000000	94.306
2140.000000	94.566
2180.000000	95.040
2200.000000	95.234
2240.000000	95.531
2270.000000	95.693
2300.000000	95.831
2330.000000	95.967
2360.000000	96.111
2400.000000	96.317
2430.000000	96.479
2470.000000	96.701
2500.000000	96.870
2540.000000	97.103
2580.000000	97.343
2620.000000	97.591
2650.000000	97.780
2690.000000	98.030
2720.000000	98.207
2760.000000	98.414
2800.000000	98.584
2850.000000	98.877
2900.000000	99.290
2950.000000	99.672
3000.000000	99.989
3040.000000	100.212
3070.000000	100.365
3110.000000	100.563
3150.000000	100.763
3200.000000	101.020
3250.000000	101.272
3300.000000	101.487
3350.000000	101.632
3400.000000	101.707
3450.000000	101.767
3500.000000	101.847
3550.000000	101.934
3600.000000	102.004
3650.000000	102.036
3700.000000	102.020
3750.000000	101.946
3820.000000	101.769
3870.000000	101.654
3950.000000	101.499
4000.000000	101.369
4060.000000	101.168
4120.000000	100.941
4180.000000	100.703
4250.000000	100.428
4310.000000	100.200
4370.000000	99.988
4440.000000	99.769
4500.000000	99.608
4550.000000	99.494
4620.000000	99.368
4680.000000	99.291
4750.000000	99.233
4820.000000	99.189
4870.000000	99.157
4940.000000	99.099
5000.000000	99.044
5080.000000	99.007
5150.000000	99.061
5220.000000	99.210
5300.000000	99.450
5380.000000	99.695
5450.000000	99.891
5520.000000	100.063
5600.000000	100.225
5700.000000	100.347
5800.000000	100.334
5900.000000	100.139
6000.000000	99.739
6080.000000	99.273
6150.000000	98.768
6220.000000	98.186
6300.000000	97.437
6400.000000	96.398
6500.000000	95.263
6600.000000	94.059
6700.000000	92.816
6800.000000	91.569
6900.000000	90.361
7000.000000	89.222
7100.000000	88.176
7200.000000	87.244
7300.000000	86.493
7400.000000	86.060
7500.000000	86.079
7620.000000	86.649
7750.000000	87.606
7880.000000	88.594
8000.000000	89.450
8120.000000	90.264
8250.000000	91.085
8380.000000	91.800
8500.000000	92.311
8620.000000	92.610
8750.000000	92.633
8850.000000	92.412
9000.000000	91.695
9120.000000	90.839
9250.000000	89.715
9380.000000	88.477
9500.000000	87.301
9620.000000	86.154
9750.000000	85.059
9880.000000	84.410
10000.000000	84.531
10150.000000	85.481
10300.000000	86.718
10440.000000	87.880
10600.000000	89.179
10750.000000	90.311
10900.000000	91.255
11060.000000	91.989
11200.000000	92.396
11380.000000	92.594
11500.000000	92.492
11720.000000	91.737
11800.000000	91.294
12060.000000	89.973
12200.000000	90.005
12410.000000	91.007
12500.000000	91.516
12650.000000	92.230
12800.000000	92.681
13150.000000	92.626
13200.000000	92.506
13400.000000	91.823
13600.000000	90.949
13800.000000	90.041
14000.000000	89.198
14300.000000	88.046
14500.000000	87.213
14750.000000	85.829
15000.000000	83.786
15250.000000	81.005
15500.000000	77.969
15750.000000	76.034
16000.000000	76.276
16250.000000	77.858
16500.000000	79.685
16750.000000	81.238
17000.000000	82.206
17250.000000	82.370
17500.000000	81.733
17750.000000	80.568
18000.000000	79.279
18250.000000	78.211
18500.000000	77.531
18750.000000	77.308
19000.000000	77.599
19250.000000	78.340
19500.000000	79.236
19750.000000	79.951
20000.000000	80.311
