20 103.62
20.299999 103.68
20.6 103.74
20.9 103.80
21.200001 103.86
21.4 103.89
21.799999 103.97
22 104.00
22.4 104.07
22.700001 104.13
23 104.17
23.299999 104.22
23.6 104.27
24 104.33
24.299999 104.37
24.700001 104.42
25 104.46
25.4 104.50
25.799999 104.54
26.200001 104.59
26.5 104.62
26.9 104.66
27.200001 104.69
27.6 104.73
28 104.76
28.5 104.80
29 104.83
29.5 104.86
30 104.89
30.4 104.91
30.700001 104.93
31.1 104.96
31.5 104.98
32 105.01
32.5 105.04
33 105.07
33.5 105.09
34 105.11
34.5 105.13
35 105.15
35.5 105.16
36 105.18
36.5 105.19
37 105.20
37.5 105.21
38.200001 105.22
38.700001 105.23
39.5 105.24
40 105.24
40.599998 105.24
41.200001 105.25
41.799999 105.25
42.5 105.25
43.099998 105.25
43.700001 105.25
44.400002 105.25
45 105.24
45.5 105.24
46.200001 105.23
46.799999 105.23
47.5 105.22
48.200001 105.21
48.700001 105.20
49.400002 105.19
50 105.17
50.799999 105.16
51.5 105.15
52.200001 105.13
53 105.12
53.799999 105.10
54.5 105.08
55.200001 105.06
56 105.04
57 105.02
58 104.99
59 104.96
60 104.93
60.799999 104.91
61.5 104.88
62.200001 104.86
63 104.83
64 104.80
65 104.77
66 104.73
67 104.69
68 104.66
69 104.62
70 104.59
71 104.55
72 104.51
73 104.47
74 104.43
75 104.39
76.199997 104.35
77.5 104.29
78.800003 104.24
80 104.19
81.199997 104.15
82.5 104.09
83.800003 104.04
85 103.98
86.199997 103.93
87.5 103.88
88.5 103.84
90 103.78
91.199997 103.73
92.5 103.67
93.800003 103.62
95 103.57
96.199997 103.52
97.5 103.46
98.800003 103.41
100 103.36
101.5 103.29
103 103.23
104.400002 103.17
106 103.10
107.5 103.04
109 102.97
110.599998 102.91
112 102.85
113.800003 102.78
115 102.73
117.199997 102.64
118 102.60
120.599998 102.50
122 102.44
124.099998 102.36
125 102.33
126.5 102.27
128 102.21
131.5 102.07
132 102.05
134 101.97
136 101.89
138 101.81
140 101.73
143 101.61
145 101.54
147.5 101.45
150 101.36
152.5 101.27
155 101.19
157.5 101.11
160 101.03
162.5 100.96
165 100.88
167.5 100.81
170 100.73
172.5 100.66
175 100.58
177.5 100.51
180 100.43
182.5 100.36
185 100.28
187.5 100.21
190 100.13
192.5 100.06
195 99.99
197.5 99.92
200 99.85
203 99.77
206 99.68
209 99.61
212 99.53
214 99.48
218 99.39
220 99.34
224 99.25
227 99.18
230 99.11
233 99.04
236 98.97
240 98.88
243 98.82
247 98.73
250 98.67
254 98.59
258 98.51
262 98.43
265 98.37
269 98.30
272 98.24
276 98.17
280 98.10
285 98.02
290 97.94
295 97.86
300 97.78
304 97.72
307 97.67
311 97.62
315 97.56
320 97.49
325 97.42
330 97.36
335 97.29
340 97.23
345 97.17
350 97.11
355 97.06
360 97.02
365 96.98
370 96.94
375 96.90
382 96.85
387 96.82
395 96.75
400 96.71
406 96.66
412 96.60
418 96.55
425 96.48
431 96.42
437 96.37
444 96.32
450 96.27
455 96.24
462 96.19
468 96.16
475 96.13
482 96.10
487 96.07
494 96.03
500 96.01
508 95.98
515 95.95
522 95.94
530 95.92
538 95.91
545 95.90
552 95.90
560 95.90
570 95.91
580 95.93
590 95.95
600 95.97
608 95.99
615 96.01
622 96.03
630 96.05
640 96.09
650 96.12
660 96.16
670 96.20
680 96.24
690 96.29
700 96.33
710 96.38
720 96.43
730 96.49
740 96.54
750 96.60
762 96.67
775 96.75
788 96.84
800 96.92
812 97.01
825 97.11
838 97.21
850 97.31
862 97.41
875 97.52
885 97.60
900 97.74
912 97.85
925 97.98
938 98.11
950 98.23
962 98.37
975 98.52
988 98.68
1000 98.83
1015 99.03
1030 99.23
1044 99.43
1060 99.66
1075 99.87
1090 100.07
1106 100.28
1120 100.47
1138 100.69
1150 100.83
1172 101.07
1180 101.16
1206 101.42
1220 101.55
1241 101.74
1250 101.82
1265 101.94
1280 102.05
1315 102.30
1320 102.34
1340 102.46
1360 102.58
1380 102.70
1400 102.80
1430 102.95
1450 103.04
1475 103.15
1500 103.26
1525 103.35
1550 103.44
1575 103.53
1600 103.62
1625 103.70
1650 103.77
1675 103.85
1700 103.92
1725 103.99
1750 104.06
1775 104.12
1800 104.18
1825 104.25
1850 104.31
1875 104.37
1900 104.43
1925 104.48
1950 104.54
1975 104.60
2000 104.66
2030 104.72
2060 104.79
2090 104.85
2120 104.92
2140 104.96
2180 105.05
2200 105.09
2240 105.17
2270 105.23
2300 105.29
2330 105.35
2360 105.41
2400 105.48
2430 105.54
2470 105.61
2500 105.66
2540 105.72
2580 105.78
2620 105.84
2650 105.88
2690 105.92
2720 105.95
2760 105.99
2800 106.02
2850 106.05
2900 106.07
2950 106.08
3000 106.07
3040 106.05
3070 106.04
3110 106.00
3150 105.97
3200 105.90
3250 105.83
3300 105.75
3350 105.67
3400 105.58
3450 105.49
3500 105.39
3550 105.29
3600 105.17
3650 105.04
3700 104.90
3750 104.76
3820 104.56
3870 104.41
3950 104.19
4000 104.06
4060 103.91
4120 103.77
4180 103.65
4250 103.52
4310 103.42
4370 103.33
4440 103.23
4500 103.15
4550 103.09
4620 103.00
4680 102.93
4750 102.84
4820 102.75
4870 102.69
4940 102.61
5000 102.55
5080 102.50
5150 102.48
5220 102.48
5300 102.50
5380 102.53
5450 102.56
5520 102.59
5600 102.63
5700 102.69
5800 102.75
5900 102.82
6000 102.90
6080 102.97
6150 103.03
6220 103.09
6300 103.14
6400 103.19
6500 103.19
6600 103.13
6700 103.00
6800 102.80
6900 102.53
7000 102.20
7100 101.83
7200 101.43
7300 101.01
7400 100.59
7500 100.17
7620 99.68
7750 99.19
7880 98.76
8000 98.41
8120 98.14
8250 97.91
8380 97.77
8500 97.71
8620 97.70
8750 97.74
8850 97.77
9000 97.77
9120 97.68
9250 97.43
9380 96.99
9500 96.40
9620 95.65
9750 94.69
9880 93.65
10000 92.69
10150 91.62
10300 90.89
10440 90.69
10600 91.20
10750 92.39
10900 93.99
11060 95.74
11200 96.95
11380 97.66
11500 97.54
11720 96.33
11800 95.70
12060 93.57
12200 92.59
12410 91.50
12500 91.15
12650 90.69
12800 90.35
13150 89.82
13200 89.76
13400 89.55
13600 89.36
13800 89.15
14000 88.92
14300 88.47
14500 88.08
14750 87.46
15000 86.71
15250 85.84
15500 84.84
15750 83.66
16000 82.26
16250 80.88
16500 79.99
16750 79.89
17000 80.36
17250 81.06
17500 81.77
17750 82.38
18000 82.84
18250 83.13
18500 83.22
18750 83.06
19000 82.61
19250 81.87
19500 80.92
19750 80.01
