20.299999	82.332
20.600000	82.374
20.900000	82.428
21.200001	82.487
21.400000	82.531
21.799999	82.621
22.000000	82.668
22.400000	82.761
22.700001	82.828
23.000000	82.892
23.299999	82.953
23.600000	83.011
24.000000	83.086
24.299999	83.142
24.700001	83.215
25.000000	83.268
25.400000	83.337
25.799999	83.403
26.200001	83.466
26.500000	83.511
26.900000	83.568
27.200001	83.609
27.600000	83.663
28.000000	83.718
28.500000	83.786
29.000000	83.852
29.500000	83.915
30.000000	83.972
30.400000	84.015
30.700001	84.046
31.100000	84.087
31.500000	84.126
32.000000	84.175
32.500000	84.224
33.000000	84.271
33.500000	84.317
34.000000	84.359
34.500000	84.399
35.000000	84.439
35.500000	84.477
36.000000	84.516
36.500000	84.554
37.000000	84.591
37.500000	84.627
38.200001	84.675
38.700001	84.707
39.500000	84.757
40.000000	84.786
40.599998	84.819
41.200001	84.848
41.799999	84.877
42.500000	84.912
43.099998	84.945
43.700001	84.976
44.400002	85.010
45.000000	85.036
45.500000	85.056
46.200001	85.084
46.799999	85.109
47.500000	85.138
48.200001	85.166
48.700001	85.183
49.400002	85.208
50.000000	85.228
50.799999	85.256
51.500000	85.279
52.200001	85.302
53.000000	85.327
53.799999	85.352
54.500000	85.371
55.200001	85.390
56.000000	85.410
57.000000	85.433
58.000000	85.456
59.000000	85.480
60.000000	85.505
60.799999	85.523
61.500000	85.538
62.200001	85.552
63.000000	85.568
64.000000	85.588
65.000000	85.608
66.000000	85.625
67.000000	85.641
68.000000	85.657
69.000000	85.673
70.000000	85.689
71.000000	85.703
72.000000	85.715
73.000000	85.728
74.000000	85.742
75.000000	85.755
76.199997	85.769
77.500000	85.785
78.800003	85.799
80.000000	85.812
81.199997	85.825
82.500000	85.838
83.800003	85.850
85.000000	85.861
86.199997	85.871
87.500000	85.884
88.500000	85.893
90.000000	85.906
91.199997	85.917
92.500000	85.928
93.800003	85.938
95.000000	85.947
96.199997	85.955
97.500000	85.966
98.800003	85.978
100.000000	85.987
101.500000	85.995
103.000000	86.000
104.400002	86.005
106.000000	86.014
107.500000	86.026
109.000000	86.036
110.599998	86.045
112.000000	86.052
113.800003	86.059
115.000000	86.066
117.199997	86.078
118.000000	86.084
120.599998	86.096
122.000000	86.101
124.099998	86.109
125.000000	86.114
126.500000	86.120
128.000000	86.126
131.500000	86.136
132.000000	86.138
134.000000	86.144
136.000000	86.151
138.000000	86.157
140.000000	86.163
143.000000	86.172
145.000000	86.178
147.500000	86.185
150.000000	86.191
152.500000	86.197
155.000000	86.203
157.500000	86.210
160.000000	86.218
162.500000	86.224
165.000000	86.231
167.500000	86.236
170.000000	86.242
172.500000	86.248
175.000000	86.253
177.500000	86.259
180.000000	86.266
182.500000	86.270
185.000000	86.273
187.500000	86.276
190.000000	86.277
192.500000	86.278
195.000000	86.277
197.500000	86.275
200.000000	86.275
203.000000	86.284
206.000000	86.296
209.000000	86.304
212.000000	86.308
214.000000	86.311
218.000000	86.315
220.000000	86.317
224.000000	86.320
227.000000	86.321
230.000000	86.321
233.000000	86.323
236.000000	86.326
240.000000	86.333
243.000000	86.340
247.000000	86.352
250.000000	86.362
254.000000	86.376
258.000000	86.388
262.000000	86.397
265.000000	86.401
269.000000	86.406
272.000000	86.410
276.000000	86.415
280.000000	86.420
285.000000	86.424
290.000000	86.428
295.000000	86.436
300.000000	86.452
304.000000	86.469
307.000000	86.484
311.000000	86.501
315.000000	86.515
320.000000	86.525
325.000000	86.530
330.000000	86.534
335.000000	86.536
340.000000	86.537
345.000000	86.537
350.000000	86.537
355.000000	86.537
360.000000	86.537
365.000000	86.536
370.000000	86.536
375.000000	86.536
382.000000	86.534
387.000000	86.533
395.000000	86.531
400.000000	86.529
406.000000	86.526
412.000000	86.525
418.000000	86.523
425.000000	86.522
431.000000	86.519
437.000000	86.517
444.000000	86.512
450.000000	86.508
455.000000	86.504
462.000000	86.499
468.000000	86.495
475.000000	86.492
482.000000	86.489
487.000000	86.487
494.000000	86.484
500.000000	86.482
508.000000	86.476
515.000000	86.469
522.000000	86.462
530.000000	86.454
538.000000	86.445
545.000000	86.436
552.000000	86.428
560.000000	86.419
570.000000	86.410
580.000000	86.404
590.000000	86.397
600.000000	86.388
608.000000	86.382
615.000000	86.376
622.000000	86.371
630.000000	86.365
640.000000	86.358
650.000000	86.353
660.000000	86.350
670.000000	86.347
680.000000	86.347
690.000000	86.348
700.000000	86.351
710.000000	86.356
720.000000	86.361
730.000000	86.367
740.000000	86.372
750.000000	86.378
762.000000	86.388
775.000000	86.407
788.000000	86.434
800.000000	86.468
812.000000	86.507
825.000000	86.558
838.000000	86.614
850.000000	86.672
862.000000	86.735
875.000000	86.809
885.000000	86.868
900.000000	86.964
912.000000	87.045
925.000000	87.136
938.000000	87.233
950.000000	87.326
962.000000	87.422
975.000000	87.528
988.000000	87.636
1000.000000	87.738
1015.000000	87.870
1030.000000	88.005
1044.000000	88.133
1060.000000	88.280
1075.000000	88.419
1090.000000	88.559
1106.000000	88.709
1120.000000	88.841
1138.000000	89.011
1150.000000	89.125
1172.000000	89.332
1180.000000	89.408
1206.000000	89.654
1220.000000	89.788
1241.000000	89.989
1250.000000	90.075
1265.000000	90.219
1280.000000	90.364
1315.000000	90.709
1320.000000	90.759
1340.000000	90.960
1360.000000	91.165
1380.000000	91.373
1400.000000	91.585
1430.000000	91.912
1450.000000	92.136
1475.000000	92.423
1500.000000	92.718
1525.000000	93.019
1550.000000	93.329
1575.000000	93.647
1600.000000	93.970
1625.000000	94.298
1650.000000	94.632
1675.000000	94.969
1700.000000	95.305
1725.000000	95.641
1750.000000	95.971
1775.000000	96.292
1800.000000	96.600
1825.000000	96.889
1850.000000	97.156
1875.000000	97.394
1900.000000	97.599
1925.000000	97.766
1950.000000	97.891
1975.000000	97.971
2000.000000	98.005
2030.000000	97.984
2060.000000	97.899
2090.000000	97.754
2120.000000	97.553
2140.000000	97.392
2180.000000	97.012
2200.000000	96.793
2240.000000	96.309
2270.000000	95.916
2300.000000	95.534
2330.000000	95.216
2360.000000	94.983
2400.000000	94.708
2430.000000	94.462
2470.000000	94.072
2500.000000	93.761
2540.000000	93.364
2580.000000	93.008
2620.000000	92.688
2650.000000	92.463
2690.000000	92.178
2720.000000	91.974
2760.000000	91.713
2800.000000	91.466
2850.000000	91.179
2900.000000	90.915
2950.000000	90.675
3000.000000	90.457
3040.000000	90.298
3070.000000	90.189
3110.000000	90.056
3150.000000	89.940
3200.000000	89.816
3250.000000	89.715
3300.000000	89.636
3350.000000	89.574
3400.000000	89.528
3450.000000	89.495
3500.000000	89.476
3550.000000	89.470
3600.000000	89.481
3650.000000	89.506
3700.000000	89.547
3750.000000	89.601
3820.000000	89.697
3870.000000	89.781
3950.000000	89.939
4000.000000	90.054
4060.000000	90.209
4120.000000	90.378
4180.000000	90.559
4250.000000	90.779
4310.000000	90.970
4370.000000	91.159
4440.000000	91.368
4500.000000	91.532
4550.000000	91.654
4620.000000	91.793
4680.000000	91.877
4750.000000	91.925
4820.000000	91.915
4870.000000	91.868
4940.000000	91.747
5000.000000	91.593
5080.000000	91.321
5150.000000	91.031
5220.000000	90.703
5300.000000	90.295
5380.000000	89.867
5450.000000	89.484
5520.000000	89.099
5600.000000	88.659
5700.000000	88.115
5800.000000	87.582
5900.000000	87.064
6000.000000	86.566
6080.000000	86.184
6150.000000	85.864
6220.000000	85.561
6300.000000	85.236
6400.000000	84.868
6500.000000	84.550
6600.000000	84.287
6700.000000	84.085
6800.000000	83.950
6900.000000	83.889
7000.000000	83.915
7100.000000	84.037
7200.000000	84.257
7300.000000	84.578
7400.000000	84.989
7500.000000	85.480
7620.000000	86.136
7750.000000	86.856
7880.000000	87.481
8000.000000	87.874
8120.000000	88.028
8250.000000	87.910
8380.000000	87.546
8500.000000	87.065
8620.000000	86.519
8750.000000	85.913
8850.000000	85.451
9000.000000	84.762
9120.000000	84.203
9250.000000	83.577
9380.000000	82.933
9500.000000	82.331
9620.000000	81.734
9750.000000	81.111
9880.000000	80.523
10000.000000	80.025
10150.000000	79.471
10300.000000	79.001
10440.000000	78.642
10600.000000	78.325
10750.000000	78.122
10900.000000	78.010
11060.000000	77.993
11200.000000	78.066
11380.000000	78.289
11500.000000	78.523
11720.000000	79.149
11800.000000	79.445
12060.000000	80.678
12200.000000	81.509
12410.000000	82.906
12500.000000	83.524
12650.000000	84.498
12800.000000	85.309
13150.000000	85.995
13200.000000	85.923
13400.000000	85.231
13600.000000	84.029
13800.000000	82.564
14000.000000	81.079
14300.000000	79.206
14500.000000	78.340
14750.000000	77.761
15000.000000	77.762
15250.000000	78.344
15500.000000	79.452
15750.000000	80.923
16000.000000	82.488
16250.000000	83.828
16500.000000	84.669
16750.000000	84.854
17000.000000	84.359
17250.000000	83.222
17500.000000	81.468
17750.000000	79.105
18000.000000	76.178
18250.000000	72.766
18500.000000	68.964
18750.000000	64.902
19000.000000	60.879
19250.000000	57.581
19500.000000	55.689
19750.000000	54.990
20000.000000	54.803
