20.000000	82.259
20.299999	82.404
20.600000	82.543
20.900000	82.677
21.200001	82.808
21.400000	82.895
21.799999	83.067
22.000000	83.154
22.400000	83.322
22.700001	83.445
23.000000	83.564
23.299999	83.677
23.600000	83.786
24.000000	83.928
24.299999	84.032
24.700001	84.171
25.000000	84.274
25.400000	84.409
25.799999	84.541
26.200001	84.671
26.500000	84.769
26.900000	84.895
27.200001	84.987
27.600000	85.105
28.000000	85.214
28.500000	85.342
29.000000	85.466
29.500000	85.590
30.000000	85.712
30.400000	85.806
30.700001	85.874
31.100000	85.963
31.500000	86.049
32.000000	86.154
32.500000	86.256
33.000000	86.352
33.500000	86.435
34.000000	86.510
34.500000	86.581
35.000000	86.653
35.500000	86.728
36.000000	86.804
36.500000	86.876
37.000000	86.941
37.500000	87.003
38.200001	87.084
38.700001	87.142
39.500000	87.235
40.000000	87.291
40.599998	87.352
41.200001	87.408
41.799999	87.458
42.500000	87.511
43.099998	87.554
43.700001	87.596
44.400002	87.644
45.000000	87.683
45.500000	87.712
46.200001	87.748
46.799999	87.775
47.500000	87.805
48.200001	87.837
48.700001	87.861
49.400002	87.894
50.000000	87.922
50.799999	87.959
51.500000	87.989
52.200001	88.016
53.000000	88.038
53.799999	88.052
54.500000	88.058
55.200001	88.059
56.000000	88.053
57.000000	88.041
58.000000	88.034
59.000000	88.037
60.000000	88.038
60.799999	88.032
61.500000	88.022
62.200001	88.008
63.000000	87.989
64.000000	87.960
65.000000	87.925
66.000000	87.885
67.000000	87.841
68.000000	87.797
69.000000	87.749
70.000000	87.698
71.000000	87.644
72.000000	87.588
73.000000	87.529
74.000000	87.466
75.000000	87.398
76.199997	87.317
77.500000	87.229
78.800003	87.143
80.000000	87.069
81.199997	86.995
82.500000	86.914
83.800003	86.831
85.000000	86.755
86.199997	86.682
87.500000	86.606
88.500000	86.550
90.000000	86.469
91.199997	86.405
92.500000	86.337
93.800003	86.269
95.000000	86.207
96.199997	86.144
97.500000	86.076
98.800003	86.009
100.000000	85.950
101.500000	85.879
103.000000	85.811
104.400002	85.754
106.000000	85.691
107.500000	85.637
109.000000	85.585
110.599998	85.533
112.000000	85.492
113.800003	85.443
115.000000	85.413
117.199997	85.367
118.000000	85.350
120.599998	85.294
122.000000	85.263
124.099998	85.219
125.000000	85.202
126.500000	85.175
128.000000	85.148
131.500000	85.081
132.000000	85.070
134.000000	85.028
136.000000	84.987
138.000000	84.947
140.000000	84.910
143.000000	84.856
145.000000	84.819
147.500000	84.773
150.000000	84.730
152.500000	84.690
155.000000	84.653
157.500000	84.617
160.000000	84.581
162.500000	84.544
165.000000	84.508
167.500000	84.475
170.000000	84.444
172.500000	84.421
175.000000	84.403
177.500000	84.377
180.000000	84.343
182.500000	84.308
185.000000	84.271
187.500000	84.228
190.000000	84.184
192.500000	84.145
195.000000	84.111
197.500000	84.081
200.000000	84.056
203.000000	84.030
206.000000	84.008
209.000000	83.989
212.000000	83.975
214.000000	83.968
218.000000	83.959
220.000000	83.957
224.000000	83.954
227.000000	83.953
230.000000	83.954
233.000000	83.953
236.000000	83.951
240.000000	83.948
243.000000	83.946
247.000000	83.943
250.000000	83.940
254.000000	83.934
258.000000	83.929
262.000000	83.925
265.000000	83.924
269.000000	83.928
272.000000	83.934
276.000000	83.948
280.000000	83.968
285.000000	83.990
290.000000	84.006
295.000000	84.023
300.000000	84.046
304.000000	84.064
307.000000	84.073
311.000000	84.084
315.000000	84.095
320.000000	84.117
325.000000	84.148
330.000000	84.186
335.000000	84.231
340.000000	84.278
345.000000	84.319
350.000000	84.355
355.000000	84.387
360.000000	84.418
365.000000	84.455
370.000000	84.499
375.000000	84.548
382.000000	84.616
387.000000	84.660
395.000000	84.722
400.000000	84.755
406.000000	84.792
412.000000	84.829
418.000000	84.869
425.000000	84.915
431.000000	84.956
437.000000	85.000
444.000000	85.054
450.000000	85.096
455.000000	85.127
462.000000	85.165
468.000000	85.197
475.000000	85.238
482.000000	85.283
487.000000	85.314
494.000000	85.350
500.000000	85.377
508.000000	85.416
515.000000	85.453
522.000000	85.487
530.000000	85.523
538.000000	85.552
545.000000	85.577
552.000000	85.604
560.000000	85.637
570.000000	85.675
580.000000	85.722
590.000000	85.779
600.000000	85.841
608.000000	85.894
615.000000	85.941
622.000000	85.987
630.000000	86.041
640.000000	86.113
650.000000	86.192
660.000000	86.274
670.000000	86.358
680.000000	86.443
690.000000	86.537
700.000000	86.642
710.000000	86.757
720.000000	86.886
730.000000	87.026
740.000000	87.168
750.000000	87.304
762.000000	87.456
775.000000	87.610
788.000000	87.779
800.000000	87.951
812.000000	88.124
825.000000	88.298
838.000000	88.434
850.000000	88.520
862.000000	88.569
875.000000	88.588
885.000000	88.584
900.000000	88.562
912.000000	88.537
925.000000	88.515
938.000000	88.501
950.000000	88.483
962.000000	88.457
975.000000	88.425
988.000000	88.394
1000.000000	88.358
1015.000000	88.282
1030.000000	88.167
1044.000000	88.062
1060.000000	87.994
1075.000000	87.970
1090.000000	87.936
1106.000000	87.870
1120.000000	87.788
1138.000000	87.652
1150.000000	87.553
1172.000000	87.442
1180.000000	87.440
1206.000000	87.519
1220.000000	87.552
1241.000000	87.510
1250.000000	87.462
1265.000000	87.363
1280.000000	87.268
1315.000000	87.174
1320.000000	87.166
1340.000000	87.115
1360.000000	87.034
1380.000000	86.958
1400.000000	86.912
1430.000000	86.898
1450.000000	86.927
1475.000000	87.008
1500.000000	87.078
1525.000000	87.106
1550.000000	87.160
1575.000000	87.292
1600.000000	87.447
1625.000000	87.552
1650.000000	87.631
1675.000000	87.750
1700.000000	87.906
1725.000000	88.080
1750.000000	88.256
1775.000000	88.447
1800.000000	88.688
1825.000000	88.989
1850.000000	89.307
1875.000000	89.596
1900.000000	89.853
1925.000000	90.084
1950.000000	90.269
1975.000000	90.399
2000.000000	90.502
2030.000000	90.639
2060.000000	90.805
2090.000000	91.001
2120.000000	91.234
2140.000000	91.415
2180.000000	91.851
2200.000000	92.103
2240.000000	92.623
2270.000000	92.999
2300.000000	93.375
2330.000000	93.748
2360.000000	94.082
2400.000000	94.463
2430.000000	94.726
2470.000000	95.030
2500.000000	95.220
2540.000000	95.463
2580.000000	95.700
2620.000000	95.911
2650.000000	96.055
2690.000000	96.246
2720.000000	96.388
2760.000000	96.556
2800.000000	96.709
2850.000000	96.858
2900.000000	96.913
2950.000000	96.883
3000.000000	96.809
3040.000000	96.745
3070.000000	96.715
3110.000000	96.715
3150.000000	96.757
3200.000000	96.852
3250.000000	96.962
3300.000000	97.040
3350.000000	97.091
3400.000000	97.113
3450.000000	97.111
3500.000000	97.091
3550.000000	97.049
3600.000000	96.992
3650.000000	96.925
3700.000000	96.861
3750.000000	96.807
3820.000000	96.742
3870.000000	96.688
3950.000000	96.517
4000.000000	96.318
4060.000000	95.958
4120.000000	95.479
4180.000000	94.908
4250.000000	94.150
4310.000000	93.459
4370.000000	92.853
4440.000000	92.486
4500.000000	92.585
4550.000000	92.900
4620.000000	93.465
4680.000000	93.890
4750.000000	94.222
4820.000000	94.373
4870.000000	94.388
4940.000000	94.326
5000.000000	94.242
5080.000000	94.143
5150.000000	94.109
5220.000000	94.175
5300.000000	94.410
5380.000000	94.721
5450.000000	94.892
5520.000000	94.866
5600.000000	94.576
5700.000000	93.911
5800.000000	93.050
5900.000000	92.091
6000.000000	91.082
6080.000000	90.279
6150.000000	89.618
6220.000000	89.016
6300.000000	88.407
6400.000000	87.756
6500.000000	87.226
6600.000000	86.834
6700.000000	86.578
6800.000000	86.421
6900.000000	86.326
7000.000000	86.267
7100.000000	86.215
7200.000000	86.135
7300.000000	85.987
7400.000000	85.755
7500.000000	85.455
7620.000000	85.056
7750.000000	84.590
7880.000000	84.062
8000.000000	83.485
8120.000000	82.766
8250.000000	81.748
8380.000000	80.415
8500.000000	78.926
8620.000000	77.464
8750.000000	76.634
8850.000000	76.835
9000.000000	77.642
9120.000000	77.945
9250.000000	77.882
9380.000000	77.774
9500.000000	77.871
9620.000000	78.118
9750.000000	78.358
9880.000000	78.416
10000.000000	78.267
10150.000000	77.834
10300.000000	77.240
10440.000000	76.848
10600.000000	77.348
10750.000000	79.064
10900.000000	81.224
11060.000000	83.043
11200.000000	83.789
11380.000000	83.329
11500.000000	82.138
11720.000000	78.530
11800.000000	77.004
12060.000000	73.790
12200.000000	73.995
12410.000000	75.192
12500.000000	75.625
12650.000000	76.056
12800.000000	76.096
13150.000000	74.834
13200.000000	74.522
13400.000000	73.050
13600.000000	71.523
13800.000000	70.674
14000.000000	71.363
14300.000000	74.670
14500.000000	77.060
14750.000000	79.332
15000.000000	80.488
15250.000000	80.647
15500.000000	80.206
15750.000000	79.573
16000.000000	79.038
16250.000000	78.742
16500.000000	78.662
16750.000000	78.677
17000.000000	78.548
17250.000000	77.931
17500.000000	76.637
17750.000000	74.859
18000.000000	73.129
18250.000000	72.031
18500.000000	71.691
18750.000000	71.730
19000.000000	71.812
19250.000000	72.007
19500.000000	72.549
19750.000000	73.212
