20.299999	100.234
20.600000	100.227
20.900000	100.215
21.200001	100.203
21.400000	100.194
21.799999	100.178
22.000000	100.171
22.400000	100.151
22.700001	100.135
23.000000	100.117
23.299999	100.095
23.600000	100.072
24.000000	100.039
24.299999	100.013
24.700001	99.981
25.000000	99.956
25.400000	99.924
25.799999	99.894
26.200001	99.864
26.500000	99.843
26.900000	99.814
27.200001	99.791
27.600000	99.760
28.000000	99.727
28.500000	99.683
29.000000	99.641
29.500000	99.596
30.000000	99.553
30.400000	99.518
30.700001	99.492
31.100000	99.457
31.500000	99.422
32.000000	99.377
32.500000	99.333
33.000000	99.289
33.500000	99.245
34.000000	99.201
34.500000	99.156
35.000000	99.111
35.500000	99.065
36.000000	99.020
36.500000	98.976
37.000000	98.932
37.500000	98.889
38.200001	98.829
38.700001	98.787
39.500000	98.719
40.000000	98.677
40.599998	98.626
41.200001	98.576
41.799999	98.525
42.500000	98.468
43.099998	98.418
43.700001	98.370
44.400002	98.314
45.000000	98.266
45.500000	98.225
46.200001	98.169
46.799999	98.121
47.500000	98.066
48.200001	98.011
48.700001	97.974
49.400002	97.922
50.000000	97.876
50.799999	97.817
51.500000	97.766
52.200001	97.714
53.000000	97.654
53.799999	97.595
54.500000	97.544
55.200001	97.493
56.000000	97.436
57.000000	97.364
58.000000	97.295
59.000000	97.226
60.000000	97.158
60.799999	97.105
61.500000	97.056
62.200001	97.009
63.000000	96.955
64.000000	96.888
65.000000	96.821
66.000000	96.755
67.000000	96.689
68.000000	96.623
69.000000	96.559
70.000000	96.495
71.000000	96.430
72.000000	96.365
73.000000	96.303
74.000000	96.243
75.000000	96.184
76.199997	96.115
77.500000	96.039
78.800003	95.963
80.000000	95.891
81.199997	95.821
82.500000	95.748
83.800003	95.675
85.000000	95.607
86.199997	95.540
87.500000	95.468
88.500000	95.414
90.000000	95.334
91.199997	95.271
92.500000	95.203
93.800003	95.138
95.000000	95.078
96.199997	95.019
97.500000	94.957
98.800003	94.894
100.000000	94.836
101.500000	94.763
103.000000	94.691
104.400002	94.625
106.000000	94.552
107.500000	94.484
109.000000	94.420
110.599998	94.352
112.000000	94.293
113.800003	94.217
115.000000	94.166
117.199997	94.075
118.000000	94.042
120.599998	93.939
122.000000	93.885
124.099998	93.805
125.000000	93.772
126.500000	93.716
128.000000	93.662
131.500000	93.539
132.000000	93.521
134.000000	93.451
136.000000	93.381
138.000000	93.317
140.000000	93.258
143.000000	93.175
145.000000	93.116
147.500000	93.035
150.000000	92.955
152.500000	92.881
155.000000	92.810
157.500000	92.744
160.000000	92.680
162.500000	92.619
165.000000	92.558
167.500000	92.498
170.000000	92.441
172.500000	92.387
175.000000	92.333
177.500000	92.276
180.000000	92.221
182.500000	92.167
185.000000	92.117
187.500000	92.070
190.000000	92.023
192.500000	91.978
195.000000	91.933
197.500000	91.888
200.000000	91.845
203.000000	91.794
206.000000	91.746
209.000000	91.699
212.000000	91.654
214.000000	91.624
218.000000	91.566
220.000000	91.537
224.000000	91.483
227.000000	91.445
230.000000	91.407
233.000000	91.370
236.000000	91.334
240.000000	91.287
243.000000	91.254
247.000000	91.210
250.000000	91.179
254.000000	91.139
258.000000	91.102
262.000000	91.066
265.000000	91.039
269.000000	91.005
272.000000	90.981
276.000000	90.948
280.000000	90.918
285.000000	90.882
290.000000	90.846
295.000000	90.813
300.000000	90.780
304.000000	90.755
307.000000	90.738
311.000000	90.715
315.000000	90.696
320.000000	90.672
325.000000	90.650
330.000000	90.627
335.000000	90.606
340.000000	90.586
345.000000	90.567
350.000000	90.548
355.000000	90.530
360.000000	90.514
365.000000	90.499
370.000000	90.486
375.000000	90.475
382.000000	90.462
387.000000	90.452
395.000000	90.434
400.000000	90.422
406.000000	90.413
412.000000	90.407
418.000000	90.404
425.000000	90.398
431.000000	90.392
437.000000	90.386
444.000000	90.378
450.000000	90.371
455.000000	90.367
462.000000	90.360
468.000000	90.355
475.000000	90.352
482.000000	90.348
487.000000	90.346
494.000000	90.345
500.000000	90.347
508.000000	90.358
515.000000	90.372
522.000000	90.382
530.000000	90.389
538.000000	90.391
545.000000	90.389
552.000000	90.385
560.000000	90.381
570.000000	90.377
580.000000	90.374
590.000000	90.373
600.000000	90.368
608.000000	90.364
615.000000	90.362
622.000000	90.362
630.000000	90.365
640.000000	90.371
650.000000	90.381
660.000000	90.393
670.000000	90.410
680.000000	90.431
690.000000	90.457
700.000000	90.483
710.000000	90.510
720.000000	90.538
730.000000	90.569
740.000000	90.602
750.000000	90.638
762.000000	90.684
775.000000	90.737
788.000000	90.791
800.000000	90.843
812.000000	90.897
825.000000	90.958
838.000000	91.020
850.000000	91.082
862.000000	91.146
875.000000	91.218
885.000000	91.275
900.000000	91.363
912.000000	91.435
925.000000	91.516
938.000000	91.597
950.000000	91.675
962.000000	91.753
975.000000	91.838
988.000000	91.924
1000.000000	92.003
1015.000000	92.102
1030.000000	92.201
1044.000000	92.292
1060.000000	92.395
1075.000000	92.489
1090.000000	92.583
1106.000000	92.679
1120.000000	92.761
1138.000000	92.864
1150.000000	92.931
1172.000000	93.052
1180.000000	93.094
1206.000000	93.230
1220.000000	93.302
1241.000000	93.407
1250.000000	93.453
1265.000000	93.527
1280.000000	93.601
1315.000000	93.768
1320.000000	93.792
1340.000000	93.884
1360.000000	93.975
1380.000000	94.067
1400.000000	94.160
1430.000000	94.302
1450.000000	94.398
1475.000000	94.519
1500.000000	94.640
1525.000000	94.761
1550.000000	94.881
1575.000000	95.000
1600.000000	95.117
1625.000000	95.231
1650.000000	95.341
1675.000000	95.448
1700.000000	95.548
1725.000000	95.643
1750.000000	95.731
1775.000000	95.812
1800.000000	95.885
1825.000000	95.950
1850.000000	96.006
1875.000000	96.053
1900.000000	96.090
1925.000000	96.118
1950.000000	96.136
1975.000000	96.141
2000.000000	96.133
2030.000000	96.108
2060.000000	96.064
2090.000000	96.002
2120.000000	95.933
2140.000000	95.888
2180.000000	95.832
2200.000000	95.832
2240.000000	95.910
2270.000000	96.042
2300.000000	96.223
2330.000000	96.432
2360.000000	96.647
2400.000000	96.916
2430.000000	97.097
2470.000000	97.311
2500.000000	97.455
2540.000000	97.632
2580.000000	97.801
2620.000000	97.966
2650.000000	98.087
2690.000000	98.241
2720.000000	98.345
2760.000000	98.468
2800.000000	98.571
2850.000000	98.677
2900.000000	98.758
2950.000000	98.816
3000.000000	98.856
3040.000000	98.876
3070.000000	98.886
3110.000000	98.894
3150.000000	98.896
3200.000000	98.890
3250.000000	98.873
3300.000000	98.840
3350.000000	98.786
3400.000000	98.709
3450.000000	98.605
3500.000000	98.475
3550.000000	98.319
3600.000000	98.140
3650.000000	97.935
3700.000000	97.704
3750.000000	97.442
3820.000000	97.020
3870.000000	96.678
3950.000000	96.066
4000.000000	95.651
4060.000000	95.129
4120.000000	94.591
4180.000000	94.047
4250.000000	93.419
4310.000000	92.896
4370.000000	92.397
4440.000000	91.850
4500.000000	91.421
4550.000000	91.094
4620.000000	90.691
4680.000000	90.401
4750.000000	90.138
4820.000000	89.970
4870.000000	89.915
4940.000000	89.946
5000.000000	90.080
5080.000000	90.426
5150.000000	90.871
5220.000000	91.407
5300.000000	92.034
5380.000000	92.539
5450.000000	92.778
5520.000000	92.776
5600.000000	92.478
5700.000000	91.768
5800.000000	90.871
5900.000000	89.975
6000.000000	89.194
6080.000000	88.688
6150.000000	88.339
6220.000000	88.077
6300.000000	87.878
6400.000000	87.775
6500.000000	87.825
6600.000000	88.019
6700.000000	88.351
6800.000000	88.811
6900.000000	89.388
7000.000000	90.071
7100.000000	90.840
7200.000000	91.669
7300.000000	92.514
7400.000000	93.310
7500.000000	93.980
7620.000000	94.504
7750.000000	94.624
7880.000000	94.252
8000.000000	93.540
8120.000000	92.595
8250.000000	91.462
8380.000000	90.365
8500.000000	89.507
8620.000000	88.913
8750.000000	88.719
8850.000000	88.987
9000.000000	90.120
9120.000000	91.495
9250.000000	93.100
9380.000000	94.454
9500.000000	95.253
9620.000000	95.553
9750.000000	95.423
9880.000000	95.065
10000.000000	94.778
10150.000000	94.730
10300.000000	95.102
10440.000000	95.671
10600.000000	96.169
10750.000000	96.029
10900.000000	94.981
11060.000000	92.832
11200.000000	90.293
11380.000000	86.763
11500.000000	84.870
11720.000000	83.761
11800.000000	84.099
12060.000000	86.331
12200.000000	87.684
12410.000000	89.554
12500.000000	90.234
12650.000000	91.112
12800.000000	91.576
13150.000000	90.782
13200.000000	90.480
13400.000000	88.965
13600.000000	87.228
13800.000000	85.576
14000.000000	84.198
14300.000000	82.769
14500.000000	82.195
14750.000000	81.785
15000.000000	81.579
15250.000000	81.417
15500.000000	81.130
15750.000000	80.584
16000.000000	79.778
16250.000000	78.925
16500.000000	78.429
16750.000000	78.626
17000.000000	79.303
17250.000000	79.588
17500.000000	78.981
17750.000000	77.880
18000.000000	77.125
18250.000000	77.276
18500.000000	78.097
18750.000000	79.005
19000.000000	79.589
19250.000000	79.674
19500.000000	79.275
19750.000000	78.603
20000.000000	78.087
