20.299999 90.83
20.6 90.89
20.9 90.97
21.200001 91.06
21.4 91.11
21.799999 91.22
22 91.28
22.4 91.39
22.700001 91.47
23 91.55
23.299999 91.62
23.6 91.70
24 91.79
24.299999 91.86
24.700001 91.94
25 92.00
25.4 92.08
25.799999 92.16
26.200001 92.24
26.5 92.29
26.9 92.36
27.200001 92.42
27.6 92.48
28 92.55
28.5 92.62
29 92.69
29.5 92.76
30 92.83
30.4 92.88
30.700001 92.92
31.1 92.97
31.5 93.02
32 93.08
32.5 93.13
33 93.18
33.5 93.23
34 93.28
34.5 93.32
35 93.36
35.5 93.41
36 93.45
36.5 93.48
37 93.52
37.5 93.56
38.200001 93.61
38.700001 93.64
39.5 93.69
40 93.72
40.599998 93.75
41.200001 93.78
41.799999 93.81
42.5 93.84
43.099998 93.87
43.700001 93.90
44.400002 93.93
45 93.95
45.5 93.97
46.200001 93.99
46.799999 94.01
47.5 94.03
48.200001 94.05
48.700001 94.07
49.400002 94.09
50 94.11
50.799999 94.12
51.5 94.14
52.200001 94.15
53 94.17
53.799999 94.18
54.5 94.19
55.200001 94.20
56 94.21
57 94.22
58 94.23
59 94.24
60 94.25
60.799999 94.25
61.5 94.26
62.200001 94.26
63 94.27
64 94.27
65 94.27
66 94.26
67 94.26
68 94.26
69 94.26
70 94.26
71 94.26
72 94.25
73 94.24
74 94.24
75 94.23
76.199997 94.22
77.5 94.21
78.800003 94.20
80 94.19
81.199997 94.18
82.5 94.16
83.800003 94.15
85 94.13
86.199997 94.12
87.5 94.10
88.5 94.09
90 94.07
91.199997 94.05
92.5 94.03
93.800003 94.01
95 93.99
96.199997 93.97
97.5 93.95
98.800003 93.92
100 93.90
101.5 93.87
103 93.84
104.400002 93.81
106 93.78
107.5 93.75
109 93.72
110.599998 93.69
112 93.67
113.800003 93.65
115 93.63
117.199997 93.59
118 93.58
120.599998 93.52
122 93.49
124.099998 93.45
125 93.43
126.5 93.40
128 93.36
131.5 93.29
132 93.28
134 93.25
136 93.20
138 93.17
140 93.13
143 93.09
145 93.05
147.5 93.01
150 92.96
152.5 92.92
155 92.87
157.5 92.82
160 92.77
162.5 92.72
165 92.67
167.5 92.62
170 92.58
172.5 92.53
175 92.48
177.5 92.43
180 92.38
182.5 92.33
185 92.28
187.5 92.23
190 92.18
192.5 92.14
195 92.09
197.5 92.04
200 92.00
203 91.94
206 91.89
209 91.83
212 91.77
214 91.74
218 91.67
220 91.63
224 91.56
227 91.50
230 91.45
233 91.40
236 91.35
240 91.28
243 91.23
247 91.17
250 91.12
254 91.06
258 91.00
262 90.94
265 90.89
269 90.83
272 90.79
276 90.73
280 90.67
285 90.60
290 90.53
295 90.47
300 90.41
304 90.37
307 90.33
311 90.29
315 90.25
320 90.19
325 90.14
330 90.09
335 90.04
340 89.98
345 89.93
350 89.88
355 89.83
360 89.78
365 89.72
370 89.67
375 89.62
382 89.56
387 89.51
395 89.44
400 89.39
406 89.34
412 89.29
418 89.24
425 89.18
431 89.14
437 89.09
444 89.04
450 89.00
455 88.96
462 88.91
468 88.87
475 88.82
482 88.78
487 88.75
494 88.71
500 88.67
508 88.63
515 88.59
522 88.55
530 88.51
538 88.47
545 88.44
552 88.41
560 88.38
570 88.34
580 88.30
590 88.26
600 88.23
608 88.20
615 88.18
622 88.16
630 88.14
640 88.12
650 88.10
660 88.08
670 88.06
680 88.04
690 88.03
700 88.02
710 88.02
720 88.01
730 88.01
740 88.01
750 88.02
762 88.02
775 88.04
788 88.06
800 88.08
812 88.10
825 88.14
838 88.18
850 88.22
862 88.27
875 88.32
885 88.37
900 88.44
912 88.51
925 88.58
938 88.66
950 88.73
962 88.81
975 88.90
988 88.99
1000 89.07
1015 89.18
1030 89.29
1044 89.39
1060 89.50
1075 89.61
1090 89.72
1106 89.84
1120 89.93
1138 90.06
1150 90.14
1172 90.28
1180 90.33
1206 90.49
1220 90.58
1241 90.70
1250 90.75
1265 90.84
1280 90.92
1315 91.11
1320 91.13
1340 91.23
1360 91.33
1380 91.43
1400 91.53
1430 91.68
1450 91.77
1475 91.89
1500 92.01
1525 92.12
1550 92.24
1575 92.35
1600 92.47
1625 92.58
1650 92.69
1675 92.80
1700 92.91
1725 93.02
1750 93.13
1775 93.24
1800 93.34
1825 93.45
1850 93.56
1875 93.68
1900 93.79
1925 93.90
1950 94.01
1975 94.13
2000 94.24
2030 94.38
2060 94.52
2090 94.65
2120 94.79
2140 94.89
2180 95.08
2200 95.17
2240 95.36
2270 95.50
2300 95.64
2330 95.78
2360 95.91
2400 96.10
2430 96.23
2470 96.41
2500 96.54
2540 96.70
2580 96.87
2620 97.02
2650 97.13
2690 97.27
2720 97.37
2760 97.50
2800 97.61
2850 97.74
2900 97.85
2950 97.94
3000 98.01
3040 98.05
3070 98.07
3110 98.09
3150 98.10
3200 98.10
3250 98.08
3300 98.06
3350 98.02
3400 97.98
3450 97.92
3500 97.85
3550 97.77
3600 97.67
3650 97.57
3700 97.46
3750 97.34
3820 97.17
3870 97.04
3950 96.84
4000 96.71
4060 96.55
4120 96.40
4180 96.25
4250 96.07
4310 95.92
4370 95.77
4440 95.59
4500 95.44
4550 95.32
4620 95.15
4680 95.01
4750 94.86
4820 94.70
4870 94.60
4940 94.45
5000 94.34
5080 94.19
5150 94.07
5220 93.95
5300 93.82
5380 93.70
5450 93.60
5520 93.50
5600 93.41
5700 93.30
5800 93.20
5900 93.13
6000 93.07
6080 93.04
6150 93.02
6220 93.01
6300 93.02
6400 93.04
6500 93.08
6600 93.13
6700 93.20
6800 93.30
6900 93.41
7000 93.57
7100 93.76
7200 94.01
7300 94.31
7400 94.65
7500 95.02
7620 95.47
7750 95.89
7880 96.15
8000 96.18
8120 95.96
8250 95.43
8380 94.68
8500 93.84
8620 92.95
8750 91.98
8850 91.26
9000 90.26
9120 89.52
9250 88.81
9380 88.17
9500 87.65
9620 87.18
9750 86.74
9880 86.36
10000 86.06
10150 85.76
10300 85.52
10440 85.35
10600 85.23
10750 85.18
10900 85.18
11060 85.25
11200 85.35
11380 85.56
11500 85.75
11720 86.21
11800 86.42
12060 87.30
12200 87.92
12410 89.07
12500 89.63
12650 90.62
12800 91.60
13150 93.09
13200 93.14
13400 92.84
13600 91.74
13800 90.03
14000 88.01
14300 85.00
14500 83.32
14750 81.75
15000 80.75
15250 80.27
15500 80.23
15750 80.57
16000 81.21
16250 82.05
16500 82.93
16750 83.70
17000 84.20
17250 84.31
17500 83.97
17750 83.17
18000 81.95
18250 80.35
18500 78.41
18750 76.22
19000 73.90
19250 71.56
19500 69.32
19750 67.33
20000 66.06
