20.000000	83.612
20.299999	83.669
20.600000	83.723
20.900000	83.776
21.200001	83.831
21.400000	83.869
21.799999	83.946
22.000000	83.983
22.400000	84.056
22.700001	84.107
23.000000	84.155
23.299999	84.201
23.600000	84.245
24.000000	84.302
24.299999	84.344
24.700001	84.399
25.000000	84.438
25.400000	84.489
25.799999	84.539
26.200001	84.587
26.500000	84.622
26.900000	84.669
27.200001	84.702
27.600000	84.744
28.000000	84.785
28.500000	84.835
29.000000	84.885
29.500000	84.935
30.000000	84.984
30.400000	85.021
30.700001	85.049
31.100000	85.084
31.500000	85.119
32.000000	85.162
32.500000	85.205
33.000000	85.246
33.500000	85.284
34.000000	85.320
34.500000	85.355
35.000000	85.391
35.500000	85.426
36.000000	85.460
36.500000	85.495
37.000000	85.533
37.500000	85.579
38.200001	85.654
38.700001	85.710
39.500000	85.788
40.000000	85.829
40.599998	85.876
41.200001	85.922
41.799999	85.965
42.500000	86.009
43.099998	86.043
43.700001	86.079
44.400002	86.123
45.000000	86.159
45.500000	86.186
46.200001	86.222
46.799999	86.250
47.500000	86.282
48.200001	86.312
48.700001	86.330
49.400002	86.351
50.000000	86.363
50.799999	86.374
51.500000	86.381
52.200001	86.385
53.000000	86.382
53.799999	86.373
54.500000	86.360
55.200001	86.344
56.000000	86.321
57.000000	86.293
58.000000	86.279
59.000000	86.265
60.000000	86.237
60.799999	86.206
61.500000	86.174
62.200001	86.136
63.000000	86.089
64.000000	86.024
65.000000	85.954
66.000000	85.879
67.000000	85.804
68.000000	85.730
69.000000	85.660
70.000000	85.591
71.000000	85.513
72.000000	85.420
73.000000	85.315
74.000000	85.202
75.000000	85.085
76.199997	84.941
77.500000	84.773
78.800003	84.593
80.000000	84.417
81.199997	84.231
82.500000	84.025
83.800003	83.817
85.000000	83.623
86.199997	83.426
87.500000	83.213
88.500000	83.048
90.000000	82.800
91.199997	82.602
92.500000	82.389
93.800003	82.179
95.000000	81.988
96.199997	81.796
97.500000	81.588
98.800003	81.386
100.000000	81.207
101.500000	80.990
103.000000	80.781
104.400002	80.593
106.000000	80.389
107.500000	80.203
109.000000	80.017
110.599998	79.817
112.000000	79.638
113.800003	79.403
115.000000	79.246
117.199997	78.968
118.000000	78.873
120.599998	78.600
122.000000	78.472
124.099998	78.295
125.000000	78.222
126.500000	78.099
128.000000	77.975
131.500000	77.695
132.000000	77.658
134.000000	77.524
136.000000	77.412
138.000000	77.324
140.000000	77.262
143.000000	77.224
145.000000	77.235
147.500000	77.288
150.000000	77.374
152.500000	77.480
155.000000	77.603
157.500000	77.738
160.000000	77.872
162.500000	77.995
165.000000	78.102
167.500000	78.191
170.000000	78.257
172.500000	78.298
175.000000	78.315
177.500000	78.311
180.000000	78.288
182.500000	78.255
185.000000	78.217
187.500000	78.177
190.000000	78.136
192.500000	78.095
195.000000	78.055
197.500000	78.020
200.000000	77.992
203.000000	77.972
206.000000	77.965
209.000000	77.964
212.000000	77.966
214.000000	77.972
218.000000	77.991
220.000000	77.999
224.000000	78.006
227.000000	78.003
230.000000	77.999
233.000000	77.996
236.000000	77.994
240.000000	77.990
243.000000	77.983
247.000000	77.968
250.000000	77.952
254.000000	77.930
258.000000	77.908
262.000000	77.886
265.000000	77.869
269.000000	77.846
272.000000	77.827
276.000000	77.796
280.000000	77.757
285.000000	77.694
290.000000	77.615
295.000000	77.527
300.000000	77.445
304.000000	77.388
307.000000	77.350
311.000000	77.298
315.000000	77.242
320.000000	77.170
325.000000	77.097
330.000000	77.023
335.000000	76.945
340.000000	76.860
345.000000	76.763
350.000000	76.653
355.000000	76.536
360.000000	76.417
365.000000	76.295
370.000000	76.170
375.000000	76.039
382.000000	75.856
387.000000	75.728
395.000000	75.539
400.000000	75.440
406.000000	75.344
412.000000	75.266
418.000000	75.198
425.000000	75.132
431.000000	75.092
437.000000	75.071
444.000000	75.069
450.000000	75.080
455.000000	75.097
462.000000	75.131
468.000000	75.169
475.000000	75.225
482.000000	75.293
487.000000	75.346
494.000000	75.426
500.000000	75.499
508.000000	75.598
515.000000	75.685
522.000000	75.771
530.000000	75.868
538.000000	75.964
545.000000	76.044
552.000000	76.117
560.000000	76.189
570.000000	76.255
580.000000	76.296
590.000000	76.320
600.000000	76.329
608.000000	76.323
615.000000	76.310
622.000000	76.290
630.000000	76.262
640.000000	76.222
650.000000	76.174
660.000000	76.112
670.000000	76.033
680.000000	75.948
690.000000	75.862
700.000000	75.773
710.000000	75.686
720.000000	75.608
730.000000	75.542
740.000000	75.488
750.000000	75.443
762.000000	75.391
775.000000	75.341
788.000000	75.307
800.000000	75.291
812.000000	75.285
825.000000	75.279
838.000000	75.279
850.000000	75.293
862.000000	75.329
875.000000	75.389
885.000000	75.443
900.000000	75.526
912.000000	75.594
925.000000	75.676
938.000000	75.770
950.000000	75.868
962.000000	75.966
975.000000	76.062
988.000000	76.146
1000.000000	76.221
1015.000000	76.320
1030.000000	76.435
1044.000000	76.550
1060.000000	76.674
1075.000000	76.777
1090.000000	76.871
1106.000000	76.965
1120.000000	77.046
1138.000000	77.147
1150.000000	77.213
1172.000000	77.325
1180.000000	77.365
1206.000000	77.501
1220.000000	77.583
1241.000000	77.709
1250.000000	77.759
1265.000000	77.830
1280.000000	77.885
1315.000000	77.961
1320.000000	77.970
1340.000000	78.030
1360.000000	78.126
1380.000000	78.221
1400.000000	78.304
1430.000000	78.461
1450.000000	78.586
1475.000000	78.690
1500.000000	78.716
1525.000000	78.682
1550.000000	78.613
1575.000000	78.532
1600.000000	78.449
1625.000000	78.368
1650.000000	78.296
1675.000000	78.239
1700.000000	78.194
1725.000000	78.158
1750.000000	78.123
1775.000000	78.089
1800.000000	78.055
1825.000000	78.018
1850.000000	77.974
1875.000000	77.927
1900.000000	77.890
1925.000000	77.873
1950.000000	77.879
1975.000000	77.903
2000.000000	77.935
2030.000000	77.974
2060.000000	78.013
2090.000000	78.067
2120.000000	78.149
2140.000000	78.224
2180.000000	78.434
2200.000000	78.572
2240.000000	78.916
2270.000000	79.217
2300.000000	79.532
2330.000000	79.838
2360.000000	80.122
2400.000000	80.469
2430.000000	80.731
2470.000000	81.129
2500.000000	81.484
2540.000000	82.027
2580.000000	82.620
2620.000000	83.222
2650.000000	83.658
2690.000000	84.197
2720.000000	84.554
2760.000000	84.952
2800.000000	85.251
2850.000000	85.493
2900.000000	85.613
2950.000000	85.639
3000.000000	85.589
3040.000000	85.496
3070.000000	85.393
3110.000000	85.210
3150.000000	84.986
3200.000000	84.665
3250.000000	84.315
3300.000000	83.952
3350.000000	83.601
3400.000000	83.301
3450.000000	83.078
3500.000000	82.926
3550.000000	82.821
3600.000000	82.733
3650.000000	82.640
3700.000000	82.525
3750.000000	82.378
3820.000000	82.110
3870.000000	81.868
3950.000000	81.390
4000.000000	81.048
4060.000000	80.596
4120.000000	80.078
4180.000000	79.473
4250.000000	78.645
4310.000000	77.849
4370.000000	76.994
4440.000000	75.907
4500.000000	74.841
4550.000000	73.832
4620.000000	72.342
4680.000000	71.363
4750.000000	71.244
4820.000000	72.293
4870.000000	73.367
4940.000000	74.854
5000.000000	75.943
5080.000000	77.058
5150.000000	77.728
5220.000000	78.142
5300.000000	78.347
5380.000000	78.326
5450.000000	78.174
5520.000000	77.933
5600.000000	77.584
5700.000000	77.109
5800.000000	76.694
5900.000000	76.425
6000.000000	76.292
6080.000000	76.207
6150.000000	76.066
6220.000000	75.784
6300.000000	75.213
6400.000000	74.062
6500.000000	72.515
6600.000000	70.872
6700.000000	69.562
6800.000000	68.932
6900.000000	69.041
7000.000000	69.646
7100.000000	70.396
7200.000000	71.009
7300.000000	71.312
7400.000000	71.239
7500.000000	70.822
7620.000000	70.020
7750.000000	69.042
7880.000000	68.188
8000.000000	67.693
8120.000000	67.879
8250.000000	69.480
8380.000000	72.076
8500.000000	74.201
8620.000000	75.389
8750.000000	75.434
8850.000000	74.743
9000.000000	73.183
9120.000000	72.239
9250.000000	71.996
9380.000000	72.374
9500.000000	72.941
9620.000000	73.452
9750.000000	73.651
9880.000000	73.306
10000.000000	72.602
10150.000000	71.768
10300.000000	71.804
10440.000000	72.726
10600.000000	74.257
10750.000000	75.750
10900.000000	77.145
11060.000000	78.500
11200.000000	79.575
11380.000000	80.709
11500.000000	81.182
11720.000000	81.147
11800.000000	80.816
12060.000000	78.672
12200.000000	76.923
12410.000000	73.670
12500.000000	72.201
12650.000000	70.183
12800.000000	69.138
13150.000000	67.581
13200.000000	67.272
13400.000000	66.300
13600.000000	66.257
13800.000000	66.770
14000.000000	67.128
14300.000000	66.700
14500.000000	65.666
14750.000000	63.937
15000.000000	63.131
15250.000000	64.164
15500.000000	65.892
15750.000000	67.360
16000.000000	68.208
16250.000000	68.343
16500.000000	68.527
16750.000000	69.957
17000.000000	71.874
17250.000000	73.032
17500.000000	73.100
17750.000000	72.227
18000.000000	70.809
18250.000000	69.573
18500.000000	69.173
18750.000000	69.450
19000.000000	70.185
19250.000000	71.773
19500.000000	73.894
19750.000000	75.549
