20 73.61
20.299999 73.83
20.6 74.05
20.9 74.29
21.200001 74.55
21.4 74.72
21.799999 75.09
22 75.27
22.4 75.60
22.700001 75.82
23 75.99
23.299999 76.12
23.6 76.21
24 76.30
24.299999 76.39
24.700001 76.60
25 76.83
25.4 77.22
25.799999 77.60
26.200001 77.91
26.5 78.06
26.9 78.17
27.200001 78.22
27.6 78.29
28 78.45
28.5 78.76
29 79.08
29.5 79.32
30 79.44
30.4 79.51
30.700001 79.60
31.1 79.80
31.5 80.04
32 80.30
32.5 80.42
33 80.46
33.5 80.58
34 80.88
34.5 81.22
35 81.46
35.5 81.58
36 81.69
36.5 81.86
37 82.06
37.5 82.25
38.200001 82.44
38.700001 82.55
39.5 82.72
40 82.85
40.599998 83.04
41.200001 83.25
41.799999 83.46
42.5 83.69
43.099998 83.85
43.700001 83.96
44.400002 84.11
45 84.23
45.5 84.29
46.200001 84.34
46.799999 84.40
47.5 84.52
48.200001 84.67
48.700001 84.76
49.400002 84.84
50 85.01
50.799999 85.35
51.5 85.46
52.200001 85.61
53 85.98
53.799999 85.71
54.5 85.49
55.200001 85.81
56 85.23
57 85.05
58 86.13
59 80.47
60 81.02
60.799999 85.72
61.5 85.64
62.200001 85.00
63 86.16
64 86.28
65 86.27
66 86.49
67 86.25
68 86.26
69 85.98
70 86.14
71 86.19
72 86.30
73 86.43
74 86.28
75 86.39
76.199997 86.54
77.5 86.26
78.800003 86.16
80 86.23
81.199997 86.22
82.5 86.22
83.800003 86.31
85 86.16
86.199997 86.07
87.5 86.09
88.5 86.00
90 85.97
91.199997 85.95
92.5 85.84
93.800003 85.88
95 85.89
96.199997 85.87
97.5 85.77
98.800003 85.74
100 85.80
101.5 85.79
103 85.86
104.400002 85.69
106 85.74
107.5 85.78
109 85.72
110.599998 85.80
112 85.84
113.800003 85.81
115 85.82
117.199997 85.81
118 85.77
120.599998 85.73
122 85.97
124.099998 86.05
125 86.07
126.5 86.08
128 86.06
131.5 86.03
132 86.16
134 86.22
136 86.27
138 86.37
140 86.33
143 86.47
145 86.51
147.5 86.40
150 86.63
152.5 86.70
155 86.74
157.5 86.89
160 87.00
162.5 86.93
165 87.03
167.5 86.98
170 86.96
172.5 86.91
175 86.88
177.5 86.89
180 86.83
182.5 86.84
185 86.85
187.5 86.77
190 86.89
192.5 86.92
195 86.92
197.5 86.93
200 86.91
203 86.91
206 86.91
209 86.88
212 86.93
214 86.85
218 86.63
220 86.69
224 86.65
227 86.59
230 86.55
233 86.47
236 86.31
240 86.15
243 86.20
247 86.19
250 86.15
254 86.03
258 85.95
262 85.78
265 85.74
269 85.64
272 85.58
276 85.49
280 85.46
285 85.42
290 85.39
295 85.35
300 85.37
304 85.33
307 85.30
311 85.27
315 85.27
320 85.18
325 85.09
330 85.05
335 85.04
340 85.01
345 84.94
350 84.96
355 84.41
360 84.81
365 84.80
370 84.77
375 84.73
382 84.71
387 84.72
395 84.60
400 84.60
406 84.55
412 84.55
418 84.50
425 84.50
431 84.51
437 84.45
444 84.41
450 84.42
455 84.35
462 84.40
468 84.39
475 84.34
482 84.38
487 84.39
494 84.35
500 84.37
508 84.36
515 84.33
522 84.28
530 84.30
538 84.33
545 84.28
552 84.33
560 84.27
570 84.28
580 84.27
590 84.28
600 84.39
608 84.29
615 84.28
622 84.25
630 84.23
640 84.28
650 84.27
660 84.31
670 84.33
680 84.35
690 84.36
700 84.37
710 84.42
720 84.44
730 84.44
740 84.45
750 84.49
762 84.53
775 84.57
788 84.60
800 84.62
812 84.67
825 84.70
838 84.66
850 84.79
862 84.82
875 84.80
885 84.84
900 84.88
912 84.86
925 84.90
938 84.94
950 84.93
962 84.97
975 85.00
988 85.00
1000 85.00
1015 85.06
1030 85.08
1044 84.99
1060 85.05
1075 85.06
1090 85.02
1106 85.09
1120 85.06
1138 85.08
1150 85.08
1172 85.18
1180 85.11
1206 85.19
1220 85.21
1241 85.23
1250 85.24
1265 85.30
1280 85.26
1315 85.10
1320 85.14
1340 85.28
1360 85.35
1380 85.45
1400 85.57
1430 85.79
1450 85.92
1475 85.98
1500 86.12
1525 86.25
1550 86.44
1575 86.47
1600 86.58
1625 86.75
1650 86.82
1675 86.94
1700 87.03
1725 87.15
1750 87.25
1775 87.33
1800 87.44
1825 87.57
1850 87.66
1875 87.70
1900 87.85
1925 87.92
1950 88.03
1975 88.21
2000 88.31
2030 88.54
2060 88.80
2090 89.01
2120 89.30
2140 89.49
2180 89.96
2200 90.16
2240 90.55
2270 90.90
2300 91.21
2330 91.49
2360 91.87
2400 92.19
2430 92.41
2470 92.71
2500 92.94
2540 93.11
2580 93.35
2620 93.60
2650 93.76
2690 93.98
2720 94.15
2760 94.44
2800 94.57
2850 94.87
2900 94.94
2950 95.09
3000 94.97
3040 94.94
3070 94.72
3110 94.44
3150 94.28
3200 93.82
3250 93.53
3300 93.05
3350 92.66
3400 92.32
3450 91.94
3500 91.45
3550 90.99
3600 90.47
3650 90.06
3700 89.66
3750 89.30
3820 88.91
3870 88.71
3950 88.37
4000 88.20
4060 87.95
4120 87.89
4180 87.70
4250 87.54
4310 87.21
4370 86.99
4440 86.65
4500 86.43
4550 86.18
4620 85.80
4680 85.57
4750 85.10
4820 84.77
4870 84.39
4940 83.91
5000 83.46
5080 82.86
5150 82.45
5220 82.33
5300 82.53
5380 83.17
5450 83.88
5520 84.69
5600 85.52
5700 86.61
5800 87.63
5900 88.67
6000 89.64
6080 90.53
6150 91.20
6220 91.92
6300 92.59
6400 93.19
6500 93.25
6600 92.75
6700 91.84
6800 90.81
6900 89.75
7000 88.78
7100 87.93
7200 87.25
7300 86.56
7400 86.12
7500 85.64
7620 84.89
7750 83.51
7880 82.07
8000 80.62
8120 79.32
8250 78.21
8380 77.74
8500 77.48
8620 77.42
8750 77.67
8850 77.85
9000 78.11
9120 78.37
9250 78.64
9380 78.75
9500 79.06
9620 79.39
9750 79.72
9880 79.98
10000 80.47
10150 81.06
10300 81.58
10440 82.29
10600 83.30
10750 84.33
10900 85.66
11060 87.13
11200 88.58
11380 90.38
11500 90.96
11720 90.01
11800 89.14
12060 86.03
12200 84.58
12410 82.81
12500 82.21
12650 81.20
12800 80.18
13150 78.53
13200 78.21
13400 77.65
13600 77.09
13800 76.99
14000 76.91
14300 77.31
14500 77.38
14750 78.24
15000 79.42
15250 81.19
15500 82.98
15750 83.28
16000 70.69
16250 38.63
16500 37.88
16750 42.27
17000 28.21
17250 33.25
17500 40.04
17750 38.09
18000 25.90
18250 30.75
18500 43.46
18750 36.40
19000 35.53
19250 38.76
19500 38.47
19750 37.04
