20 72.78
20.299999 72.78
20.6 72.73
20.9 72.70
21.200001 72.76
21.4 72.87
21.799999 73.19
22 73.37
22.4 73.69
22.700001 73.85
23 73.94
23.299999 74.00
23.6 74.07
24 74.23
24.299999 74.41
24.700001 74.68
25 74.87
25.4 75.04
25.799999 75.13
26.200001 75.18
26.5 75.24
26.9 75.37
27.200001 75.50
27.6 75.68
28 75.84
28.5 75.96
29 76.06
29.5 76.19
30 76.32
30.4 76.41
30.700001 76.46
31.1 76.54
31.5 76.63
32 76.78
32.5 76.91
33 77.00
33.5 77.09
34 77.24
34.5 77.42
35 77.56
35.5 77.61
36 77.61
36.5 77.66
37 77.76
37.5 77.86
38.200001 77.95
38.700001 78.02
39.5 78.21
40 78.30
40.599998 78.34
41.200001 78.37
41.799999 78.45
42.5 78.57
43.099998 78.64
43.700001 78.70
44.400002 78.76
45 78.83
45.5 78.91
46.200001 79.04
46.799999 79.12
47.5 79.21
48.200001 79.34
48.700001 79.39
49.400002 79.34
50 79.29
50.799999 79.43
51.5 79.53
52.200001 79.47
53 79.50
53.799999 79.66
54.5 79.72
55.200001 79.77
56 79.86
57 79.86
58 79.93
59 79.97
60 80.05
60.799999 80.16
61.5 80.18
62.200001 80.20
63 80.27
64 80.33
65 80.39
66 80.38
67 80.36
68 80.41
69 80.50
70 80.54
71 80.53
72 80.56
73 80.59
74 80.63
75 80.68
76.199997 80.67
77.5 80.71
78.800003 80.76
80 80.79
81.199997 80.86
82.5 80.85
83.800003 80.92
85 80.92
86.199997 80.95
87.5 80.98
88.5 80.99
90 80.99
91.199997 81.04
92.5 81.06
93.800003 81.08
95 81.10
96.199997 81.13
97.5 81.17
98.800003 81.14
100 81.18
101.5 81.16
103 81.21
104.400002 81.21
106 81.33
107.5 81.33
109 81.36
110.599998 81.29
112 81.34
113.800003 81.33
115 81.42
117.199997 81.41
118 81.41
120.599998 81.42
122 81.42
124.099998 81.47
125 81.48
126.5 81.47
128 81.50
131.5 81.50
132 81.50
134 81.53
136 81.57
138 81.52
140 81.54
143 81.58
145 81.54
147.5 81.54
150 81.64
152.5 81.62
155 81.65
157.5 81.76
160 81.73
162.5 81.82
165 81.75
167.5 81.74
170 81.70
172.5 81.70
175 81.69
177.5 81.73
180 81.69
182.5 81.66
185 81.70
187.5 81.73
190 81.72
192.5 81.78
195 81.76
197.5 81.81
200 81.84
203 81.82
206 81.85
209 81.89
212 81.92
214 81.85
218 81.88
220 81.89
224 81.93
227 81.88
230 81.90
233 81.90
236 81.90
240 81.92
243 81.95
247 81.95
250 81.94
254 81.93
258 81.94
262 81.95
265 81.97
269 81.99
272 81.98
276 82.02
280 82.01
285 82.01
290 82.01
295 82.03
300 82.07
304 82.02
307 82.08
311 82.06
315 82.06
320 82.10
325 82.06
330 82.07
335 82.02
340 81.97
345 81.94
350 81.98
355 81.99
360 82.06
365 82.12
370 82.18
375 82.24
382 82.32
387 82.36
395 82.42
400 82.42
406 82.44
412 82.42
418 82.39
425 82.40
431 82.34
437 82.35
444 82.32
450 82.33
455 82.33
462 82.36
468 82.29
475 82.32
482 82.31
487 82.32
494 82.33
500 82.37
508 82.40
515 82.37
522 82.42
530 82.42
538 82.44
545 82.45
552 82.48
560 82.45
570 82.50
580 82.52
590 82.52
600 82.53
608 82.56
615 82.60
622 82.58
630 82.61
640 82.63
650 82.67
660 82.69
670 82.72
680 82.72
690 82.77
700 82.78
710 82.82
720 82.84
730 82.85
740 82.90
750 82.92
762 82.95
775 82.96
788 83.01
800 83.07
812 83.07
825 83.11
838 83.11
850 83.15
862 83.16
875 83.19
885 83.22
900 83.26
912 83.24
925 83.23
938 83.28
950 83.26
962 83.26
975 83.28
988 83.28
1000 83.28
1015 83.28
1030 83.28
1044 83.31
1060 83.28
1075 83.28
1090 83.30
1106 83.31
1120 83.30
1138 83.30
1150 83.33
1172 83.35
1180 83.36
1206 83.41
1220 83.42
1241 83.46
1250 83.52
1265 83.56
1280 83.58
1315 83.73
1320 83.75
1340 83.84
1360 83.92
1380 84.00
1400 84.12
1430 84.28
1450 84.41
1475 84.58
1500 84.78
1525 84.95
1550 85.09
1575 85.31
1600 85.50
1625 85.68
1650 85.87
1675 86.09
1700 86.26
1725 86.51
1750 86.75
1775 87.06
1800 87.29
1825 87.58
1850 87.83
1875 88.10
1900 88.35
1925 88.63
1950 88.92
1975 89.19
2000 89.50
2030 89.81
2060 90.12
2090 90.48
2120 90.78
2140 91.01
2180 91.43
2200 91.61
2240 92.02
2270 92.31
2300 92.57
2330 92.83
2360 93.11
2400 93.40
2430 93.60
2470 93.86
2500 94.03
2540 94.22
2580 94.40
2620 94.57
2650 94.66
2690 94.75
2720 94.75
2760 94.78
2800 94.78
2850 94.73
2900 94.67
2950 94.57
3000 94.39
3040 94.21
3070 94.07
3110 93.89
3150 93.80
3200 93.69
3250 93.56
3300 93.38
3350 93.17
3400 92.98
3450 92.77
3500 92.56
3550 92.33
3600 92.09
3650 91.87
3700 91.63
3750 91.41
3820 91.08
3870 90.88
3950 90.58
4000 90.40
4060 90.25
4120 90.13
4180 90.02
4250 89.88
4310 89.76
4370 89.62
4440 89.50
4500 89.39
4550 89.31
4620 89.22
4680 89.12
4750 89.04
4820 88.95
4870 88.89
4940 88.84
5000 88.77
5080 88.69
5150 88.63
5220 88.62
5300 88.66
5380 88.67
5450 88.81
5520 88.93
5600 89.21
5700 89.67
5800 90.25
5900 90.87
6000 91.50
6080 92.09
6150 92.59
6220 93.10
6300 93.70
6400 94.55
6500 95.28
6600 95.94
6700 96.48
6800 96.91
6900 97.18
7000 97.28
7100 97.19
7200 96.97
7300 96.60
7400 96.11
7500 95.55
7620 94.94
7750 94.31
7880 93.83
8000 93.43
8120 92.72
8250 92.02
8380 91.34
8500 90.75
8620 90.26
8750 89.80
8850 89.44
9000 88.99
9120 88.68
9250 88.38
9380 88.09
9500 87.80
9620 87.65
9750 87.46
9880 87.34
10000 87.36
10150 87.49
10300 87.54
10440 87.82
10600 88.26
10750 88.67
10900 89.18
11060 89.81
11200 90.43
11380 91.31
11500 91.88
11720 92.77
11800 93.00
12060 93.36
12200 93.26
12410 92.92
12500 92.69
12650 92.24
12800 91.83
13150 91.04
13200 90.97
13400 90.59
13600 90.29
13800 89.91
14000 89.60
14300 89.41
14500 89.36
14750 89.54
15000 89.60
15250 89.65
15500 89.36
15750 88.59
16000 87.39
16250 85.56
16500 83.72
16750 82.16
17000 80.67
17250 79.57
17500 78.58
17750 77.80
18000 77.02
18250 76.41
18500 76.02
18750 75.54
19000 75.72
19250 75.28
19500 74.88
19750 74.45
