20 61.07
20.2909066988 61.20
20.5860447329 61.30
20.8854756485 61.49
21.1892618872 61.69
21.4974667984 61.77
21.8101546533 61.94
22.1273906578 62.00
22.4492409662 62.00
22.7757726951 62.00
23.1070539374 61.92
23.4431537764 61.90
23.7841423001 61.90
24.130090616 61.98
24.4810708661 62.00
24.8371562415 62.08
25.1984209979 62.25
25.5649404712 62.39
25.936791093 62.48
26.3140504067 62.58
26.6967970834 62.67
27.0851109387 62.77
27.4790729492 62.80
27.878765269 62.88
28.2842712475 62.97
28.6956754462 63.00
29.1130636568 63.08
29.5365229188 63.18
29.9661415375 63.38
30.402009103 63.56
30.8442165082 63.69
31.2928559682 63.70
31.7480210394 63.70
32.209806639 63.70
32.6783090648 63.70
33.1536260154 63.70
33.6358566101 63.70
34.1251014105 63.79
34.6214624402 63.88
35.1250432075 63.90
35.6359487256 63.81
36.1542855356 63.71
36.6801617282 63.70
37.2136869661 63.78
37.7549725073 63.88
38.3041312279 63.98
38.8612776461 64.08
39.4265279456 64.19
40 64.12
40.5818133975 64.10
41.1720894657 64.10
41.7709512971 64.18
42.3785237744 64.36
42.9949335968 64.65
43.6203093066 64.87
44.2547813156 64.90
44.8984819324 64.82
45.5515453903 64.72
46.2141078749 64.70
46.8863075528 64.70
47.5682846001 64.78
48.260181232 64.72
48.9621417322 64.46
49.6743124829 64.24
50.3968419958 64.20
51.1298809424 64.28
51.873582186 64.46
52.6281008133 64.58
53.3935941668 64.60
54.1702218775 64.52
54.9581458983 64.50
55.757530538 64.58
56.5685424949 64.85
57.3913508924 65.07
58.2261273137 65.18
59.0730458376 64.95
59.9322830751 64.90
60.804018206 64.98
61.6884330163 65.00
62.5857119363 64.91
63.4960420787 64.74
64.419613278 64.62
65.3566181296 64.52
66.3072520307 64.58
67.2717132203 64.51
68.2502028209 64.50
69.2429248805 64.42
70.2500864149 64.40
71.2718974512 64.48
72.3085710713 64.58
73.3603234564 64.51
74.4273739322 64.42
75.5099450145 64.40
76.6082624559 64.40
77.7225552923 64.32
78.8530558912 64.22
80 64.20
81.163626795 64.28
82.3441789315 64.22
83.5419025942 64.04
84.7570475487 64.00
85.9898671937 63.92
87.2406186132 63.82
88.5095626311 63.80
89.7969638648 63.80
91.1030907805 63.38
92.4282157498 63.38
93.7726151055 63.48
95.1365692002 63.34
96.520362464 63.30
97.9242834644 63.30
99.3486249659 63.22
100.7936839916 63.11
102.2597618848 63.16
103.7471643721 63.05
105.2562016267 63.00
106.7871883336 63.00
108.340443755 62.93
109.9162917966 62.81
111.5150610759 62.80
113.1370849898 62.69
114.7827017849 62.52
116.4522546274 62.43
118.1460916752 62.29
119.8645661501 62.21
121.6080364119 62.20
123.3768660326 62.20
125.1714238726 61.89
126.9920841575 61.80
128.8392265559 61.80
130.7132362593 61.89
132.6145040614 61.74
134.5434264406 61.55
136.5004056418 61.35
138.485849761 61.15
140.5001728299 60.87
142.5437949025 60.72
144.6171421426 60.78
146.7206469127 60.54
148.8547478643 60.31
151.0198900291 60.20
153.2165249118 60.05
155.4451105846 59.93
157.7061117824 59.99
160 59.60
162.32725359 59.60
164.688357863 59.60
167.0838051884 59.53
169.5140950975 59.35
171.9797343873 58.90
174.4812372264 58.73
177.0191252622 58.60
179.5939277295 58.43
182.2061815611 58.11
184.8564314996 58.00
187.5452302111 57.92
190.2731384004 57.82
193.0407249281 57.87
195.8485669287 57.90
198.6972499318 57.72
201.5873679832 57.36
204.5195237697 57.13
207.4943287442 56.93
210.5124032534 56.90
213.5743766672 56.81
216.6808875099 56.71
219.8325835933 56.51
223.0301221518 56.20
226.2741699797 55.95
229.5654035698 55.81
232.9045092548 55.80
236.2921833503 56.03
239.7291323003 56.10
243.2160728239 56.02
246.7537320653 56.00
250.3428477452 56.00
253.9841683149 55.93
257.6784531119 55.81
261.4264725186 55.80
265.2290081229 55.72
269.0868528812 55.70
273.0008112836 55.78
276.971699522 55.80
281.0003456597 55.95
285.0875898049 56.15
289.2342842852 56.12
293.4412938255 56.10
297.7094957287 56.19
302.0397800581 56.20
306.4330498235 56.03
310.8902211692 55.92
315.4122235649 55.90
320 55.82
324.65450718 56.26
329.3767157259 56.48
334.1676103768 56.58
339.028190195 56.60
343.9594687746 56.76
348.9624744529 56.96
354.0382505244 57.16
359.187855459 57.20
364.4123631221 57.20
369.7128629991 57.36
375.0904604222 57.56
380.5462768009 57.68
386.0814498562 57.70
391.6971338575 57.70
397.3944998635 57.79
403.1747359664 57.97
409.0390475393 58.08
414.9886574883 58.18
421.0248065068 58.37
427.1487533344 58.40
433.3617750198 58.49
439.6651671866 58.58
446.0602443037 58.68
452.5483399594 58.78
459.1308071395 58.89
465.8090185095 58.90
472.5843667007 59.06
479.4582646005 59.10
486.4321456477 59.18
493.5074641306 59.28
500.6856954905 59.54
507.9683366298 59.86
515.3569062238 59.90
522.8529450372 59.98
530.4580162458 60.00
538.1737057624 60.00
546.0016225673 60.17
553.9433990439 60.46
562.0006913195 60.50
570.1751796098 60.50
578.4685685703 60.58
586.882587651 60.69
595.4189914574 60.70
604.0795601163 60.78
612.8660996471 60.89
621.7804423383 60.90
630.8244471297 60.90
640 60.98
649.30901436 61.16
658.7534314519 61.29
668.3352207536 61.22
678.05638039 61.28
687.9189375493 61.38
697.9249489058 61.56
708.0765010489 61.60
718.375710918 61.60
728.8247262443 61.68
739.4257259983 61.78
750.1809208443 61.97
761.0925536018 62.08
772.1628997124 62.10
783.394267715 62.19
794.7889997271 62.28
806.3494719327 62.22
818.0780950787 62.28
829.9773149767 62.22
842.0496130136 62.28
854.2975066688 62.47
866.7235500396 62.50
879.3303343732 62.66
892.1204886074 62.70
905.0966799188 62.79
918.2616142791 62.88
931.618037019 62.90
945.1687334013 63.06
958.9165292011 63.27
972.8642912955 63.38
987.0149282611 63.40
1001.371390981 63.56
1015.9366732597 63.68
1030.7138124476 63.87
1045.7058900743 64.07
1060.9160324916 64.18
1076.3474115248 64.28
1092.0032451345 64.46
1107.8867980879 64.58
1124.0013826389 64.68
1140.3503592197 64.87
1156.9371371406 64.98
1173.765175302 65.24
1190.8379829148 65.46
1208.1591202326 65.58
1225.7321992942 65.76
1243.5608846767 65.88
1261.6488942595 65.98
1280 66.17
1298.6180287201 66.20
1317.5068629037 66.36
1336.6704415071 66.48
1356.1127607799 66.66
1375.8378750985 66.78
1395.8498978116 66.88
1416.1530020977 66.98
1436.751421836 67.08
1457.6494524886 67.18
1478.8514519966 67.36
1500.3618416887 67.48
1522.1851072035 67.67
1544.3257994247 67.78
1566.78853543 67.96
1589.5779994541 68.08
1612.6989438655 68.18
1636.1561901574 68.20
1659.9546299533 68.37
1684.0992260271 68.57
1708.5950133377 68.76
1733.4471000793 68.96
1758.6606687464 69.17
1784.2409772148 69.28
1810.1933598376 69.46
1836.5232285581 69.67
1863.2360740381 69.78
1890.3374668026 70.05
1917.8330584022 70.18
1945.7285825909 70.36
1974.0298565222 70.48
2002.742781962 70.66
2031.8733465194 70.86
2061.4276248951 71.06
2091.4117801487 71.26
2121.8320649832 71.47
2152.6948230496 71.67
2184.0064902691 71.86
2215.7735961758 72.07
2248.0027652779 72.26
2280.7007184393 72.46
2313.8742742813 72.66
2347.530350604 72.94
2381.6759658296 73.08
2416.3182404652 73.26
2451.4643985884 73.46
2487.1217693533 73.66
2523.297788519 73.86
2560.0000000001 74.06
2597.2360574402 74.18
2635.0137258074 74.28
2673.3408830143 74.38
2712.2255215599 74.57
2751.6757501971 74.68
2791.6997956232 74.78
2832.3060041955 74.80
2873.5028436721 74.80
2915.2989049772 74.88
2957.7029039931 74.90
3000.7236833774 74.98
3044.3702144071 74.83
3088.6515988494 74.72
3133.57707086 74.70
3179.1559989082 74.62
3225.397887731 74.52
3272.3123803148 74.42
3319.9092599067 74.40
3368.1984520542 74.24
3417.1900266754 74.12
3466.8942001586 74.02
3517.3213374928 73.83
3568.4819544296 73.72
3620.3867196753 73.70
3673.0464571163 73.62
3726.4721480761 73.52
3780.6749336053 73.42
3835.6661168044 73.32
3891.4571651819 73.13
3948.0597130445 73.02
4005.4855639241 72.92
4063.7466930387 72.82
4122.8552497902 72.72
4182.8235602974 72.62
4243.6641299665 72.52
4305.3896460992 72.33
4368.0129805382 72.22
4431.5471923516 72.12
4496.0055305558 72.02
4561.4014368787 71.84
4627.7485485626 71.64
4695.0607012081 71.44
4763.3519316592 71.24
4832.6364809305 71.04
4902.9287971769 70.92
4974.2435387067 70.74
5046.595577038 70.62
5120.0000000002 70.44
5194.4721148803 70.24
5270.0274516149 70.04
5346.6817660286 69.84
5424.4510431198 69.72
5503.3515003942 69.54
5583.3995912463 69.34
5664.6120083911 69.14
5747.0056873442 69.02
5830.5978099545 68.92
5915.4058079863 68.82
6001.4473667548 68.72
6088.7404288142 68.78
6177.3031976989 68.80
6267.1541417201 68.80
6358.3119978165 68.80
6450.795775462 68.96
6544.6247606297 69.17
6639.8185198134 69.36
6736.3969041085 69.56
6834.3800533509 69.85
6933.7884003172 70.23
7034.6426749857 70.55
7136.9639088592 70.93
7240.7734393506 71.41
7346.0929142326 71.83
7452.9442961523 72.15
7561.3498672106 72.45
7671.3322336089 72.58
7782.9143303638 72.76
7896.119426089 72.80
8010.9711278481 72.72
8127.4933860775 72.37
8245.7104995805 71.81
8365.6471205948 71.12
8487.328259933 70.34
8610.7792921984 69.54
8736.0259610765 68.82
8863.0943847033 68.13
8992.0110611117 67.51
9122.8028737575 66.99
9255.4970971253 66.57
9390.1214024162 66.25
9526.7038633184 66.12
9665.272961861 66.02
9805.8575943538 66.08
9948.4870774134 66.35
10093.191154076 66.81
10240.0000000005 67.39
10388.9442297607 68.24
10540.0549032298 69.22
10693.3635320572 70.38
10848.9020862397 71.34
11006.7030007884 71.91
11166.7991824927 71.92
11329.2240167822 71.24
11494.0113746885 70.03
11661.1956199091 68.90
11830.8116159726 67.47
12002.8947335097 66.05
12177.4808576284 64.73
12354.6063953979 63.68
12534.3082834402 62.84
12716.6239956331 62.21
12901.5915509241 61.69
13089.2495212594 61.35
13279.637039627 61.05
13472.7938082171 60.92
13668.7601067018 60.98
13867.5768006344 61.00
14069.2853499715 61.08
14273.9278177184 61.18
14481.5468787012 61.20
14692.1858284653 61.28
14905.8885923047 61.30
15122.6997344212 61.22
15342.6644672179 60.79
15565.8286607277 60.21
15792.2388521781 59.36
16021.9422556964 58.62
16254.9867721551 58.17
16491.4209991611 57.77
16731.2942411897 57.29
16974.656519866 56.38
17221.5585843969 54.97
17472.0519221531 53.39
17726.1887694067 52.12
17984.0221222235 51.32
18245.605747515 50.63
18510.9941942506 50.09
18780.2428048326 49.59
19053.4077266369 49.09
19330.545923722 48.67
19611.7151887077 48.49
19896.9741548268 48.35
20186.382308152 48.30
