20.000000	71.267
20.290907	71.300
20.586045	71.395
20.885476	71.590
21.189262	71.696
21.497467	71.774
21.810155	71.870
22.127391	71.976
22.449241	72.083
22.775773	72.192
23.107054	72.200
23.443154	72.200
23.784142	72.295
24.130091	72.300
24.481071	72.300
24.837156	72.384
25.198421	72.475
25.564940	72.500
25.936791	72.584
26.314050	72.600
26.696797	72.600
27.085111	72.600
27.479073	72.693
27.878765	72.700
28.284271	72.700
28.695675	72.774
29.113064	72.878
29.536523	72.984
29.966142	73.092
30.402009	73.100
30.844217	73.186
31.292856	73.200
31.748021	73.200
32.209807	73.200
32.678309	73.200
33.153626	73.112
33.635857	73.100
34.125101	73.100
34.621462	73.100
35.125043	73.185
35.635949	73.200
36.154286	73.200
36.680162	73.280
37.213687	73.300
37.754973	73.376
38.304131	73.400
38.861278	73.477
39.426528	73.415
40.000000	73.400
40.581813	73.320
41.172089	73.221
41.770951	73.122
42.378524	73.180
42.994934	73.365
43.620309	73.487
44.254781	73.579
44.898482	73.517
45.551545	73.421
46.214108	73.314
46.886308	73.132
47.568285	73.100
48.260181	73.100
48.962142	73.100
49.674312	73.018
50.396842	73.000
51.129881	73.000
51.873582	73.000
52.628101	73.000
53.393594	73.000
54.170222	73.000
54.958146	72.918
55.757531	72.818
56.568542	72.716
57.391351	72.614
58.226127	72.681
59.073046	72.784
59.932283	72.800
60.804018	72.878
61.688433	72.900
62.585712	72.813
63.496042	72.800
64.419613	72.720
65.356618	72.784
66.307252	72.800
67.271713	72.800
68.250203	72.800
69.242925	72.716
70.250086	72.615
71.271897	72.441
72.308571	72.238
73.360323	72.028
74.427374	71.916
75.509945	71.900
76.608262	71.983
77.722555	72.000
78.853056	72.000
80.000000	71.918
81.163627	71.820
82.344179	71.643
83.541903	71.365
84.757048	71.140
85.989867	71.018
87.240619	71.000
88.509563	71.000
89.796964	70.916
91.103091	70.815
92.428216	70.881
93.772615	70.900
95.136569	70.819
96.520362	70.800
97.924283	70.800
99.348625	70.800
100.793684	70.715
102.259762	70.700
103.747164	70.775
105.256202	70.800
106.787188	70.879
108.340444	70.833
109.916292	70.708
111.515061	70.624
113.137085	70.386
114.782702	70.222
116.452255	70.200
118.146092	70.207
119.864566	70.293
121.608036	70.300
123.376866	70.162
125.171424	69.874
126.992084	69.601
128.839227	69.508
130.713236	69.414
132.614504	69.239
134.543426	69.046
136.500406	69.000
138.485850	69.074
140.500173	69.250
142.543795	69.377
144.617142	69.319
146.720647	69.214
148.854748	69.200
151.019890	69.300
153.216525	69.300
155.445111	69.155
157.706112	69.015
160.000000	68.800
162.327254	68.722
164.688358	68.531
167.083805	68.361
169.514095	68.149
171.979734	68.001
174.481237	68.000
177.019125	67.999
179.593928	67.827
182.206182	67.726
184.856431	67.700
187.545230	67.700
190.273138	67.700
193.040725	67.632
195.848567	67.600
198.697250	67.690
201.587368	67.700
204.519524	67.532
207.494329	67.500
210.512403	67.584
213.574377	67.686
216.680888	67.611
219.832584	67.317
223.030122	67.148
226.274170	67.024
229.565404	66.829
232.904509	66.945
236.292183	67.000
239.729132	67.000
243.216073	67.000
246.753732	67.092
250.342848	67.267
253.984168	67.375
257.678453	67.221
261.426473	67.200
265.229008	67.200
269.086853	67.200
273.000811	67.050
276.971700	67.000
281.000346	67.075
285.087590	67.023
289.234284	67.000
293.441294	67.000
297.709496	67.000
302.039780	67.000
306.433050	67.000
310.890221	67.000
315.412224	67.000
320.000000	67.000
324.654507	66.909
329.376716	66.900
334.167610	66.900
339.028190	66.739
343.959469	66.462
348.962474	66.479
354.038251	66.581
359.187855	66.600
364.412363	66.776
369.712863	66.879
375.090460	66.818
380.546277	66.724
386.081450	66.618
391.697134	66.522
397.394500	66.500
403.174736	66.672
409.039048	66.868
414.988657	66.983
421.024807	67.000
427.148753	66.914
433.361775	66.900
439.665167	66.657
446.060244	66.600
452.548340	66.521
459.130807	66.586
465.809019	66.600
472.584367	66.520
479.458265	66.422
486.432146	66.555
493.507464	66.600
500.685695	66.600
507.968337	66.771
515.356906	66.879
522.852945	66.900
530.458016	66.819
538.173706	66.800
546.001623	66.886
553.943399	66.900
562.000691	66.900
570.175180	66.900
578.468569	66.738
586.882588	66.614
595.418991	66.600
604.079560	66.679
612.866100	66.700
621.780442	66.700
630.824447	66.874
640.000000	66.820
649.309014	66.719
658.753431	66.528
668.335221	66.583
678.056380	66.600
687.918938	66.600
697.924949	66.600
708.076501	66.519
718.375711	66.416
728.824726	66.480
739.425726	66.500
750.180921	66.500
761.092554	66.417
772.162900	66.400
783.394268	66.485
794.789000	66.500
806.349472	66.500
818.078095	66.416
829.977315	66.400
842.049613	66.484
854.297507	66.586
866.723550	66.518
879.330334	66.421
892.120489	66.569
905.096680	66.685
918.261614	66.700
931.618037	66.782
945.168733	66.960
958.916529	67.084
972.864291	67.015
987.014928	66.920
1001.371391	66.819
1015.936673	66.800
1030.713812	66.967
1045.705890	67.085
1060.916032	67.261
1076.347412	67.465
1092.003245	67.500
1107.886798	67.419
1124.001383	67.563
1140.350359	67.683
1156.937137	67.782
1173.765175	67.962
1190.837983	68.081
1208.159120	67.933
1225.732199	67.900
1243.560885	68.062
1261.648894	68.100
1280.000000	68.183
1298.618029	68.282
1317.506863	68.218
1336.670442	68.118
1356.112761	68.181
1375.837875	68.367
1395.849898	68.484
1416.153002	68.500
1436.751422	68.500
1457.649452	68.500
1478.851452	68.419
1500.361842	68.400
1522.185107	68.565
1544.325799	68.683
1566.788535	68.700
1589.577999	68.700
1612.698944	68.700
1636.156190	68.700
1659.954630	68.700
1684.099226	68.700
1708.595013	68.782
1733.447100	68.800
1758.660669	68.883
1784.240977	68.900
1810.193360	68.900
1836.523229	68.983
1863.236074	69.082
1890.337467	69.100
1917.833058	69.182
1945.728583	69.281
1974.029857	69.300
2002.742782	69.382
2031.873347	69.482
2061.427625	69.581
2091.411780	69.681
2121.832065	69.783
2152.694823	69.883
2184.006490	69.900
2215.773596	69.983
2248.002765	70.082
2280.700718	70.181
2313.874274	70.281
2347.530351	70.462
2381.675966	70.581
2416.318240	70.681
2451.464399	70.863
2487.121769	71.062
2523.297789	71.263
2560.000000	71.381
2597.236057	71.563
2635.013726	71.763
2673.340883	71.882
2712.225522	71.983
2751.675750	72.082
2791.699796	72.263
2832.306004	72.381
2873.502844	72.563
2915.298905	72.763
2957.702904	72.965
3000.723683	73.000
3044.370214	73.083
3088.651599	73.100
3133.577071	73.100
3179.155999	73.100
3225.397888	73.182
3272.312380	73.282
3319.909260	73.383
3368.198452	73.318
3417.190027	73.300
3466.894200	73.218
3517.321337	73.117
3568.481954	72.937
3620.386720	72.818
3673.046457	72.717
3726.472148	72.618
3780.674934	72.517
3835.666117	72.418
3891.457165	72.235
3948.059713	72.117
4005.485564	72.100
4063.746693	71.935
4122.855250	71.734
4182.823560	71.618
4243.664130	71.437
4305.389646	71.317
4368.012981	71.052
4431.547192	70.918
4496.005531	70.818
4561.401437	70.636
4627.748549	70.518
4695.060701	70.336
4763.351932	70.137
4832.636481	70.018
4902.928797	69.837
4974.243539	69.636
5046.595577	69.518
5120.000000	69.418
5194.472115	69.318
5270.027452	69.137
5346.681766	68.935
5424.451043	68.817
5503.351500	68.800
5583.399591	68.718
5664.612008	68.700
5747.005687	68.700
5830.597810	68.618
5915.405808	68.600
6001.447367	68.600
6088.740429	68.600
6177.303198	68.600
6267.154142	68.600
6358.311998	68.600
6450.795775	68.682
6544.624761	68.783
6639.818520	68.800
6736.396904	68.882
6834.380053	68.982
6933.788400	69.082
7034.642675	69.264
7136.963909	69.629
7240.773439	69.947
7346.092914	70.246
7452.944296	70.547
7561.349867	70.846
7671.332234	70.982
7782.914330	71.164
7896.119426	71.200
8010.971128	71.118
8127.493386	71.018
8245.710500	70.836
8365.647121	70.471
8487.328260	70.071
8610.779292	69.590
8736.025961	69.088
8863.094385	68.672
8992.011061	68.353
9122.802874	68.053
9255.497097	67.753
9390.121402	67.453
9526.703863	67.318
9665.272962	67.218
9805.857594	67.118
9948.487077	67.182
10093.191154	67.282
10240.000000	67.382
10388.944230	67.646
10540.054903	67.864
10693.363532	68.064
10848.902086	68.100
11006.703001	68.100
11166.799182	67.936
11329.224017	67.571
11494.011375	67.172
11661.195620	66.689
11830.811616	66.107
12002.894734	65.672
12177.480858	65.190
12354.606395	64.689
12534.308283	64.272
12716.623996	63.871
12901.591551	63.554
13089.249521	63.254
13279.637040	63.118
13472.793808	62.935
13668.760107	62.818
13867.576801	62.800
14069.285350	62.800
14273.927818	62.882
14481.546879	62.982
14692.185828	63.164
14905.888592	63.529
15122.699734	64.010
15342.664467	64.839
15565.828661	65.328
15792.238852	65.400
16021.942256	65.071
16254.986772	64.344
16491.420999	63.544
16731.294241	62.742
16974.656520	62.024
17221.558584	61.408
17472.051922	60.890
17726.188769	60.472
17984.022122	60.071
18245.605748	59.672
18510.994194	59.436
18780.242805	59.236
19053.407727	58.871
19330.545924	58.389
19611.715189	58.076
19896.974155	57.800
20186.382308	57.700
