20 70.90
20.2909066988 70.90
20.5860447329 71.00
20.8854756485 71.10
21.1892618872 71.29
21.4974667984 71.45
21.8101546533 71.57
22.1273906578 71.68
22.4492409662 71.70
22.7757726951 71.61
23.1070539374 71.60
23.4431537764 71.60
23.7841423001 71.60
24.130090616 71.60
24.4810708661 71.69
24.8371562415 71.70
25.1984209979 71.77
25.5649404712 71.89
25.936791093 71.90
26.3140504067 71.90
26.6967970834 71.90
27.0851109387 71.90
27.4790729492 71.90
27.878765269 71.90
28.2842712475 71.83
28.6956754462 71.80
29.1130636568 71.88
29.5365229188 71.90
29.9661415375 71.99
30.402009103 72.08
30.8442165082 72.19
31.2928559682 72.20
31.7480210394 72.20
32.209806639 72.20
32.6783090648 72.28
33.1536260154 72.30
33.6358566101 72.39
34.1251014105 72.40
34.6214624402 72.40
35.1250432075 72.40
35.6359487256 72.40
36.1542855356 72.31
36.6801617282 72.30
37.2136869661 72.38
37.7549725073 72.48
38.3041312279 72.66
38.8612776461 72.78
39.4265279456 72.80
40 72.55
40.5818133975 72.34
41.1720894657 72.22
41.7709512971 72.04
42.3785237744 72.08
42.9949335968 72.26
43.6203093066 72.47
44.2547813156 72.50
44.8984819324 72.42
45.5515453903 72.24
46.2141078749 71.94
46.8863075528 71.73
47.5682846001 71.78
48.260181232 71.88
48.9621417322 71.90
49.6743124829 71.90
50.3968419958 71.81
51.1298809424 71.80
51.873582186 71.72
52.6281008133 71.70
53.3935941668 71.87
54.1702218775 71.98
54.9581458983 71.84
55.757530538 71.64
56.5685424949 71.60
57.3913508924 71.51
58.2261273137 71.50
59.0730458376 71.50
59.9322830751 71.58
60.804018206 71.76
61.6884330163 71.89
62.5857119363 71.90
63.4960420787 71.74
64.419613278 71.62
65.3566181296 71.52
66.3072520307 71.42
67.2717132203 71.49
68.2502028209 71.59
69.2429248805 71.52
70.2500864149 71.33
71.2718974512 71.14
72.3085710713 70.94
73.3603234564 70.73
74.4273739322 70.70
75.5099450145 70.70
76.6082624559 70.95
77.7225552923 71.08
78.8530558912 71.02
80 71.00
81.163626795 71.00
82.3441789315 70.92
83.5419025942 70.59
84.7570475487 70.42
85.9898671937 70.48
87.2406186132 70.42
88.5095626311 70.48
89.7969638648 70.16
91.1030907805 69.76
92.4282157498 69.94
93.7726151055 70.17
95.1365692002 70.04
96.520362464 69.84
97.9242834644 69.72
99.3486249659 69.54
100.7936839916 69.50
102.2597618848 69.63
103.7471643721 69.70
105.2562016267 69.70
106.7871883336 69.78
108.340443755 69.80
109.9162917966 69.71
111.5150610759 69.40
113.1370849898 69.11
114.7827017849 69.19
116.4522546274 69.27
118.1460916752 69.21
119.8645661501 69.29
121.6080364119 69.38
123.3768660326 69.40
125.1714238726 69.07
126.9920841575 68.70
128.8392265559 68.70
130.7132362593 68.70
132.6145040614 68.62
134.5434264406 68.60
136.5004056418 68.52
138.485849761 68.50
140.5001728299 68.42
142.5437949025 68.40
144.6171421426 68.24
146.7206469127 67.77
148.8547478643 67.89
151.0198900291 68.20
153.2165249118 68.27
155.4451105846 68.08
157.7061117824 67.91
160 67.70
162.32725359 67.70
164.688357863 67.62
167.0838051884 67.39
169.5140950975 67.38
171.9797343873 67.30
174.4812372264 67.30
177.0191252622 67.20
179.5939277295 67.03
182.2061815611 66.78
184.8564314996 66.51
187.5452302111 66.58
190.2731384004 66.60
193.0407249281 66.53
195.8485669287 66.50
198.6972499318 66.59
201.5873679832 66.51
204.5195237697 66.25
207.4943287442 66.12
210.5124032534 66.27
213.5743766672 66.81
216.6808875099 66.45
219.8325835933 65.83
223.0301221518 65.50
226.2741699797 65.55
229.5654035698 65.34
232.9045092548 65.37
236.2921833503 65.48
239.7291323003 65.50
243.2160728239 65.58
246.7537320653 65.78
250.3428477452 65.72
253.9841683149 65.77
257.6784531119 65.53
261.4264725186 65.33
265.2290081229 65.30
269.0868528812 65.22
273.0008112836 65.20
276.971699522 64.90
281.0003456597 64.80
285.0875898049 64.80
289.2342842852 64.72
293.4412938255 64.79
297.7094957287 64.89
302.0397800581 64.74
306.4330498235 64.70
310.8902211692 64.54
315.4122235649 64.41
320 64.24
324.65450718 64.29
329.3767157259 64.04
334.1676103768 64.00
339.028190195 64.00
343.9594687746 64.08
348.9624744529 64.10
354.0382505244 64.10
359.187855459 63.93
364.4123631221 63.90
369.7128629991 63.98
375.0904604222 64.16
380.5462768009 64.12
386.0814498562 64.10
391.6971338575 63.87
397.3944998635 63.71
403.1747359664 63.79
409.0390475393 63.80
414.9886574883 63.80
421.0248065068 63.80
427.1487533344 63.80
433.3617750198 63.80
439.6651671866 63.72
446.0602443037 63.53
452.5483399594 63.34
459.1308071395 63.21
465.8090185095 63.12
472.5843667007 63.18
479.4582646005 63.04
486.4321456477 63.08
493.5074641306 63.10
500.6856954905 62.94
507.9683366298 63.07
515.3569062238 63.34
522.8529450372 63.48
530.4580162458 63.26
538.1737057624 63.12
546.0016225673 63.27
553.9433990439 63.39
562.0006913195 63.05
570.1751796098 63.00
578.4685685703 63.16
586.882587651 63.20
595.4189914574 63.12
604.0795601163 62.94
612.8660996471 62.99
621.7804423383 62.91
630.8244471297 62.90
640 63.06
649.30901436 63.10
658.7534314519 62.93
668.3352207536 62.82
678.05638039 62.80
687.9189375493 62.80
697.9249489058 62.88
708.0765010489 62.90
718.375710918 62.98
728.8247262443 63.08
739.4257259983 63.18
750.1809208443 63.20
761.0925536018 63.12
772.1628997124 63.02
783.394267715 63.17
794.7889997271 63.36
806.3494719327 63.23
818.0780950787 63.28
829.9773149767 63.30
842.0496130136 63.38
854.2975066688 63.49
866.7235500396 63.50
879.3303343732 63.50
892.1204886074 63.50
905.0966799188 63.50
918.2616142791 63.66
931.618037019 63.78
945.1687334013 63.96
958.9165292011 64.17
972.8642912955 64.12
987.0149282611 64.10
1001.371390981 64.18
1015.9366732597 64.20
1030.7138124476 64.37
1045.7058900743 64.65
1060.9160324916 64.70
1076.3474115248 64.78
1092.0032451345 64.96
1107.8867980879 65.00
1124.0013826389 65.08
1140.3503592197 65.18
1156.9371371406 65.28
1173.765175302 65.70
1190.8379829148 65.96
1208.1591202326 66.00
1225.7321992942 66.16
1243.5608846767 66.36
1261.6488942595 66.40
1280 66.57
1298.6180287201 66.76
1317.5068629037 66.88
1336.6704415071 66.90
1356.1127607799 67.14
1375.8378750985 67.28
1395.8498978116 67.38
1416.1530020977 67.48
1436.751421836 67.58
1457.6494524886 67.68
1478.8514519966 67.78
1500.3618416887 67.88
1522.1851072035 67.90
1544.3257994247 67.98
1566.78853543 68.08
1589.5779994541 68.10
1612.6989438655 68.10
1636.1561901574 68.10
1659.9546299533 68.18
1684.0992260271 68.28
1708.5950133377 68.30
1733.4471000793 68.30
1758.6606687464 68.55
1784.2409772148 68.68
1810.1933598376 68.62
1836.5232285581 68.68
1863.2360740381 68.78
1890.3374668026 68.88
1917.8330584022 68.82
1945.7285825909 68.96
1974.0298565222 69.00
2002.742781962 69.08
2031.8733465194 69.26
2061.4276248951 69.38
2091.4117801487 69.40
2121.8320649832 69.57
2152.6948230496 69.68
2184.0064902691 69.78
2215.7735961758 69.88
2248.0027652779 69.98
2280.7007184393 70.16
2313.8742742813 70.36
2347.530350604 70.48
2381.6759658296 70.50
2416.3182404652 70.66
2451.4643985884 70.86
2487.1217693533 70.90
2523.297788519 70.98
2560.0000000001 71.16
2597.2360574402 71.36
2635.0137258074 71.48
2673.3408830143 71.58
2712.2255215599 71.68
2751.6757501971 71.86
2791.6997956232 71.98
2832.3060041955 72.08
2873.5028436721 72.26
2915.2989049772 72.46
2957.7029039931 72.50
3000.7236833774 72.58
3044.3702144071 72.60
3088.6515988494 72.68
3133.57707086 72.78
3179.1559989082 72.80
3225.397887731 72.88
3272.3123803148 72.98
3319.9092599067 73.00
3368.1984520542 73.00
3417.1900266754 73.00
3466.8942001586 73.00
3517.3213374928 73.00
3568.4819544296 72.92
3620.3867196753 72.90
3673.0464571163 72.90
3726.4721480761 72.82
3780.6749336053 72.72
3835.6661168044 72.70
3891.4571651819 72.53
3948.0597130445 72.42
4005.4855639241 72.32
4063.7466930387 72.22
4122.8552497902 72.12
4182.8235602974 71.85
4243.6641299665 71.64
4305.3896460992 71.43
4368.0129805382 71.23
4431.5471923516 71.04
4496.0055305558 70.84
4561.4014368787 70.72
4627.7485485626 70.45
4695.0607012081 70.24
4763.3519316592 70.04
4832.6364809305 69.84
4902.9287971769 69.72
4974.2435387067 69.54
5046.595577038 69.34
5120.0000000002 69.14
5194.4721148803 68.94
5270.0274516149 68.74
5346.6817660286 68.54
5424.4510431198 68.42
5503.3515003942 68.15
5583.3995912463 67.85
5664.6120083911 67.64
5747.0056873442 67.35
5830.5978099545 67.14
5915.4058079863 66.94
6001.4473667548 66.82
6088.7404288142 66.72
6177.3031976989 66.62
6267.1541417201 66.52
6358.3119978165 66.42
6450.795775462 66.48
6544.6247606297 66.33
6639.8185198134 66.38
6736.3969041085 66.40
6834.3800533509 66.56
6933.7884003172 66.60
7034.6426749857 66.68
7136.9639088592 66.95
7240.7734393506 67.25
7346.0929142326 67.55
7452.9442961523 67.76
7561.3498672106 68.13
7671.3322336089 68.45
7782.9143303638 68.83
7896.119426089 69.23
8010.9711278481 69.55
8127.4933860775 69.76
8245.7104995805 69.80
8365.6471205948 69.64
8487.328259933 69.35
8610.7792921984 68.81
8736.0259610765 68.12
8863.0943847033 67.43
8992.0110611117 66.72
9122.8028737575 66.19
9255.4970971253 65.69
9390.1214024162 65.27
9526.7038633184 64.95
9665.272961861 64.65
9805.8575943538 64.44
9948.4870774134 64.07
10093.191154076 63.75
10240.0000000005 63.54
10388.9442297607 63.42
10540.0549032298 63.24
10693.3635320572 63.20
10848.9020862397 63.28
11006.7030007884 63.30
11166.7991824927 63.46
11329.2240167822 63.75
11494.0113746885 63.96
11661.1956199091 64.16
11830.8116159726 64.53
12002.8947335097 65.01
12177.4808576284 65.59
12354.6063953979 66.11
12534.3082834402 66.69
12716.6239956331 67.29
12901.5915509241 67.65
13089.2495212594 67.54
13279.637039627 66.93
13472.7938082171 65.89
13668.7601067018 64.63
13867.5768006344 63.25
14069.2853499715 61.93
14273.9278177184 60.80
14481.5468787012 59.86
14692.1858284653 59.13
14905.8885923047 58.59
15122.6997344212 58.17
15342.6644672179 57.61
15565.8286607277 57.34
15792.2388521781 57.22
16021.9422556964 57.04
16254.9867721551 57.00
16491.4209991611 56.84
16731.2942411897 56.55
16974.656519866 56.25
17221.5585843969 55.95
17472.0519221531 55.57
17726.1887694067 55.25
17984.0221222235 54.95
18245.605747515 54.57
18510.9941942506 54.01
18780.2428048326 53.33
19053.4077266369 52.62
19330.545923722 51.84
19611.7151887077 51.48
19896.9741548268 51.20
20186.382308152 51.10
