20 66.60
20.2909066988 66.50
20.5860447329 66.60
20.8854756485 66.70
21.1892618872 66.80
21.4974667984 66.87
21.8101546533 66.97
22.1273906578 67.08
22.4492409662 67.18
22.7757726951 67.29
23.1070539374 67.38
23.4431537764 67.48
23.7841423001 67.50
24.130090616 67.58
24.4810708661 67.60
24.8371562415 67.60
25.1984209979 67.67
25.5649404712 67.70
25.936791093 67.78
26.3140504067 67.80
26.6967970834 67.87
27.0851109387 67.90
27.4790729492 67.90
27.878765269 67.90
28.2842712475 67.90
28.6956754462 67.90
29.1130636568 67.90
29.5365229188 67.98
29.9661415375 68.00
30.402009103 68.08
30.8442165082 68.19
31.2928559682 68.12
31.7480210394 68.01
32.209806639 68.00
32.6783090648 67.92
33.1536260154 67.90
33.6358566101 67.90
34.1251014105 67.99
34.6214624402 68.08
35.1250432075 68.10
35.6359487256 68.10
36.1542855356 68.10
36.6801617282 68.10
37.2136869661 68.10
37.7549725073 68.18
38.3041312279 68.44
38.8612776461 68.58
39.4265279456 68.60
40 68.52
40.5818133975 68.34
41.1720894657 68.14
41.7709512971 67.94
42.3785237744 67.98
42.9949335968 68.25
43.6203093066 68.39
44.2547813156 68.32
44.8984819324 68.13
45.5515453903 67.94
46.2141078749 67.73
46.8863075528 67.70
47.5682846001 67.86
48.260181232 67.98
48.9621417322 67.84
49.6743124829 67.64
50.3968419958 67.60
51.1298809424 67.76
51.873582186 67.88
52.6281008133 67.98
53.3935941668 68.08
54.1702218775 67.93
54.9581458983 67.65
55.757530538 67.52
56.5685424949 67.67
57.3913508924 67.87
58.2261273137 67.98
59.0730458376 68.08
59.9322830751 68.10
60.804018206 68.10
61.6884330163 67.84
62.5857119363 67.63
63.4960420787 67.60
64.419613278 67.76
65.3566181296 67.80
66.3072520307 67.56
67.2717132203 67.33
68.2502028209 67.21
69.2429248805 67.03
70.2500864149 66.91
71.2718974512 66.90
72.3085710713 67.06
73.3603234564 67.27
74.4273739322 67.38
75.5099450145 67.40
76.6082624559 67.23
77.7225552923 66.95
78.8530558912 66.74
80 66.62
81.163626795 66.60
82.3441789315 66.52
83.5419025942 66.42
84.7570475487 66.72
85.9898671937 67.13
87.2406186132 67.04
88.5095626311 66.66
89.7969638648 66.35
91.1030907805 66.13
92.4282157498 66.34
93.7726151055 66.65
95.1365692002 66.62
96.520362464 66.84
97.9242834644 66.82
99.3486249659 66.55
100.7936839916 66.33
102.2597618848 66.17
103.7471643721 65.95
105.2562016267 66.03
106.7871883336 66.26
108.340443755 66.10
109.9162917966 65.73
111.5150610759 65.62
113.1370849898 65.49
114.7827017849 65.41
116.4522546274 65.40
118.1460916752 65.39
119.8645661501 65.31
121.6080364119 65.14
123.3768660326 65.38
125.1714238726 65.27
126.9920841575 64.90
128.8392265559 64.90
130.7132362593 64.90
132.6145040614 64.82
134.5434264406 64.72
136.5004056418 64.55
138.485849761 64.43
140.5001728299 64.40
142.5437949025 64.63
144.6171421426 64.86
146.7206469127 64.73
148.8547478643 64.42
151.0198900291 64.20
153.2165249118 64.05
155.4451105846 64.00
157.7061117824 64.09
160 64.20
162.32725359 64.20
164.688357863 64.12
167.0838051884 63.89
169.5140950975 63.65
171.9797343873 63.80
174.4812372264 63.97
177.0191252622 63.80
179.5939277295 63.54
182.2061815611 63.43
184.8564314996 63.49
187.5452302111 63.50
190.2731384004 63.35
193.0407249281 63.16
195.8485669287 63.01
198.6972499318 63.00
201.5873679832 62.91
204.5195237697 62.73
207.4943287442 62.62
210.5124032534 62.68
213.5743766672 62.70
216.6808875099 62.52
219.8325835933 62.41
223.0301221518 62.40
226.2741699797 62.25
229.5654035698 62.11
232.9045092548 62.10
236.2921833503 62.10
239.7291323003 62.19
243.2160728239 62.20
246.7537320653 62.29
250.3428477452 62.13
253.9841683149 61.88
257.6784531119 61.80
261.4264725186 61.80
265.2290081229 61.80
269.0868528812 61.72
273.0008112836 61.62
276.971699522 61.67
281.0003456597 61.78
285.0875898049 61.57
289.2342842852 61.34
293.4412938255 61.04
297.7094957287 61.09
302.0397800581 61.26
306.4330498235 61.21
310.8902211692 60.97
315.4122235649 60.99
320 61.00
324.65450718 61.00
329.3767157259 61.00
334.1676103768 60.92
339.028190195 60.58
343.9594687746 60.50
348.9624744529 60.58
354.0382505244 60.52
359.187855459 60.42
364.4123631221 60.58
369.7128629991 60.52
375.0904604222 60.42
380.5462768009 60.40
386.0814498562 60.40
391.6971338575 60.32
397.3944998635 60.30
403.1747359664 60.47
409.0390475393 60.42
414.9886574883 60.32
421.0248065068 60.38
427.1487533344 60.40
433.3617750198 60.31
439.6651671866 60.14
446.0602443037 59.93
452.5483399594 59.90
459.1308071395 59.81
465.8090185095 59.63
472.5843667007 59.76
479.4582646005 59.88
486.4321456477 59.82
493.5074641306 59.72
500.6856954905 59.78
507.9683366298 59.80
515.3569062238 59.80
522.8529450372 59.55
530.4580162458 59.50
538.1737057624 59.42
546.0016225673 59.49
553.9433990439 59.67
562.0006913195 59.88
570.1751796098 59.74
578.4685685703 59.78
586.882587651 59.71
595.4189914574 59.54
604.0795601163 59.42
612.8660996471 59.49
621.7804423383 59.50
630.8244471297 59.41
640 59.40
649.30901436 59.32
658.7534314519 59.21
668.3352207536 59.28
678.05638039 59.38
687.9189375493 59.32
697.9249489058 59.46
708.0765010489 59.58
718.375710918 59.43
728.8247262443 59.32
739.4257259983 59.38
750.1809208443 59.48
761.0925536018 59.42
772.1628997124 59.40
783.394267715 59.40
794.7889997271 59.40
806.3494719327 59.40
818.0780950787 59.40
829.9773149767 59.40
842.0496130136 59.57
854.2975066688 59.60
866.7235500396 59.60
879.3303343732 59.84
892.1204886074 60.07
905.0966799188 60.10
918.2616142791 60.18
931.618037019 60.36
945.1687334013 60.40
958.9165292011 60.48
972.8642912955 60.75
987.0149282611 60.96
1001.371390981 60.92
1015.9366732597 60.98
1030.7138124476 61.08
1045.7058900743 61.18
1060.9160324916 61.20
1076.3474115248 61.20
1092.0032451345 61.44
1107.8867980879 61.58
1124.0013826389 61.68
1140.3503592197 61.78
1156.9371371406 61.80
1173.765175302 61.96
1190.8379829148 62.16
1208.1591202326 62.28
1225.7321992942 62.46
1243.5608846767 62.58
1261.6488942595 62.68
1280 62.78
1298.6180287201 62.80
1317.5068629037 62.96
1336.6704415071 63.25
1356.1127607799 63.30
1375.8378750985 63.47
1395.8498978116 63.50
1416.1530020977 63.50
1436.751421836 63.50
1457.6494524886 63.75
1478.8514519966 63.96
1500.3618416887 64.08
1522.1851072035 64.27
1544.3257994247 64.38
1566.78853543 64.48
1589.5779994541 64.50
1612.6989438655 64.66
1636.1561901574 64.78
1659.9546299533 64.97
1684.0992260271 65.08
1708.5950133377 65.26
1733.4471000793 65.38
1758.6606687464 65.48
1784.2409772148 65.58
1810.1933598376 65.68
1836.5232285581 65.78
1863.2360740381 65.80
1890.3374668026 65.88
1917.8330584022 65.90
1945.7285825909 66.06
1974.0298565222 66.10
2002.742781962 66.10
2031.8733465194 66.35
2061.4276248951 66.40
2091.4117801487 66.56
2121.8320649832 66.68
2152.6948230496 66.70
2184.0064902691 66.78
2215.7735961758 66.97
2248.0027652779 67.08
2280.7007184393 67.10
2313.8742742813 67.18
2347.530350604 67.36
2381.6759658296 67.40
2416.3182404652 67.48
2451.4643985884 67.58
2487.1217693533 67.68
2523.297788519 67.70
2560.0000000001 67.78
2597.2360574402 67.80
2635.0137258074 67.80
2673.3408830143 67.88
2712.2255215599 68.07
2751.6757501971 68.10
2791.6997956232 68.10
2832.3060041955 68.18
2873.5028436721 68.20
2915.2989049772 68.20
2957.7029039931 68.28
3000.7236833774 68.38
3044.3702144071 68.48
3088.6515988494 68.50
3133.57707086 68.50
3179.1559989082 68.58
3225.397887731 68.60
3272.3123803148 68.60
3319.9092599067 68.68
3368.1984520542 68.70
3417.1900266754 68.70
3466.8942001586 68.78
3517.3213374928 68.88
3568.4819544296 68.82
3620.3867196753 68.88
3673.0464571163 68.98
3726.4721480761 69.08
3780.6749336053 69.10
3835.6661168044 69.18
3891.4571651819 69.28
3948.0597130445 69.47
4005.4855639241 69.50
4063.7466930387 69.58
4122.8552497902 69.60
4182.8235602974 69.60
4243.6641299665 69.60
4305.3896460992 69.52
4368.0129805382 69.42
4431.5471923516 69.32
4496.0055305558 69.14
4561.4014368787 68.85
4627.7485485626 68.55
4695.0607012081 68.17
4763.3519316592 67.69
4832.6364809305 67.27
4902.9287971769 66.96
4974.2435387067 66.49
5046.595577038 66.07
5120.0000000002 65.42
5194.4721148803 64.23
5270.0274516149 64.00
5346.6817660286 64.74
5424.4510431198 65.07
5503.3515003942 64.77
5583.3995912463 64.37
5664.6120083911 63.89
5747.0056873442 63.47
5830.5978099545 63.07
5915.4058079863 62.67
6001.4473667548 62.44
6088.7404288142 62.15
6177.3031976989 61.85
6267.1541417201 61.64
6358.3119978165 61.44
6450.795775462 61.32
6544.6247606297 61.22
6639.8185198134 61.20
6736.3969041085 61.20
6834.3800533509 61.28
6933.7884003172 61.46
7034.6426749857 61.66
7136.9639088592 61.95
7240.7734393506 62.25
7346.0929142326 62.63
7452.9442961523 63.11
7561.3498672106 63.69
7671.3322336089 64.21
7782.9143303638 64.79
7896.119426089 65.48
8010.9711278481 65.93
8127.4933860775 66.16
8245.7104995805 65.87
8365.6471205948 65.31
8487.328259933 64.38
8610.7792921984 63.38
8736.0259610765 62.38
8863.0943847033 61.54
8992.0110611117 60.91
9122.8028737575 60.39
9255.4970971253 59.97
9390.1214024162 59.57
9526.7038633184 59.17
9665.272961861 58.61
9805.8575943538 58.01
9948.4870774134 57.24
10093.191154076 56.69
10240.0000000005 56.27
10388.9442297607 55.87
10540.0549032298 55.47
10693.3635320572 55.24
10848.9020862397 54.95
11006.7030007884 54.74
11166.7991824927 54.62
11329.2240167822 54.44
11494.0113746885 54.48
11661.1956199091 54.58
11830.8116159726 54.76
12002.8947335097 55.05
12177.4808576284 55.43
12354.6063953979 56.16
12534.3082834402 57.12
12716.6239956331 58.37
12901.5915509241 59.75
13089.2495212594 61.07
13279.637039627 61.63
13472.7938082171 61.04
13668.7601067018 59.67
13867.5768006344 58.00
14069.2853499715 56.30
14273.9278177184 54.93
14481.5468787012 53.80
14692.1858284653 52.86
14905.8885923047 52.12
15122.6997344212 51.59
15342.6644672179 51.17
15565.8286607277 51.18
15792.2388521781 51.36
16021.9422556964 51.56
16254.9867721551 51.93
16491.4209991611 52.16
16731.2942411897 52.20
16974.656519866 52.04
17221.5585843969 51.75
17472.0519221531 51.78
17726.1887694067 52.05
17984.0221222235 52.35
18245.605747515 52.48
18510.9941942506 51.93
18780.2428048326 50.57
19053.4077266369 48.24
19330.545923722 45.42
19611.7151887077 44.00
19896.9741548268 42.90
20186.382308152 42.50
