20 69.27
20.2909066988 69.30
20.5860447329 69.40
20.8854756485 69.50
21.1892618872 69.60
21.4974667984 69.67
21.8101546533 69.77
22.1273906578 69.80
22.4492409662 69.80
22.7757726951 69.89
23.1070539374 69.90
23.4431537764 69.90
23.7841423001 69.99
24.130090616 70.00
24.4810708661 70.09
24.8371562415 70.18
25.1984209979 70.27
25.5649404712 70.30
25.936791093 70.38
26.3140504067 70.40
26.6967970834 70.40
27.0851109387 70.40
27.4790729492 70.40
27.878765269 70.40
28.2842712475 70.40
28.6956754462 70.40
29.1130636568 70.48
29.5365229188 70.58
29.9661415375 70.60
30.402009103 70.60
30.8442165082 70.60
31.2928559682 70.60
31.7480210394 70.51
32.209806639 70.50
32.6783090648 70.50
33.1536260154 70.59
33.6358566101 70.69
34.1251014105 70.70
34.6214624402 70.78
35.1250432075 70.89
35.6359487256 70.90
36.1542855356 70.99
36.6801617282 71.08
37.2136869661 71.18
37.7549725073 71.28
38.3041312279 71.46
38.8612776461 71.58
39.4265279456 71.60
40 71.52
40.5818133975 71.42
41.1720894657 71.32
41.7709512971 71.30
42.3785237744 71.30
42.9949335968 71.30
43.6203093066 71.30
44.2547813156 71.30
44.8984819324 71.22
45.5515453903 71.20
46.2141078749 71.11
46.8863075528 71.18
47.5682846001 71.20
48.260181232 71.20
48.9621417322 71.12
49.6743124829 71.02
50.3968419958 71.00
51.1298809424 71.00
51.873582186 71.00
52.6281008133 71.00
53.3935941668 70.92
54.1702218775 70.82
54.9581458983 70.64
55.757530538 70.60
56.5685424949 70.77
57.3913508924 70.97
58.2261273137 71.08
59.0730458376 71.10
59.9322830751 71.10
60.804018206 71.10
61.6884330163 71.01
62.5857119363 70.91
63.4960420787 70.90
64.419613278 70.82
65.3566181296 70.80
66.3072520307 70.80
67.2717132203 70.80
68.2502028209 70.80
69.2429248805 70.80
70.2500864149 70.80
71.2718974512 70.80
72.3085710713 70.80
73.3603234564 70.71
74.4273739322 70.62
75.5099450145 70.60
76.6082624559 70.60
77.7225552923 70.60
78.8530558912 70.44
80 70.32
81.163626795 70.22
82.3441789315 70.20
83.5419025942 70.20
84.7570475487 70.20
85.9898671937 70.20
87.2406186132 70.20
88.5095626311 70.12
89.7969638648 70.02
91.1030907805 69.92
92.4282157498 69.98
93.7726151055 70.08
95.1365692002 70.18
96.520362464 70.20
97.9242834644 70.36
99.3486249659 70.32
100.7936839916 70.21
102.2597618848 70.20
103.7471643721 70.20
105.2562016267 70.20
106.7871883336 70.04
108.340443755 69.87
109.9162917966 69.71
111.5150610759 69.62
113.1370849898 69.60
114.7827017849 69.60
116.4522546274 69.53
118.1460916752 69.40
119.8645661501 69.40
121.6080364119 69.48
123.3768660326 69.50
125.1714238726 69.28
126.9920841575 69.10
128.8392265559 68.92
130.7132362593 68.81
132.6145040614 68.80
134.5434264406 68.88
136.5004056418 68.90
138.485849761 68.83
140.5001728299 68.72
142.5437949025 68.70
144.6171421426 68.46
146.7206469127 68.14
148.8547478643 68.01
151.0198900291 68.10
153.2165249118 68.10
155.4451105846 68.03
157.7061117824 67.91
160 67.80
162.32725359 67.72
164.688357863 67.70
167.0838051884 67.63
169.5140950975 67.68
171.9797343873 67.70
174.4812372264 67.70
177.0191252622 67.70
179.5939277295 67.61
182.2061815611 67.45
184.8564314996 67.31
187.5452302111 67.30
190.2731384004 67.30
193.0407249281 67.23
195.8485669287 67.11
198.6972499318 67.19
201.5873679832 67.20
204.5195237697 67.12
207.4943287442 67.02
210.5124032534 67.08
213.5743766672 67.10
216.6808875099 66.74
219.8325835933 66.32
223.0301221518 66.15
226.2741699797 66.02
229.5654035698 65.91
232.9045092548 65.97
236.2921833503 66.08
239.7291323003 66.10
243.2160728239 66.02
246.7537320653 66.00
250.3428477452 65.83
253.9841683149 65.73
257.6784531119 65.61
261.4264725186 65.60
265.2290081229 65.60
269.0868528812 65.60
273.0008112836 65.45
276.971699522 65.33
281.0003456597 65.22
285.0875898049 65.05
289.2342842852 65.08
293.4412938255 65.10
297.7094957287 65.10
302.0397800581 64.86
306.4330498235 64.80
310.8902211692 64.80
315.4122235649 64.71
320 64.54
324.65450718 64.50
329.3767157259 64.50
334.1676103768 64.42
339.028190195 64.32
343.9594687746 64.30
348.9624744529 64.30
354.0382505244 64.22
359.187855459 64.12
364.4123631221 64.10
369.7128629991 64.02
375.0904604222 64.00
380.5462768009 64.00
386.0814498562 64.00
391.6971338575 63.92
397.3944998635 63.99
403.1747359664 64.00
409.0390475393 64.00
414.9886574883 64.08
421.0248065068 64.10
427.1487533344 64.19
433.3617750198 64.20
439.6651671866 63.96
446.0602443037 63.82
452.5483399594 63.80
459.1308071395 63.89
465.8090185095 63.90
472.5843667007 63.82
479.4582646005 63.72
486.4321456477 63.70
493.5074641306 63.62
500.6856954905 63.76
507.9683366298 63.97
515.3569062238 64.08
522.8529450372 64.10
530.4580162458 64.02
538.1737057624 64.00
546.0016225673 64.00
553.9433990439 64.09
562.0006913195 64.01
570.1751796098 64.08
578.4685685703 64.18
586.882587651 64.20
595.4189914574 64.12
604.0795601163 64.02
612.8660996471 64.00
621.7804423383 64.00
630.8244471297 64.09
640 64.18
649.30901436 64.28
658.7534314519 64.13
668.3352207536 64.10
678.05638039 64.02
687.9189375493 64.08
697.9249489058 64.34
708.0765010489 64.48
718.375710918 64.50
728.8247262443 64.58
739.4257259983 64.68
750.1809208443 64.70
761.0925536018 64.62
772.1628997124 64.52
783.394267715 64.67
794.7889997271 64.70
806.3494719327 64.70
818.0780950787 64.78
829.9773149767 64.88
842.0496130136 64.98
854.2975066688 65.09
866.7235500396 65.10
879.3303343732 65.10
892.1204886074 65.10
905.0966799188 65.27
918.2616142791 65.30
931.618037019 65.38
945.1687334013 65.56
958.9165292011 65.68
972.8642912955 65.70
987.0149282611 65.70
1001.371390981 65.70
1015.9366732597 65.70
1030.7138124476 65.78
1045.7058900743 65.88
1060.9160324916 66.06
1076.3474115248 66.18
1092.0032451345 66.28
1107.8867980879 66.30
1124.0013826389 66.38
1140.3503592197 66.48
1156.9371371406 66.50
1173.765175302 66.82
1190.8379829148 67.06
1208.1591202326 67.10
1225.7321992942 67.10
1243.5608846767 67.18
1261.6488942595 67.28
1280 67.47
1298.6180287201 67.50
1317.5068629037 67.58
1336.6704415071 67.52
1356.1127607799 67.66
1375.8378750985 67.78
1395.8498978116 67.88
1416.1530020977 67.90
1436.751421836 67.90
1457.6494524886 68.07
1478.8514519966 68.18
1500.3618416887 68.28
1522.1851072035 68.30
1544.3257994247 68.38
1566.78853543 68.48
1589.5779994541 68.58
1612.6989438655 68.60
1636.1561901574 68.68
1659.9546299533 68.78
1684.0992260271 68.88
1708.5950133377 68.98
1733.4471000793 69.00
1758.6606687464 69.17
1784.2409772148 69.28
1810.1933598376 69.46
1836.5232285581 69.58
1863.2360740381 69.60
1890.3374668026 69.68
1917.8330584022 69.78
1945.7285825909 69.88
1974.0298565222 69.98
2002.742781962 70.16
2031.8733465194 70.28
2061.4276248951 70.46
2091.4117801487 70.50
2121.8320649832 70.58
2152.6948230496 70.68
2184.0064902691 70.78
2215.7735961758 70.88
2248.0027652779 70.98
2280.7007184393 71.08
2313.8742742813 71.26
2347.530350604 71.30
2381.6759658296 71.38
2416.3182404652 71.48
2451.4643985884 71.58
2487.1217693533 71.68
2523.297788519 71.70
2560.0000000001 71.78
2597.2360574402 71.88
2635.0137258074 71.98
2673.3408830143 72.00
2712.2255215599 71.92
2751.6757501971 71.82
2791.6997956232 71.64
2832.3060041955 71.52
2873.5028436721 71.34
2915.2989049772 71.14
2957.7029039931 70.85
3000.7236833774 70.47
3044.3702144071 70.15
3088.6515988494 69.86
3133.57707086 69.56
3179.1559989082 69.25
3225.397887731 69.04
3272.3123803148 68.84
3319.9092599067 68.80
3368.1984520542 68.80
3417.1900266754 68.80
3466.8942001586 68.96
3517.3213374928 69.08
3568.4819544296 69.26
3620.3867196753 69.54
3673.0464571163 69.77
3726.4721480761 70.05
3780.6749336053 70.27
3835.6661168044 70.38
3891.4571651819 70.48
3948.0597130445 70.67
4005.4855639241 70.70
4063.7466930387 70.62
4122.8552497902 70.52
4182.8235602974 70.25
4243.6641299665 69.96
4305.3896460992 69.65
4368.0129805382 69.35
4431.5471923516 69.14
4496.0055305558 68.94
4561.4014368787 68.65
4627.7485485626 68.44
4695.0607012081 68.32
4763.3519316592 68.14
4832.6364809305 67.94
4902.9287971769 67.90
4974.2435387067 67.74
5046.595577038 67.54
5120.0000000002 67.34
5194.4721148803 67.14
5270.0274516149 66.86
5346.6817660286 66.64
5424.4510431198 66.43
5503.3515003942 66.24
5583.3995912463 65.95
5664.6120083911 65.74
5747.0056873442 65.54
5830.5978099545 65.42
5915.4058079863 65.32
6001.4473667548 65.30
6088.7404288142 65.38
6177.3031976989 65.40
6267.1541417201 65.40
6358.3119978165 65.48
6450.795775462 65.50
6544.6247606297 65.58
6639.8185198134 65.68
6736.3969041085 65.86
6834.3800533509 66.06
6933.7884003172 66.35
7034.6426749857 66.73
7136.9639088592 67.13
7240.7734393506 67.61
7346.0929142326 68.19
7452.9442961523 68.79
7561.3498672106 69.47
7671.3322336089 70.09
7782.9143303638 70.45
7896.119426089 70.66
8010.9711278481 70.54
8127.4933860775 70.34
8245.7104995805 69.81
8365.6471205948 69.21
8487.328259933 68.52
8610.7792921984 67.74
8736.0259610765 67.02
8863.0943847033 66.33
8992.0110611117 65.71
9122.8028737575 65.11
9255.4970971253 64.67
9390.1214024162 64.27
9526.7038633184 64.04
9665.272961861 63.84
9805.8575943538 63.80
9948.4870774134 63.80
10093.191154076 63.88
10240.0000000005 64.15
10388.9442297607 64.53
10540.0549032298 64.93
10693.3635320572 65.41
10848.9020862397 65.91
11006.7030007884 66.33
11166.7991824927 66.73
11329.2240167822 66.96
11494.0113746885 66.92
11661.1956199091 66.65
11830.8116159726 66.19
12002.8947335097 65.53
12177.4808576284 64.74
12354.6063953979 64.02
12534.3082834402 63.33
12716.6239956331 62.62
12901.5915509241 62.01
13089.2495212594 61.57
13279.637039627 61.17
13472.7938082171 60.94
13668.7601067018 60.82
13867.5768006344 60.80
14069.2853499715 60.88
14273.9278177184 61.06
14481.5468787012 61.43
14692.1858284653 61.75
14905.8885923047 62.13
15122.6997344212 62.45
15342.6644672179 62.99
15565.8286607277 63.59
15792.2388521781 64.03
16021.9422556964 64.10
16254.9867721551 63.53
16491.4209991611 62.01
16731.2942411897 59.64
16974.656519866 57.23
17221.5585843969 55.73
17472.0519221531 55.01
17726.1887694067 54.57
17984.0221222235 54.17
18245.605747515 53.85
18510.9941942506 53.55
18780.2428048326 53.34
19053.4077266369 52.97
19330.545923722 52.49
19611.7151887077 52.25
19896.9741548268 52.07
20186.382308152 52.00
