20.000000	73.200
20.290907	73.200
20.586045	73.295
20.885476	73.395
21.189262	73.593
21.497467	73.749
21.810155	73.870
22.127391	73.900
22.449241	73.900
22.775773	73.808
23.107054	73.723
23.443154	73.619
23.784142	73.505
24.130091	73.500
24.481071	73.406
24.837156	73.400
25.198421	73.475
25.564940	73.588
25.936791	73.600
26.314050	73.679
26.696797	73.626
27.085111	73.529
27.479073	73.500
27.878765	73.500
28.284271	73.500
28.695675	73.500
29.113064	73.578
29.536523	73.684
29.966142	73.792
30.402009	73.880
30.844217	73.986
31.292856	73.921
31.748021	73.813
32.209807	73.800
32.678309	73.800
33.153626	73.712
33.635857	73.700
34.125101	73.700
34.621462	73.616
35.125043	73.600
35.635949	73.513
36.154286	73.409
36.680162	73.320
37.213687	73.383
37.754973	73.476
38.304131	73.581
38.861278	73.600
39.426528	73.600
40.000000	73.433
40.581813	73.239
41.172089	73.121
41.770951	73.022
42.378524	73.160
42.994934	73.447
43.620309	73.673
44.254781	73.700
44.898482	73.700
45.551545	73.542
46.214108	73.243
46.886308	72.949
47.568285	72.819
48.260181	72.800
48.962142	72.720
49.674312	72.700
50.396842	72.700
51.129881	72.700
51.873582	72.536
52.628101	72.421
53.393594	72.570
54.170222	72.684
54.958146	72.453
55.757531	72.236
56.568542	72.116
57.391351	72.100
58.226127	72.100
59.073046	72.352
59.932283	72.481
60.804018	72.500
61.688433	72.414
62.585712	72.313
63.496042	72.141
64.419613	72.100
65.356618	72.184
66.307252	72.039
67.271713	72.086
68.250203	72.270
69.242925	72.216
70.250086	72.030
71.271897	71.841
72.308571	71.557
73.360323	71.242
74.427374	71.031
75.509945	70.917
76.608262	71.065
77.722555	71.184
78.853056	71.121
80.000000	71.018
81.163627	71.000
82.344179	70.921
83.541903	70.508
84.757048	70.161
85.989867	70.182
87.240619	70.280
88.509563	70.300
89.796964	70.131
91.103091	69.930
92.428216	70.061
93.772615	70.017
95.136569	69.838
96.520362	70.040
97.924283	70.180
99.348625	70.118
100.793684	70.015
102.259762	69.874
103.747164	69.725
105.256202	69.763
106.787188	69.879
108.340444	69.766
109.916292	69.792
111.515061	69.876
113.137085	69.486
114.782702	69.322
116.452255	69.227
118.146092	69.129
119.864566	69.473
121.608036	69.661
123.376866	69.356
125.171424	68.574
126.992084	68.301
128.839227	68.300
130.713236	68.300
132.614504	68.300
134.543426	68.146
136.500406	67.950
138.485850	67.900
140.500173	68.050
142.543795	68.177
144.617142	68.038
146.720647	67.914
148.854748	67.993
151.019890	68.399
153.216525	68.326
155.445111	67.939
157.706112	67.800
160.000000	67.300
162.327254	67.378
164.688358	67.316
167.083805	67.022
169.514095	66.597
171.979734	66.401
174.481237	66.483
177.019125	66.499
179.593928	66.327
182.206182	66.153
184.856431	66.286
187.545230	66.300
190.273138	66.224
193.040725	66.064
195.848567	66.000
198.697250	66.180
201.587368	66.114
204.519524	65.932
207.494329	65.734
210.512403	65.951
213.574377	66.086
216.680888	65.653
219.832584	65.128
223.030122	65.100
226.274170	65.024
229.565404	64.743
232.904509	65.063
236.292183	65.200
239.729132	65.200
243.216073	65.039
246.753732	65.000
250.342848	65.167
253.984168	65.275
257.678453	65.032
261.426473	65.086
265.229008	65.100
269.086853	65.100
273.000811	64.950
276.971700	64.603
281.000346	64.350
285.087590	64.223
289.234284	64.119
293.441294	64.186
297.709496	64.107
302.039780	64.019
306.433050	64.086
310.890221	64.100
315.412224	63.929
320.000000	63.740
324.654507	63.609
329.376716	63.425
334.167610	63.483
339.028190	63.339
343.959469	63.142
348.962474	63.258
354.038251	63.381
359.187855	62.981
364.412363	62.900
369.712863	62.900
375.090460	63.145
380.546277	62.973
386.081450	62.818
391.697134	62.722
397.394500	62.524
403.174736	62.500
409.039048	62.668
414.988657	62.783
421.024807	62.800
427.148753	62.714
433.361775	62.789
439.665167	62.557
446.060244	62.247
452.548340	62.200
459.130807	62.200
465.809019	62.034
472.584367	61.920
479.458265	61.744
486.432146	61.855
493.507464	61.979
500.685695	61.838
507.968337	61.971
515.356906	62.159
522.852945	62.284
530.458016	62.058
538.173706	61.768
546.001623	61.957
553.943399	62.174
562.000691	62.200
570.175180	62.200
578.468569	62.038
586.882588	62.000
595.418991	61.918
604.079560	61.821
612.866100	61.800
621.780442	61.714
630.824447	61.787
640.000000	61.880
649.309014	61.819
658.753431	61.714
668.335221	61.617
678.056380	61.519
687.918938	61.421
697.924949	61.638
708.076501	61.700
718.375711	61.616
728.824726	61.680
739.425726	61.784
750.180921	61.800
761.092554	61.800
772.162900	61.717
783.394268	61.785
794.789000	61.882
806.349472	61.815
818.078095	61.884
829.977315	61.817
842.049613	61.967
854.297507	62.086
866.723550	62.182
879.330334	62.121
892.120489	62.016
905.096680	62.085
918.261614	62.341
931.618037	62.563
945.168733	62.600
958.916529	62.600
972.864291	62.600
987.014928	62.520
1001.371391	62.500
1015.936673	62.580
1030.713812	62.684
1045.705890	62.954
1060.916032	63.081
1076.347412	63.182
1092.003245	63.363
1107.886798	63.400
1124.001383	63.400
1140.350359	63.483
1156.937137	63.664
1173.765175	64.024
1190.837983	64.263
1208.159120	64.300
1225.732199	64.300
1243.560885	64.381
1261.648894	64.319
1280.000000	64.550
1298.618029	64.682
1317.506863	64.782
1336.670442	64.718
1356.112761	64.942
1375.837875	65.083
1395.849898	65.268
1416.153002	65.382
1436.751422	65.484
1457.649452	65.584
1478.851452	65.762
1500.361842	65.883
1522.185107	65.983
1544.325799	66.083
1566.788535	66.100
1589.577999	66.181
1612.698944	66.444
1636.156190	66.417
1659.954630	66.483
1684.099226	66.584
1708.595013	66.682
1733.447100	66.782
1758.660669	67.048
1784.240977	67.263
1810.193360	67.382
1836.523229	67.566
1863.236074	67.682
1890.337467	67.783
1917.833058	67.882
1945.728583	68.062
1974.029857	68.182
2002.742782	68.200
2031.873347	68.365
2061.427625	68.481
2091.411780	68.663
2121.832065	68.866
2152.694823	68.983
2184.006490	69.081
2215.773596	69.183
2248.002765	69.282
2280.700718	69.543
2313.874274	69.763
2347.530351	69.800
2381.675966	69.800
2416.318240	70.043
2451.464399	70.181
2487.121769	70.281
2523.297789	70.300
2560.000000	70.462
2597.236057	70.582
2635.013726	70.682
2673.340883	70.700
2712.225522	70.700
2751.675750	70.700
2791.699796	70.700
2832.306004	70.619
2873.502844	70.682
2915.298905	70.782
2957.702904	70.717
3000.723683	70.617
3044.370214	70.517
3088.651599	70.419
3133.577071	70.319
3179.155999	70.135
3225.397888	70.018
3272.312380	69.918
3319.909260	69.817
3368.198452	69.718
3417.190027	69.536
3466.894200	69.255
3517.321337	69.035
3568.481954	68.755
3620.386720	68.537
3673.046457	68.334
3726.472148	67.971
3780.674934	67.735
3835.666117	67.537
3891.457165	67.335
3948.059713	67.135
4005.485564	66.936
4063.746693	66.818
4122.855250	66.634
4182.823560	66.518
4243.664130	66.581
4305.389646	66.600
4368.012981	66.683
4431.547192	66.700
4496.005531	66.782
4561.401437	66.882
4627.748549	66.900
4695.060701	66.900
4763.351932	66.900
4832.636481	66.900
4902.928797	66.900
4974.243539	66.818
5046.595577	66.800
5120.000000	66.800
5194.472115	66.800
5270.027452	66.718
5346.681766	66.700
5424.451043	66.617
5503.351500	66.437
5583.399591	66.318
5664.612008	66.218
5747.005687	66.118
5830.597810	66.018
5915.405808	65.918
6001.447367	65.736
6088.740429	65.782
6177.303198	65.718
6267.154142	65.700
6358.311998	65.700
6450.795775	65.700
6544.624761	65.617
6639.818520	65.682
6736.396904	65.700
6834.380053	65.782
6933.788400	65.800
7034.642675	65.964
7136.963909	66.247
7240.773439	66.465
7346.092914	66.829
7452.944296	67.229
7561.349867	67.710
7671.332234	68.128
7782.914330	68.528
7896.119426	68.930
8010.971128	69.082
8127.493386	68.935
8245.710500	68.572
8365.647121	67.842
8487.328260	66.960
8610.779292	65.979
8736.025961	64.976
8863.094385	64.061
8992.011061	63.243
9122.802874	62.524
9255.497097	61.988
9390.121402	61.488
9526.703863	60.989
9665.272962	60.653
9805.857594	60.436
9948.487077	60.154
10093.191154	60.018
10240.000000	59.918
10388.944230	59.900
10540.054903	59.900
10693.363532	59.982
10848.902086	60.164
11006.703001	60.200
11166.799182	60.446
11329.224017	60.747
11494.011375	60.964
11661.195620	61.164
11830.811616	61.529
12002.894734	62.092
12177.480858	62.528
12354.606395	62.682
12534.308283	62.700
12716.623996	62.453
12901.591551	61.908
13089.249521	61.144
13279.637040	60.426
13472.793808	59.889
13668.760107	59.389
13867.576801	58.971
14069.285350	58.735
14273.927818	58.618
14481.546879	58.436
14692.185828	58.318
14905.888592	58.136
15122.699734	57.690
15342.664467	56.697
15565.828661	55.926
15792.238852	55.226
16021.942256	54.607
16254.986772	54.008
16491.420999	53.326
16731.294241	52.707
16974.656520	52.189
17221.558584	51.772
17472.051922	51.372
17726.188769	51.136
17984.022122	50.936
18245.605748	50.654
18510.994194	50.354
18780.242805	49.972
19053.407727	49.653
19330.545924	49.271
19611.715189	49.088
19896.974155	48.950
20186.382308	48.900
