20 46.33
20.2909066988 46.50
20.5860447329 46.60
20.8854756485 46.79
21.1892618872 46.90
21.4974667984 46.97
21.8101546533 47.00
22.1273906578 47.08
22.4492409662 47.10
22.7757726951 47.19
23.1070539374 47.28
23.4431537764 47.38
23.7841423001 47.49
24.130090616 47.67
24.4810708661 47.79
24.8371562415 47.97
25.1984209979 48.07
25.5649404712 48.19
25.936791093 48.28
26.3140504067 48.38
26.6967970834 48.47
27.0851109387 48.57
27.4790729492 48.69
27.878765269 48.70
28.2842712475 48.77
28.6956754462 48.80
29.1130636568 48.88
29.5365229188 48.98
29.9661415375 49.09
30.402009103 49.18
30.8442165082 49.29
31.2928559682 49.38
31.7480210394 49.49
32.209806639 49.58
32.6783090648 49.68
33.1536260154 49.79
33.6358566101 49.89
34.1251014105 50.07
34.6214624402 50.27
35.1250432075 50.39
35.6359487256 50.57
36.1542855356 50.78
36.6801617282 50.96
37.2136869661 51.17
37.7549725073 51.28
38.3041312279 51.46
38.8612776461 51.50
39.4265279456 51.50
40 51.50
40.5818133975 51.50
41.1720894657 51.58
41.7709512971 51.76
42.3785237744 51.96
42.9949335968 52.16
43.6203093066 52.29
44.2547813156 52.30
44.8984819324 52.30
45.5515453903 52.22
46.2141078749 52.20
46.8863075528 52.20
47.5682846001 52.28
48.260181232 52.30
48.9621417322 52.38
49.6743124829 52.48
50.3968419958 52.50
51.1298809424 52.58
51.873582186 52.60
52.6281008133 52.60
53.3935941668 52.52
54.1702218775 52.50
54.9581458983 52.58
55.757530538 52.68
56.5685424949 52.78
57.3913508924 52.89
58.2261273137 52.90
59.0730458376 52.98
59.9322830751 53.00
60.804018206 53.08
61.6884330163 53.19
62.5857119363 53.29
63.4960420787 53.30
64.419613278 53.38
65.3566181296 53.40
66.3072520307 53.40
67.2717132203 53.49
68.2502028209 53.67
69.2429248805 53.78
70.2500864149 53.89
71.2718974512 53.98
72.3085710713 54.00
73.3603234564 54.00
74.4273739322 53.92
75.5099450145 53.90
76.6082624559 53.90
77.7225552923 53.90
78.8530558912 53.82
80 53.80
81.163626795 53.88
82.3441789315 53.90
83.5419025942 53.98
84.7570475487 54.00
85.9898671937 54.00
87.2406186132 54.00
88.5095626311 53.92
89.7969638648 53.98
91.1030907805 54.17
92.4282157498 54.28
93.7726151055 54.38
95.1365692002 54.40
96.520362464 54.40
97.9242834644 54.48
99.3486249659 54.42
100.7936839916 54.40
102.2597618848 54.40
103.7471643721 54.40
105.2562016267 54.40
106.7871883336 54.40
108.340443755 54.47
109.9162917966 54.50
111.5150610759 54.50
113.1370849898 54.60
114.7827017849 54.60
116.4522546274 54.60
118.1460916752 54.59
119.8645661501 54.51
121.6080364119 54.50
123.3768660326 54.50
125.1714238726 54.50
126.9920841575 54.50
128.8392265559 54.50
130.7132362593 54.50
132.6145040614 54.50
134.5434264406 54.50
136.5004056418 54.50
138.485849761 54.43
140.5001728299 54.40
142.5437949025 54.32
144.6171421426 54.22
146.7206469127 54.20
148.8547478643 54.11
151.0198900291 54.10
153.2165249118 54.10
155.4451105846 54.10
157.7061117824 54.10
160 54.10
162.32725359 54.10
164.688357863 54.10
167.0838051884 54.03
169.5140950975 54.00
171.9797343873 54.00
174.4812372264 54.00
177.0191252622 54.10
179.5939277295 54.10
182.2061815611 54.10
184.8564314996 54.01
187.5452302111 54.00
190.2731384004 53.92
193.0407249281 53.83
195.8485669287 53.80
198.6972499318 53.71
201.5873679832 53.70
204.5195237697 53.62
207.4943287442 53.60
210.5124032534 53.60
213.5743766672 53.51
216.6808875099 53.50
219.8325835933 53.50
223.0301221518 53.42
226.2741699797 53.32
229.5654035698 53.30
232.9045092548 53.23
236.2921833503 53.20
239.7291323003 53.11
243.2160728239 53.02
246.7537320653 52.91
250.3428477452 52.73
253.9841683149 52.70
257.6784531119 52.70
261.4264725186 52.61
265.2290081229 52.60
269.0868528812 52.60
273.0008112836 52.52
276.971699522 52.50
281.0003456597 52.42
285.0875898049 52.32
289.2342842852 52.22
293.4412938255 52.11
297.7094957287 52.01
302.0397800581 51.92
306.4330498235 51.81
310.8902211692 51.80
315.4122235649 51.71
320 51.70
324.65450718 51.52
329.3767157259 51.41
334.1676103768 51.23
339.028190195 51.12
343.9594687746 51.10
348.9624744529 51.02
354.0382505244 50.92
359.187855459 50.82
364.4123631221 50.71
369.7128629991 50.62
375.0904604222 50.52
380.5462768009 50.42
386.0814498562 50.40
391.6971338575 50.32
397.3944998635 50.30
403.1747359664 50.21
409.0390475393 50.12
414.9886574883 50.02
421.0248065068 49.92
427.1487533344 49.81
433.3617750198 49.71
439.6651671866 49.62
446.0602443037 49.52
452.5483399594 49.42
459.1308071395 49.23
465.8090185095 49.12
472.5843667007 49.02
479.4582646005 48.92
486.4321456477 48.74
493.5074641306 48.54
500.6856954905 48.42
507.9683366298 48.23
515.3569062238 48.12
522.8529450372 48.02
530.4580162458 48.00
538.1737057624 47.92
546.0016225673 47.90
553.9433990439 47.81
562.0006913195 47.71
570.1751796098 47.62
578.4685685703 47.52
586.882587651 47.33
595.4189914574 47.22
604.0795601163 47.12
612.8660996471 46.93
621.7804423383 46.81
630.8244471297 46.80
640 46.64
649.30901436 46.52
658.7534314519 46.41
668.3352207536 46.32
678.05638039 46.22
687.9189375493 46.12
697.9249489058 46.02
708.0765010489 45.92
718.375710918 45.73
728.8247262443 45.62
739.4257259983 45.43
750.1809208443 45.32
761.0925536018 45.13
772.1628997124 45.02
783.394267715 44.91
794.7889997271 44.82
806.3494719327 44.72
818.0780950787 44.62
829.9773149767 44.60
842.0496130136 44.52
854.2975066688 44.41
866.7235500396 44.32
879.3303343732 44.22
892.1204886074 44.12
905.0966799188 44.01
918.2616142791 43.92
931.618037019 43.90
945.1687334013 43.90
958.9165292011 43.90
972.8642912955 43.90
987.0149282611 43.82
1001.371390981 43.80
1015.9366732597 43.80
1030.7138124476 43.80
1045.7058900743 43.80
1060.9160324916 43.88
1076.3474115248 43.98
1092.0032451345 44.08
1107.8867980879 44.10
1124.0013826389 44.18
1140.3503592197 44.37
1156.9371371406 44.48
1173.765175302 44.66
1190.8379829148 44.78
1208.1591202326 44.97
1225.7321992942 45.08
1243.5608846767 45.26
1261.6488942595 45.38
1280 45.57
1298.6180287201 45.68
1317.5068629037 45.86
1336.6704415071 45.98
1356.1127607799 46.08
1375.8378750985 46.18
1395.8498978116 46.28
1416.1530020977 46.30
1436.751421836 46.38
1457.6494524886 46.48
1478.8514519966 46.58
1500.3618416887 46.77
1522.1851072035 46.88
1544.3257994247 46.98
1566.78853543 47.00
1589.5779994541 47.08
1612.6989438655 47.18
1636.1561901574 47.28
1659.9546299533 47.38
1684.0992260271 47.48
1708.5950133377 47.58
1733.4471000793 47.68
1758.6606687464 47.78
1784.2409772148 47.80
1810.1933598376 47.96
1836.5232285581 48.00
1863.2360740381 48.08
1890.3374668026 48.18
1917.8330584022 48.28
1945.7285825909 48.38
1974.0298565222 48.40
2002.742781962 48.48
2031.8733465194 48.58
2061.4276248951 48.68
2091.4117801487 48.78
2121.8320649832 48.80
2152.6948230496 48.88
2184.0064902691 48.98
2215.7735961758 49.08
2248.0027652779 49.18
2280.7007184393 49.28
2313.8742742813 49.38
2347.530350604 49.48
2381.6759658296 49.58
2416.3182404652 49.68
2451.4643985884 49.78
2487.1217693533 49.88
2523.297788519 49.90
2560.0000000001 49.98
2597.2360574402 50.08
2635.0137258074 50.18
2673.3408830143 50.28
2712.2255215599 50.30
2751.6757501971 50.46
2791.6997956232 50.58
2832.3060041955 50.68
2873.5028436721 50.78
2915.2989049772 50.88
2957.7029039931 50.98
3000.7236833774 51.08
3044.3702144071 51.10
3088.6515988494 51.18
3133.57707086 51.28
3179.1559989082 51.30
3225.397887731 51.38
3272.3123803148 51.48
3319.9092599067 51.58
3368.1984520542 51.68
3417.1900266754 51.70
3466.8942001586 51.78
3517.3213374928 51.88
3568.4819544296 51.90
3620.3867196753 51.90
3673.0464571163 51.98
3726.4721480761 52.08
3780.6749336053 52.18
3835.6661168044 52.28
3891.4571651819 52.38
3948.0597130445 52.48
4005.4855639241 52.66
4063.7466930387 52.78
4122.8552497902 52.97
4182.8235602974 53.16
4243.6641299665 53.53
4305.3896460992 53.77
4368.0129805382 54.05
4431.5471923516 54.35
4496.0055305558 54.73
4561.4014368787 55.05
4627.7485485626 55.43
4695.0607012081 55.75
4763.3519316592 56.05
4832.6364809305 56.35
4902.9287971769 56.64
4974.2435387067 56.78
5046.595577038 56.88
5120.0000000002 56.82
5194.4721148803 56.64
5270.0274516149 56.27
5346.6817660286 55.79
5424.4510431198 55.20
5503.3515003942 54.61
5583.3995912463 53.85
5664.6120083911 53.12
5747.0056873442 52.34
5830.5978099545 51.63
5915.4058079863 50.93
6001.4473667548 50.23
6088.7404288142 49.61
6177.3031976989 48.92
6267.1541417201 48.22
6358.3119978165 47.69
6450.795775462 47.11
6544.6247606297 46.34
6639.8185198134 45.87
6736.3969041085 45.47
6834.3800533509 45.07
6933.7884003172 44.75
7034.6426749857 44.45
7136.9639088592 44.24
7240.7734393506 44.04
7346.0929142326 43.92
7452.9442961523 43.82
7561.3498672106 43.80
7671.3322336089 43.80
7782.9143303638 43.88
7896.119426089 43.98
8010.9711278481 44.16
8127.4933860775 44.36
8245.7104995805 44.73
8365.6471205948 45.13
8487.328259933 45.53
8610.7792921984 46.09
8736.0259610765 46.69
8863.0943847033 47.29
8992.0110611117 47.81
9122.8028737575 48.23
9255.4970971253 48.30
9390.1214024162 48.14
9526.7038633184 47.61
9665.272961861 46.84
9805.8575943538 45.96
9948.4870774134 44.81
10093.191154076 44.02
10240.0000000005 43.57
10388.9442297607 43.34
10540.0549032298 43.30
10693.3635320572 43.30
10848.9020862397 43.38
11006.7030007884 43.40
11166.7991824927 43.24
11329.2240167822 43.04
11494.0113746885 42.75
11661.1956199091 42.54
11830.8116159726 42.34
12002.8947335097 42.22
12177.4808576284 42.28
12354.6063953979 42.55
12534.3082834402 42.93
12716.6239956331 43.58
12901.5915509241 44.52
13089.2495212594 45.52
13279.637039627 46.36
13472.7938082171 46.91
13668.7601067018 46.84
13867.5768006344 46.14
14069.2853499715 44.93
14273.9278177184 43.47
14481.5468787012 41.89
14692.1858284653 40.45
14905.8885923047 39.05
15122.6997344212 37.73
15342.6644672179 36.02
15565.8286607277 34.80
15792.2388521781 33.86
16021.9422556964 33.04
16254.9867721551 32.41
16491.4209991611 31.89
16731.2942411897 31.55
16974.656519866 31.34
17221.5585843969 31.38
17472.0519221531 31.65
17726.1887694067 32.11
17984.0221222235 32.78
18245.605747515 33.64
18510.9941942506 34.62
18780.2428048326 35.46
19053.4077266369 36.01
19330.545923722 36.26
19611.7151887077 36.30
19896.9741548268 36.30
20186.382308152 36.30
