20 60.67
20.2909066988 60.80
20.5860447329 60.90
20.8854756485 61.00
21.1892618872 61.00
21.4974667984 61.07
21.8101546533 61.10
22.1273906578 61.18
22.4492409662 61.20
22.7757726951 61.20
23.1070539374 61.28
23.4431537764 61.30
23.7841423001 61.30
24.130090616 61.38
24.4810708661 61.49
24.8371562415 61.50
25.1984209979 61.65
25.5649404712 61.70
25.936791093 61.78
26.3140504067 61.88
26.6967970834 61.97
27.0851109387 62.07
27.4790729492 62.10
27.878765269 62.10
28.2842712475 62.10
28.6956754462 62.10
29.1130636568 62.10
29.5365229188 62.18
29.9661415375 62.20
30.402009103 62.28
30.8442165082 62.39
31.2928559682 62.40
31.7480210394 62.49
32.209806639 62.50
32.6783090648 62.58
33.1536260154 62.60
33.6358566101 62.69
34.1251014105 62.79
34.6214624402 62.88
35.1250432075 62.90
35.6359487256 62.99
36.1542855356 63.00
36.6801617282 63.00
37.2136869661 63.00
37.7549725073 63.00
38.3041312279 63.00
38.8612776461 63.08
39.4265279456 63.10
40 63.18
40.5818133975 63.12
41.1720894657 63.10
41.7709512971 63.02
42.3785237744 63.00
42.9949335968 63.08
43.6203093066 63.27
44.2547813156 63.38
44.8984819324 63.40
45.5515453903 63.40
46.2141078749 63.31
46.8863075528 63.30
47.5682846001 63.38
48.260181232 63.48
48.9621417322 63.50
49.6743124829 63.58
50.3968419958 63.69
51.1298809424 63.78
51.873582186 63.88
52.6281008133 63.90
53.3935941668 63.90
54.1702218775 63.82
54.9581458983 63.72
55.757530538 63.54
56.5685424949 63.50
57.3913508924 63.59
58.2261273137 63.60
59.0730458376 63.68
59.9322830751 63.86
60.804018206 63.90
61.6884330163 63.90
62.5857119363 63.90
63.4960420787 63.90
64.419613278 63.90
65.3566181296 63.90
66.3072520307 63.90
67.2717132203 63.90
68.2502028209 63.90
69.2429248805 63.90
70.2500864149 63.90
71.2718974512 63.90
72.3085710713 63.98
73.3603234564 64.00
74.4273739322 63.92
75.5099450145 63.82
76.6082624559 63.88
77.7225552923 63.98
78.8530558912 64.08
80 64.10
81.163626795 64.02
82.3441789315 63.92
83.5419025942 63.74
84.7570475487 63.70
85.9898671937 63.86
87.2406186132 63.98
88.5095626311 64.00
89.7969638648 64.08
91.1030907805 64.10
92.4282157498 64.02
93.7726151055 64.08
95.1365692002 64.10
96.520362464 64.02
97.9242834644 64.00
99.3486249659 64.08
100.7936839916 64.10
102.2597618848 64.10
103.7471643721 64.03
105.2562016267 64.00
106.7871883336 64.08
108.340443755 64.17
109.9162917966 64.11
111.5150610759 64.10
113.1370849898 64.00
114.7827017849 64.00
116.4522546274 64.00
118.1460916752 64.00
119.8645661501 64.00
121.6080364119 63.92
123.3768660326 63.90
125.1714238726 63.81
126.9920841575 63.90
128.8392265559 64.08
130.7132362593 64.10
132.6145040614 64.02
134.5434264406 64.00
136.5004056418 64.08
138.485849761 64.10
140.5001728299 64.02
142.5437949025 63.92
144.6171421426 63.90
146.7206469127 63.99
148.8547478643 64.00
151.0198900291 63.90
153.2165249118 63.83
155.4451105846 63.80
157.7061117824 63.97
160 64.10
162.32725359 64.02
164.688357863 63.92
167.0838051884 63.83
169.5140950975 63.88
171.9797343873 64.10
174.4812372264 64.10
177.0191252622 64.40
179.5939277295 64.40
182.2061815611 64.18
184.8564314996 64.01
187.5452302111 63.92
190.2731384004 63.90
193.0407249281 63.76
195.8485669287 63.70
198.6972499318 63.70
201.5873679832 63.70
204.5195237697 63.70
207.4943287442 63.78
210.5124032534 63.63
213.5743766672 63.60
216.6808875099 63.51
219.8325835933 63.59
223.0301221518 63.68
226.2741699797 63.70
229.5654035698 63.61
232.9045092548 63.53
236.2921833503 63.58
239.7291323003 63.60
243.2160728239 63.52
246.7537320653 63.50
250.3428477452 63.50
253.9841683149 63.43
257.6784531119 63.13
261.4264725186 62.93
265.2290081229 62.98
269.0868528812 63.15
273.0008112836 63.20
276.971699522 63.13
281.0003456597 63.02
285.0875898049 62.92
289.2342842852 62.90
293.4412938255 62.90
297.7094957287 62.90
302.0397800581 62.90
306.4330498235 62.90
310.8902211692 62.82
315.4122235649 62.71
320 62.54
324.65450718 62.50
329.3767157259 62.68
334.1676103768 62.62
339.028190195 62.44
343.9594687746 62.32
348.9624744529 62.30
354.0382505244 62.46
359.187855459 62.42
364.4123631221 62.31
369.7128629991 62.22
375.0904604222 62.04
380.5462768009 61.92
386.0814498562 61.90
391.6971338575 61.82
397.3944998635 61.71
403.1747359664 61.61
409.0390475393 61.60
414.9886574883 61.60
421.0248065068 61.52
427.1487533344 61.50
433.3617750198 61.41
439.6651671866 61.32
446.0602443037 61.30
452.5483399594 61.30
459.1308071395 61.30
465.8090185095 61.22
472.5843667007 61.12
479.4582646005 61.02
486.4321456477 60.92
493.5074641306 60.82
500.6856954905 60.72
507.9683366298 60.79
515.3569062238 60.80
522.8529450372 60.80
530.4580162458 60.64
538.1737057624 60.52
546.0016225673 60.50
553.9433990439 60.50
562.0006913195 60.50
570.1751796098 60.42
578.4685685703 60.32
586.882587651 60.21
595.4189914574 60.12
604.0795601163 60.02
612.8660996471 60.00
621.7804423383 59.91
630.8244471297 59.81
640 59.80
649.30901436 59.80
658.7534314519 59.71
668.3352207536 59.62
678.05638039 59.52
687.9189375493 59.50
697.9249489058 59.42
708.0765010489 59.32
718.375710918 59.22
728.8247262443 59.04
739.4257259983 58.83
750.1809208443 58.63
761.0925536018 58.43
772.1628997124 58.40
783.394267715 58.40
794.7889997271 58.40
806.3494719327 58.48
818.0780950787 58.50
829.9773149767 58.50
842.0496130136 58.50
854.2975066688 58.50
866.7235500396 58.42
879.3303343732 58.40
892.1204886074 58.40
905.0966799188 58.31
918.2616142791 58.30
931.618037019 58.30
945.1687334013 58.30
958.9165292011 58.30
972.8642912955 58.22
987.0149282611 58.20
1001.371390981 58.28
1015.9366732597 58.30
1030.7138124476 58.30
1045.7058900743 58.47
1060.9160324916 58.50
1076.3474115248 58.58
1092.0032451345 58.68
1107.8867980879 58.70
1124.0013826389 58.78
1140.3503592197 58.97
1156.9371371406 59.08
1173.765175302 59.26
1190.8379829148 59.46
1208.1591202326 59.50
1225.7321992942 59.66
1243.5608846767 59.78
1261.6488942595 59.96
1280 60.17
1298.6180287201 60.28
1317.5068629037 60.38
1336.6704415071 60.56
1356.1127607799 60.76
1375.8378750985 60.97
1395.8498978116 61.00
1416.1530020977 61.16
1436.751421836 61.28
1457.6494524886 61.38
1478.8514519966 61.48
1500.3618416887 61.58
1522.1851072035 61.77
1544.3257994247 61.88
1566.78853543 61.98
1589.5779994541 62.00
1612.6989438655 62.16
1636.1561901574 62.28
1659.9546299533 62.38
1684.0992260271 62.48
1708.5950133377 62.66
1733.4471000793 62.78
1758.6606687464 62.88
1784.2409772148 62.98
1810.1933598376 63.16
1836.5232285581 63.28
1863.2360740381 63.46
1890.3374668026 63.58
1917.8330584022 63.68
1945.7285825909 63.86
1974.0298565222 63.98
2002.742781962 64.16
2031.8733465194 64.28
2061.4276248951 64.46
2091.4117801487 64.66
2121.8320649832 64.78
2152.6948230496 64.88
2184.0064902691 65.06
2215.7735961758 65.18
2248.0027652779 65.36
2280.7007184393 65.56
2313.8742742813 65.68
2347.530350604 65.86
2381.6759658296 65.98
2416.3182404652 66.08
2451.4643985884 66.18
2487.1217693533 66.36
2523.297788519 66.48
2560.0000000001 66.58
2597.2360574402 66.68
2635.0137258074 66.78
2673.3408830143 66.96
2712.2255215599 67.08
2751.6757501971 67.10
2791.6997956232 67.18
2832.3060041955 67.20
2873.5028436721 67.28
2915.2989049772 67.38
2957.7029039931 67.48
3000.7236833774 67.50
3044.3702144071 67.50
3088.6515988494 67.50
3133.57707086 67.50
3179.1559989082 67.50
3225.397887731 67.42
3272.3123803148 67.40
3319.9092599067 67.32
3368.1984520542 67.30
3417.1900266754 67.22
3466.8942001586 67.20
3517.3213374928 67.12
3568.4819544296 67.02
3620.3867196753 66.92
3673.0464571163 66.82
3726.4721480761 66.72
3780.6749336053 66.62
3835.6661168044 66.52
3891.4571651819 66.50
3948.0597130445 66.42
4005.4855639241 66.32
4063.7466930387 66.22
4122.8552497902 66.12
4182.8235602974 66.10
4243.6641299665 66.02
4305.3896460992 65.92
4368.0129805382 65.82
4431.5471923516 65.80
4496.0055305558 65.80
4561.4014368787 65.80
4627.7485485626 65.80
4695.0607012081 65.72
4763.3519316592 65.70
4832.6364809305 65.70
4902.9287971769 65.70
4974.2435387067 65.70
5046.595577038 65.78
5120.0000000002 65.80
5194.4721148803 65.80
5270.0274516149 65.80
5346.6817660286 65.80
5424.4510431198 65.80
5503.3515003942 65.80
5583.3995912463 65.80
5664.6120083911 65.72
5747.0056873442 65.70
5830.5978099545 65.62
5915.4058079863 65.44
6001.4473667548 65.32
6088.7404288142 65.14
6177.3031976989 64.94
6267.1541417201 64.74
6358.3119978165 64.54
6450.795775462 64.25
6544.6247606297 63.95
6639.8185198134 63.65
6736.3969041085 63.44
6834.3800533509 63.15
6933.7884003172 62.94
7034.6426749857 62.74
7136.9639088592 62.62
7240.7734393506 62.52
7346.0929142326 62.50
7452.9442961523 62.58
7561.3498672106 62.68
7671.3322336089 62.86
7782.9143303638 62.98
7896.119426089 63.16
8010.9711278481 63.20
8127.4933860775 63.28
8245.7104995805 63.30
8365.6471205948 63.30
8487.328259933 63.38
8610.7792921984 63.56
8736.0259610765 63.76
8863.0943847033 64.05
8992.0110611117 64.35
9122.8028737575 64.73
9255.4970971253 65.21
9390.1214024162 65.79
9526.7038633184 66.31
9665.272961861 66.73
9805.8575943538 66.88
9948.4870774134 66.57
10093.191154076 66.01
10240.0000000005 65.24
10388.9442297607 64.36
10540.0549032298 63.46
10693.3635320572 62.64
10848.9020862397 61.84
11006.7030007884 61.04
11166.7991824927 60.33
11329.2240167822 59.71
11494.0113746885 59.19
11661.1956199091 58.77
11830.8116159726 58.45
12002.8947335097 58.24
12177.4808576284 58.04
12354.6063953979 57.92
12534.3082834402 57.90
12716.6239956331 57.98
12901.5915509241 58.00
13089.2495212594 57.92
13279.637039627 57.74
13472.7938082171 57.54
13668.7601067018 57.34
13867.5768006344 57.22
14069.2853499715 57.04
14273.9278177184 56.84
14481.5468787012 56.55
14692.1858284653 56.09
14905.8885923047 55.51
15122.6997344212 54.83
15342.6644672179 53.71
15565.8286607277 52.84
15792.2388521781 52.04
16021.9422556964 51.41
16254.9867721551 50.81
16491.4209991611 50.29
16731.2942411897 49.95
16974.656519866 49.74
17221.5585843969 49.70
17472.0519221531 49.78
17726.1887694067 50.05
17984.0221222235 50.26
18245.605747515 50.38
18510.9941942506 50.32
18780.2428048326 49.97
19053.4077266369 49.24
19330.545923722 47.95
19611.7151887077 47.03
19896.9741548268 46.20
20186.382308152 45.90
