20.291 131.61
20.586 131.63
20.885 131.66
21.189 131.71
21.497 131.78
21.81 131.84
22.127 131.91
22.449 131.97
22.776 132.03
23.107 132.09
23.443 132.15
23.784 132.23
24.13 132.31
24.481 132.40
24.837 132.48
25.198 132.56
25.565 132.63
25.937 132.68
26.314 132.70
26.697 132.70
27.085 132.70
27.479 132.72
27.879 132.78
28.284 132.87
28.696 132.97
29.113 133.05
29.537 133.09
29.966 133.10
30.402 133.09
30.844 133.10
31.293 133.13
31.748 133.19
32.21 133.25
32.678 133.31
33.154 133.35
33.636 133.39
34.125 133.43
34.621 133.47
35.125 133.53
35.636 133.58
36.154 133.62
36.68 133.65
37.214 133.68
37.755 133.74
38.304 133.82
38.861 133.91
39.427 133.98
40 134.01
40.582 134.01
41.172 133.99
41.771 133.96
42.379 133.92
42.995 133.87
43.62 133.82
44.255 133.77
44.898 133.74
45.552 133.73
46.214 133.74
46.886 133.75
47.568 133.78
48.26 133.80
48.962 133.82
49.674 133.82
50.397 133.82
51.13 133.83
51.874 133.84
52.628 133.86
53.394 133.89
54.17 133.91
54.958 133.91
55.758 133.90
56.569 133.88
57.391 133.87
58.226 133.86
59.073 133.86
59.932 133.85
60.804 133.83
61.688 133.81
62.586 133.79
63.496 133.76
64.42 133.75
65.357 133.73
66.307 133.71
67.272 133.68
68.25 133.66
69.243 133.63
70.25 133.60
71.272 133.58
72.309 133.55
73.36 133.53
74.427 133.50
75.51 133.48
76.608 133.45
77.723 133.42
78.853 133.39
80 133.35
81.164 133.32
82.344 133.27
83.542 133.23
84.757 133.18
85.99 133.14
87.241 133.11
88.51 133.08
89.797 133.05
91.103 133.02
92.428 132.98
93.773 132.94
95.137 132.89
96.52 132.84
97.924 132.79
99.349 132.74
100.794 132.69
102.26 132.65
103.747 132.60
105.256 132.56
106.787 132.52
108.34 132.47
109.916 132.42
111.515 132.37
113.137 132.31
114.783 132.24
116.452 132.16
118.146 132.08
119.865 132.01
121.608 131.95
123.377 131.90
125.171 131.85
126.992 131.81
128.839 131.77
130.713 131.72
132.615 131.67
134.543 131.61
136.5 131.55
138.486 131.49
140.5 131.43
142.544 131.37
144.617 131.31
146.721 131.25
148.855 131.20
151.02 131.16
153.217 131.12
155.445 131.07
157.706 131.03
160 130.98
162.327 130.93
164.688 130.87
167.084 130.81
169.514 130.75
171.98 130.69
174.481 130.62
177.019 130.56
179.594 130.50
182.206 130.43
184.856 130.35
187.545 130.28
190.273 130.21
193.041 130.13
195.849 130.06
198.697 129.99
201.587 129.92
204.52 129.85
207.494 129.78
210.512 129.71
213.574 129.63
216.681 129.55
219.833 129.47
223.03 129.40
226.274 129.32
229.565 129.24
232.905 129.17
236.292 129.10
239.729 129.02
243.216 128.95
246.754 128.87
250.343 128.79
253.984 128.72
257.678 128.65
261.426 128.57
265.229 128.50
269.087 128.43
273.001 128.36
276.972 128.29
281 128.22
285.088 128.15
289.234 128.08
293.441 128.01
297.71 127.94
302.04 127.87
306.433 127.80
310.89 127.73
315.412 127.66
320 127.59
324.655 127.52
329.377 127.45
334.168 127.39
339.028 127.32
343.959 127.25
348.962 127.19
354.038 127.12
359.188 127.05
364.412 126.99
369.713 126.92
375.09 126.85
380.546 126.79
386.081 126.73
391.697 126.66
397.395 126.60
403.175 126.54
409.039 126.48
414.989 126.42
421.025 126.36
427.149 126.31
433.362 126.25
439.665 126.20
446.06 126.15
452.548 126.10
459.131 126.05
465.809 126.00
472.584 125.95
479.458 125.91
486.432 125.86
493.507 125.82
500.686 125.78
507.968 125.73
515.357 125.69
522.853 125.65
530.458 125.61
538.174 125.57
546.002 125.54
553.943 125.50
562.001 125.47
570.175 125.43
578.469 125.40
586.883 125.37
595.419 125.34
604.08 125.31
612.866 125.29
621.78 125.27
630.824 125.25
640 125.24
649.309 125.22
658.753 125.21
668.335 125.21
678.056 125.20
687.919 125.20
697.925 125.20
708.076 125.20
718.376 125.21
728.825 125.21
739.426 125.22
750.181 125.23
761.093 125.25
772.163 125.27
783.394 125.30
794.789 125.33
806.349 125.36
818.078 125.41
829.977 125.45
842.05 125.49
854.297 125.53
866.724 125.58
879.33 125.64
892.12 125.70
905.097 125.78
918.262 125.86
931.618 125.95
945.169 126.04
958.917 126.14
972.864 126.24
987.015 126.35
1001.371 126.46
1015.937 126.58
1030.714 126.70
1045.706 126.83
1060.916 126.95
1076.347 127.09
1092.003 127.22
1107.887 127.36
1124.001 127.50
1140.35 127.64
1156.937 127.78
1173.765 127.93
1190.838 128.07
1208.159 128.22
1225.732 128.37
1243.561 128.53
1261.649 128.68
1280 128.83
1298.618 128.98
1317.507 129.13
1336.67 129.29
1356.113 129.44
1375.838 129.58
1395.85 129.73
1416.153 129.88
1436.751 130.03
1457.649 130.18
1478.851 130.34
1500.362 130.51
1522.185 130.68
1544.326 130.87
1566.789 131.07
1589.578 131.28
1612.699 131.50
1636.156 131.73
1659.955 131.96
1684.099 132.21
1708.595 132.46
1733.447 132.72
1758.661 132.99
1784.241 133.27
1810.193 133.54
1836.523 133.82
1863.236 134.10
1890.338 134.37
1917.833 134.63
1945.729 134.89
1974.03 135.14
2002.743 135.37
2031.873 135.60
2061.428 135.82
2091.412 136.03
2121.832 136.23
2152.695 136.41
2184.007 136.57
2215.774 136.71
2248.003 136.83
2280.701 136.92
2313.874 136.98
2347.53 137.01
2381.676 137.01
2416.318 136.98
2451.464 136.92
2487.122 136.83
2523.298 136.71
2560 136.56
2597.236 136.41
2635.014 136.24
2673.341 136.07
2712.226 135.90
2751.676 135.72
2791.7 135.52
2832.306 135.30
2873.503 135.07
2915.299 134.85
2957.703 134.64
3000.724 134.46
3044.37 134.32
3088.652 134.21
3133.577 134.11
3179.156 134.01
3225.398 133.90
3272.312 133.78
3319.909 133.63
3368.198 133.49
3417.19 133.35
3466.894 133.23
3517.321 133.12
3568.482 133.02
3620.387 132.94
3673.046 132.88
3726.472 132.83
3780.675 132.79
3835.666 132.77
3891.457 132.77
3948.06 132.79
4005.486 132.84
4063.747 132.91
4122.855 133.01
4182.824 133.15
4243.664 133.31
4305.39 133.50
4368.013 133.70
4431.547 133.91
4496.005 134.13
4561.401 134.34
4627.749 134.53
4695.061 134.70
4763.352 134.87
4832.637 135.06
4902.929 135.29
4974.244 135.58
5046.596 135.90
5120 136.20
5194.472 136.42
5270.027 136.46
5346.682 136.27
5424.451 135.84
5503.352 135.20
5583.399 134.51
5664.612 133.99
5747.006 133.84
5830.598 133.99
5915.406 134.22
6001.447 134.33
6088.74 134.27
6177.303 134.06
6267.154 133.74
6358.312 133.34
6450.796 132.93
6544.625 132.52
6639.818 132.14
6736.397 131.81
6834.38 131.56
6933.789 131.39
7034.643 131.31
7136.964 131.33
7240.773 131.45
7346.093 131.69
7452.944 132.07
7561.35 132.59
7671.332 133.28
7782.915 134.13
7896.12 135.10
8010.971 136.13
8127.493 137.12
8245.711 137.94
8365.647 138.48
8487.328 138.64
8610.779 138.38
8736.026 137.70
8863.095 136.67
8992.011 135.39
9122.803 133.98
9255.497 132.56
9390.121 131.24
9526.704 130.06
9665.273 129.05
9805.857 128.21
9948.487 127.50
10093.191 126.92
10240 126.43
10388.944 126.03
10540.055 125.72
10693.363 125.47
10848.902 125.30
11006.703 125.18
11166.799 125.12
11329.224 125.09
11494.012 125.10
11661.195 125.12
11830.812 125.14
12002.895 125.16
12177.48 125.19
12354.606 125.22
12534.309 125.26
12716.624 125.33
12901.592 125.41
13089.25 125.48
13279.637 125.44
13472.794 125.20
13668.76 124.68
13867.577 123.85
14069.285 122.74
14273.928 121.45
14481.547 120.09
14692.186 118.85
14905.889 117.94
15122.7 117.60
15342.664 117.87
15565.829 118.59
15792.239 119.54
16021.942 120.56
16254.986 121.54
16491.422 122.36
16731.295 122.96
16974.656 123.25
17221.559 123.22
17472.053 122.94
17726.189 122.49
17984.021 122.01
18245.605 121.58
18510.994 121.16
18780.242 120.56
19053.408 119.62
19330.547 118.21
19611.715 116.40
19896.975 114.62
