20.299999	74.139
20.600000	74.170
20.900000	74.249
21.200001	74.341
21.400000	74.407
21.799999	74.546
22.000000	74.615
22.400000	74.748
22.700001	74.842
23.000000	74.930
23.299999	75.013
23.600000	75.090
24.000000	75.184
24.299999	75.249
24.700001	75.334
25.000000	75.399
25.400000	75.494
25.799999	75.599
26.200001	75.707
26.500000	75.782
26.900000	75.871
27.200001	75.927
27.600000	75.992
28.000000	76.054
28.500000	76.144
29.000000	76.248
29.500000	76.350
30.000000	76.441
30.400000	76.500
30.700001	76.538
31.100000	76.590
31.500000	76.649
32.000000	76.735
32.500000	76.834
33.000000	76.933
33.500000	77.023
34.000000	77.099
34.500000	77.158
35.000000	77.205
35.500000	77.247
36.000000	77.293
36.500000	77.350
37.000000	77.417
37.500000	77.492
38.200001	77.599
38.700001	77.671
39.500000	77.774
40.000000	77.829
40.599998	77.886
41.200001	77.934
41.799999	77.977
42.500000	78.023
43.099998	78.059
43.700001	78.096
44.400002	78.138
45.000000	78.177
45.500000	78.211
46.200001	78.260
46.799999	78.304
47.500000	78.358
48.200001	78.412
48.700001	78.451
49.400002	78.501
50.000000	78.541
50.799999	78.588
51.500000	78.629
52.200001	78.671
53.000000	78.722
53.799999	78.774
54.500000	78.820
55.200001	78.862
56.000000	78.906
57.000000	78.951
58.000000	78.981
59.000000	79.001
60.000000	79.024
60.799999	79.047
61.500000	79.072
62.200001	79.101
63.000000	79.136
64.000000	79.178
65.000000	79.207
66.000000	79.221
67.000000	79.234
68.000000	79.254
69.000000	79.279
70.000000	79.299
71.000000	79.311
72.000000	79.325
73.000000	79.345
74.000000	79.364
75.000000	79.380
76.199997	79.393
77.500000	79.410
78.800003	79.429
80.000000	79.444
81.199997	79.454
82.500000	79.463
83.800003	79.470
85.000000	79.479
86.199997	79.487
87.500000	79.493
88.500000	79.498
90.000000	79.503
91.199997	79.507
92.500000	79.510
93.800003	79.512
95.000000	79.515
96.199997	79.516
97.500000	79.515
98.800003	79.514
100.000000	79.513
101.500000	79.512
103.000000	79.511
104.400002	79.507
106.000000	79.504
107.500000	79.498
109.000000	79.493
110.599998	79.489
112.000000	79.487
113.800003	79.481
115.000000	79.474
117.199997	79.457
118.000000	79.450
120.599998	79.431
122.000000	79.427
124.099998	79.421
125.000000	79.417
126.500000	79.408
128.000000	79.397
131.500000	79.368
132.000000	79.364
134.000000	79.347
136.000000	79.332
138.000000	79.319
140.000000	79.302
143.000000	79.269
145.000000	79.251
147.500000	79.232
150.000000	79.214
152.500000	79.197
155.000000	79.180
157.500000	79.162
160.000000	79.144
162.500000	79.126
165.000000	79.109
167.500000	79.090
170.000000	79.068
172.500000	79.043
175.000000	79.016
177.500000	78.988
180.000000	78.960
182.500000	78.934
185.000000	78.907
187.500000	78.882
190.000000	78.857
192.500000	78.831
195.000000	78.804
197.500000	78.778
200.000000	78.753
203.000000	78.724
206.000000	78.696
209.000000	78.668
212.000000	78.639
214.000000	78.620
218.000000	78.578
220.000000	78.555
224.000000	78.511
227.000000	78.478
230.000000	78.445
233.000000	78.410
236.000000	78.374
240.000000	78.324
243.000000	78.285
247.000000	78.231
250.000000	78.188
254.000000	78.127
258.000000	78.065
262.000000	78.001
265.000000	77.949
269.000000	77.882
272.000000	77.837
276.000000	77.784
280.000000	77.743
285.000000	77.724
290.000000	77.751
295.000000	77.811
300.000000	77.880
304.000000	77.928
307.000000	77.958
311.000000	77.988
315.000000	78.006
320.000000	78.013
325.000000	78.011
330.000000	78.007
335.000000	78.001
340.000000	77.992
345.000000	77.977
350.000000	77.958
355.000000	77.939
360.000000	77.919
365.000000	77.898
370.000000	77.874
375.000000	77.852
382.000000	77.821
387.000000	77.800
395.000000	77.769
400.000000	77.749
406.000000	77.724
412.000000	77.698
418.000000	77.674
425.000000	77.648
431.000000	77.627
437.000000	77.611
444.000000	77.593
450.000000	77.577
455.000000	77.564
462.000000	77.544
468.000000	77.527
475.000000	77.507
482.000000	77.488
487.000000	77.476
494.000000	77.458
500.000000	77.443
508.000000	77.423
515.000000	77.405
522.000000	77.388
530.000000	77.369
538.000000	77.352
545.000000	77.338
552.000000	77.325
560.000000	77.308
570.000000	77.286
580.000000	77.268
590.000000	77.252
600.000000	77.238
608.000000	77.230
615.000000	77.225
622.000000	77.219
630.000000	77.215
640.000000	77.212
650.000000	77.210
660.000000	77.212
670.000000	77.217
680.000000	77.223
690.000000	77.231
700.000000	77.238
710.000000	77.248
720.000000	77.258
730.000000	77.272
740.000000	77.287
750.000000	77.306
762.000000	77.332
775.000000	77.362
788.000000	77.392
800.000000	77.416
812.000000	77.436
825.000000	77.442
838.000000	77.427
850.000000	77.396
862.000000	77.361
875.000000	77.332
885.000000	77.326
900.000000	77.340
912.000000	77.368
925.000000	77.408
938.000000	77.457
950.000000	77.507
962.000000	77.560
975.000000	77.613
988.000000	77.662
1000.000000	77.703
1015.000000	77.744
1030.000000	77.772
1044.000000	77.785
1060.000000	77.785
1075.000000	77.773
1090.000000	77.757
1106.000000	77.737
1120.000000	77.724
1138.000000	77.712
1150.000000	77.710
1172.000000	77.722
1180.000000	77.730
1206.000000	77.767
1220.000000	77.793
1241.000000	77.829
1250.000000	77.844
1265.000000	77.866
1280.000000	77.885
1315.000000	77.916
1320.000000	77.919
1340.000000	77.927
1360.000000	77.927
1380.000000	77.919
1400.000000	77.907
1430.000000	77.889
1450.000000	77.882
1475.000000	77.879
1500.000000	77.886
1525.000000	77.910
1550.000000	77.956
1575.000000	78.018
1600.000000	78.090
1625.000000	78.168
1650.000000	78.251
1675.000000	78.340
1700.000000	78.433
1725.000000	78.530
1750.000000	78.630
1775.000000	78.730
1800.000000	78.829
1825.000000	78.930
1850.000000	79.026
1875.000000	79.120
1900.000000	79.207
1925.000000	79.285
1950.000000	79.353
1975.000000	79.411
2000.000000	79.465
2030.000000	79.523
2060.000000	79.578
2090.000000	79.629
2120.000000	79.674
2140.000000	79.703
2180.000000	79.755
2200.000000	79.778
2240.000000	79.819
2270.000000	79.842
2300.000000	79.859
2330.000000	79.870
2360.000000	79.874
2400.000000	79.870
2430.000000	79.861
2470.000000	79.838
2500.000000	79.814
2540.000000	79.769
2580.000000	79.714
2620.000000	79.648
2650.000000	79.590
2690.000000	79.507
2720.000000	79.442
2760.000000	79.356
2800.000000	79.281
2850.000000	79.219
2900.000000	79.212
2950.000000	79.254
3000.000000	79.314
3040.000000	79.351
3070.000000	79.364
3110.000000	79.357
3150.000000	79.326
3200.000000	79.263
3250.000000	79.186
3300.000000	79.102
3350.000000	79.022
3400.000000	78.951
3450.000000	78.893
3500.000000	78.853
3550.000000	78.826
3600.000000	78.812
3650.000000	78.808
3700.000000	78.812
3750.000000	78.822
3820.000000	78.845
3870.000000	78.865
3950.000000	78.904
4000.000000	78.937
4060.000000	78.989
4120.000000	79.053
4180.000000	79.131
4250.000000	79.239
4310.000000	79.341
4370.000000	79.453
4440.000000	79.593
4500.000000	79.722
4550.000000	79.834
4620.000000	79.994
4680.000000	80.128
4750.000000	80.278
4820.000000	80.417
4870.000000	80.508
4940.000000	80.616
5000.000000	80.687
5080.000000	80.748
5150.000000	80.773
5220.000000	80.781
5300.000000	80.791
5380.000000	80.819
5450.000000	80.869
5520.000000	80.944
5600.000000	81.056
5700.000000	81.221
5800.000000	81.392
5900.000000	81.552
6000.000000	81.687
6080.000000	81.769
6150.000000	81.820
6220.000000	81.852
6300.000000	81.867
6400.000000	81.861
6500.000000	81.837
6600.000000	81.805
6700.000000	81.775
6800.000000	81.754
6900.000000	81.746
7000.000000	81.746
7100.000000	81.752
7200.000000	81.763
7300.000000	81.781
7400.000000	81.808
7500.000000	81.847
7620.000000	81.917
7750.000000	82.012
7880.000000	82.120
8000.000000	82.223
8120.000000	82.329
8250.000000	82.438
8380.000000	82.526
8500.000000	82.571
8620.000000	82.563
8750.000000	82.475
8850.000000	82.345
9000.000000	82.038
9120.000000	81.700
9250.000000	81.250
9380.000000	80.727
9500.000000	80.195
9620.000000	79.630
9750.000000	78.998
9880.000000	78.366
10000.000000	77.797
10150.000000	77.118
10300.000000	76.486
10440.000000	75.954
10600.000000	75.431
10750.000000	75.033
10900.000000	74.734
11060.000000	74.529
11200.000000	74.453
11380.000000	74.499
11500.000000	74.616
11720.000000	75.000
11800.000000	75.188
12060.000000	75.930
12200.000000	76.376
12410.000000	77.000
12500.000000	77.216
12650.000000	77.461
12800.000000	77.529
13150.000000	76.915
13200.000000	76.744
13400.000000	75.898
13600.000000	74.867
13800.000000	73.758
14000.000000	72.667
14300.000000	71.196
14500.000000	70.370
14750.000000	69.535
15000.000000	68.930
15250.000000	68.558
15500.000000	68.428
15750.000000	68.538
16000.000000	68.863
16250.000000	69.339
16500.000000	69.843
16750.000000	70.190
17000.000000	70.165
17250.000000	69.603
17500.000000	68.442
17750.000000	66.739
18000.000000	64.618
18250.000000	62.233
18500.000000	59.704
18750.000000	57.130
19000.000000	54.598
19250.000000	52.203
19500.000000	50.038
19750.000000	48.266
