20 84.56
20.36 84.53
20.73 84.50
21.11 84.46
21.5 84.42
21.89 84.37
22.29 84.32
22.69 84.27
23.1 84.22
23.52 84.17
23.95 84.12
24.39 84.08
24.83 84.04
25.28 84.00
25.74 83.97
26.21 83.94
26.69 83.90
27.18 83.87
27.67 83.83
28.17 83.79
28.69 83.75
29.21 83.69
29.74 83.64
30.28 83.58
30.83 83.51
31.39 83.45
31.97 83.38
32.55 83.31
33.14 83.25
33.74 83.18
34.36 83.11
34.98 83.04
35.62 82.97
36.27 82.90
36.93 82.83
37.6 82.76
38.28 82.68
38.98 82.60
39.69 82.53
40.41 82.45
41.15 82.37
41.9 82.30
42.66 82.22
43.44 82.14
44.23 82.06
45.03 81.98
45.85 81.90
46.68 81.81
47.53 81.72
48.4 81.63
49.28 81.53
50.18 81.44
51.09 81.35
52.02 81.26
52.97 81.17
53.93 81.08
54.91 80.99
55.91 80.91
56.93 80.82
57.97 80.74
59.02 80.65
60.09 80.56
61.19 80.46
62.3 80.37
63.44 80.27
64.59 80.18
65.77 80.08
66.96 79.99
68.18 79.90
69.42 79.81
70.69 79.72
71.97 79.63
73.28 79.54
74.62 79.45
75.97 79.36
77.36 79.28
78.76 79.19
80.2 79.09
81.66 79.00
83.14 78.91
84.66 78.81
86.2 78.70
87.77 78.60
89.36 78.49
90.99 78.39
92.65 78.28
94.33 78.18
96.05 78.08
97.8 77.99
99.58 77.90
101.39 77.82
103.23 77.74
105.11 77.67
107.03 77.60
108.97 77.52
110.96 77.45
112.98 77.38
115.03 77.31
117.13 77.23
119.26 77.16
121.43 77.07
123.64 76.98
125.89 76.88
128.18 76.79
130.51 76.70
132.89 76.62
135.31 76.54
137.77 76.47
140.28 76.40
142.83 76.33
145.43 76.26
148.07 76.20
150.77 76.14
153.51 76.08
156.31 76.01
159.15 75.95
162.05 75.90
165 75.84
168 75.78
171.06 75.72
174.17 75.67
177.34 75.61
180.57 75.55
183.86 75.49
187.2 75.43
190.61 75.37
194.08 75.31
197.61 75.24
201.21 75.17
204.87 75.11
208.6 75.05
212.39 74.99
216.26 74.93
220.19 74.87
224.2 74.82
228.28 74.77
232.44 74.72
236.67 74.67
240.97 74.63
245.36 74.58
249.82 74.54
254.37 74.50
259 74.46
263.71 74.43
268.51 74.40
273.4 74.36
278.38 74.33
283.44 74.30
288.6 74.28
293.85 74.25
299.2 74.21
304.65 74.18
310.19 74.14
315.84 74.10
321.59 74.06
327.44 74.02
333.4 73.99
339.47 73.95
345.64 73.92
351.93 73.88
358.34 73.85
364.86 73.82
371.5 73.80
378.26 73.77
385.15 73.75
392.16 73.72
399.29 73.70
406.56 73.68
413.96 73.67
421.49 73.65
429.16 73.64
436.97 73.63
444.93 73.62
453.02 73.61
461.27 73.59
469.66 73.58
478.21 73.56
486.91 73.54
495.78 73.52
504.8 73.49
513.99 73.47
523.34 73.45
532.87 73.44
542.56 73.42
552.44 73.41
562.49 73.40
572.73 73.39
583.15 73.38
593.77 73.37
604.57 73.37
615.57 73.37
626.78 73.38
638.18 73.39
649.8 73.40
661.63 73.42
673.67 73.44
685.93 73.47
698.41 73.49
711.12 73.52
724.06 73.55
737.24 73.58
750.66 73.61
764.32 73.65
778.23 73.70
792.39 73.76
806.82 73.83
821.5 73.90
836.45 73.98
851.67 74.06
867.17 74.15
882.96 74.24
899.02 74.33
915.39 74.43
932.05 74.53
949.01 74.64
966.28 74.76
983.87 74.88
1001.77 75.01
1020 75.15
1038.57 75.30
1057.47 75.45
1076.71 75.61
1096.31 75.76
1116.26 75.91
1136.58 76.06
1157.26 76.20
1178.32 76.35
1199.77 76.48
1221.6 76.62
1243.84 76.74
1266.47 76.86
1289.52 76.97
1312.99 77.07
1336.89 77.16
1361.22 77.25
1385.99 77.34
1411.22 77.42
1436.9 77.51
1463.05 77.60
1489.68 77.69
1516.79 77.79
1544.4 77.90
1572.5 78.02
1601.12 78.14
1630.26 78.28
1659.93 78.42
1690.14 78.56
1720.9 78.70
1752.22 78.84
1784.11 78.97
1816.58 79.11
1849.64 79.25
1883.3 79.39
1917.58 79.55
1952.48 79.71
1988.01 79.88
2024.19 80.05
2061.03 80.23
2098.54 80.41
2136.73 80.59
2175.62 80.76
2215.22 80.93
2255.53 81.09
2296.58 81.26
2338.38 81.42
2380.94 81.58
2424.27 81.73
2468.39 81.88
2513.31 82.00
2559.05 82.11
2605.63 82.19
2653.05 82.25
2701.33 82.30
2750.5 82.34
2800.55 82.37
2851.52 82.41
2903.42 82.44
2956.26 82.49
3010.06 82.53
3064.85 82.57
3120.62 82.60
3177.42 82.62
3235.25 82.61
3294.13 82.58
3354.08 82.54
3415.12 82.48
3477.27 82.41
3540.56 82.35
3605 82.29
3670.6 82.24
3737.41 82.21
3805.43 82.20
3874.68 82.21
3945.2 82.25
4017 82.31
4090.11 82.39
4164.55 82.50
4240.34 82.64
4317.51 82.79
4396.09 82.96
4476.1 83.14
4557.56 83.34
4640.5 83.54
4724.96 83.74
4810.95 83.93
4898.51 84.10
4987.66 84.24
5078.43 84.33
5170.86 84.37
5264.97 84.35
5360.79 84.27
5458.35 84.11
5557.69 83.88
5658.84 83.59
5761.82 83.23
5866.69 82.83
5973.46 82.41
6082.17 81.97
6192.87 81.56
6305.57 81.19
6420.33 80.89
6537.18 80.67
6656.15 80.56
6777.29 80.57
6900.63 80.71
7026.22 80.99
7154.1 81.38
7284.3 81.86
7416.87 82.38
7551.85 82.89
7689.29 83.33
7829.23 83.62
7971.72 83.72
8116.8 83.58
8264.53 83.20
8414.94 82.58
8568.09 81.78
8724.02 80.84
8882.79 79.85
9044.46 78.87
9209.06 77.97
9376.66 77.19
9547.31 76.57
9721.07 76.13
9897.99 75.85
10078.13 75.71
10261.55 75.66
10448.3 75.67
10638.45 75.68
10832.07 75.66
11029.21 75.58
11229.94 75.43
11434.32 75.21
11642.41 74.94
11854.3 74.64
12070.04 74.35
12289.71 74.08
12513.38 73.83
12741.12 73.61
12973 73.42
13209.1 73.24
13449.5 73.06
13694.28 72.85
13943.51 72.59
14197.27 72.24
14455.66 71.79
14718.74 71.24
14986.62 70.64
15259.37 70.04
15537.08 69.48
15819.85 68.98
16107.76 68.53
16400.92 68.04
16699.41 67.38
17003.33 66.40
17312.78 64.99
17627.86 63.12
17948.68 60.84
18275.34 58.26
18607.94 55.54
18946.6 52.82
19291.42 50.18
19642.52 47.62
20000 45.10
