20 94.39
20.2909066988 94.42
20.5860447329 94.44
20.8854756485 94.46
21.1892618872 94.49
21.4974667984 94.51
21.8101546533 94.53
22.1273906578 94.55
22.4492409662 94.57
22.7757726951 94.59
23.1070539374 94.61
23.4431537764 94.63
23.7841423001 94.65
24.130090616 94.66
24.4810708661 94.68
24.8371562415 94.69
25.1984209979 94.71
25.5649404712 94.72
25.936791093 94.74
26.3140504067 94.75
26.6967970834 94.76
27.0851109387 94.77
27.4790729492 94.77
27.878765269 94.78
28.2842712475 94.78
28.6956754462 94.79
29.1130636568 94.79
29.5365229188 94.80
29.9661415375 94.81
30.402009103 94.82
30.8442165082 94.82
31.2928559682 94.83
31.7480210394 94.83
32.209806639 94.84
32.6783090648 94.84
33.1536260154 94.84
33.6358566101 94.84
34.1251014105 94.84
34.6214624402 94.83
35.1250432075 94.83
35.6359487256 94.82
36.1542855356 94.82
36.6801617282 94.81
37.2136869661 94.80
37.7549725073 94.79
38.3041312279 94.79
38.8612776461 94.78
39.4265279456 94.76
40 94.75
40.5818133975 94.74
41.1720894657 94.73
41.7709512971 94.71
42.3785237744 94.70
42.9949335968 94.69
43.6203093066 94.67
44.2547813156 94.66
44.8984819324 94.64
45.5515453903 94.63
46.2141078749 94.61
46.8863075528 94.59
47.5682846001 94.57
48.260181232 94.55
48.9621417322 94.53
49.6743124829 94.51
50.3968419958 94.48
51.1298809424 94.45
51.873582186 94.42
52.6281008133 94.39
53.3935941668 94.37
54.1702218775 94.35
54.9581458983 94.33
55.757530538 94.30
56.5685424949 94.28
57.3913508924 94.25
58.2261273137 94.22
59.0730458376 94.19
59.9322830751 94.17
60.804018206 94.14
61.6884330163 94.12
62.5857119363 94.09
63.4960420787 94.06
64.419613278 94.04
65.3566181296 94.01
66.3072520307 93.99
67.2717132203 93.96
68.2502028209 93.94
69.2429248805 93.92
70.2500864149 93.89
71.2718974512 93.85
72.3085710713 93.79
73.3603234564 93.74
74.4273739322 93.70
75.5099450145 93.67
76.6082624559 93.64
77.7225552923 93.62
78.8530558912 93.60
80 93.56
81.163626795 93.53
82.3441789315 93.49
83.5419025942 93.45
84.7570475487 93.40
85.9898671937 93.35
87.2406186132 93.29
88.5095626311 93.24
89.7969638648 93.18
91.1030907805 93.13
92.4282157498 93.07
93.7726151055 93.01
95.1365692002 92.95
96.520362464 92.89
97.9242834644 92.82
99.3486249659 92.75
100.7936839916 92.68
102.2597618848 92.61
103.7471643721 92.54
105.2562016267 92.46
106.7871883336 92.39
108.340443755 92.32
109.9162917966 92.26
111.5150610759 92.20
113.1370849898 92.15
114.7827017849 92.09
116.4522546274 91.98
118.1460916752 91.85
119.8645661501 91.76
121.6080364119 91.73
123.3768660326 91.79
125.1714238726 91.84
126.9920841575 91.86
128.8392265559 91.84
130.7132362593 91.79
132.6145040614 91.74
134.5434264406 91.68
136.5004056418 91.63
138.485849761 91.57
140.5001728299 91.51
142.5437949025 91.44
144.6171421426 91.37
146.7206469127 91.30
148.8547478643 91.22
151.0198900291 91.13
153.2165249118 91.05
155.4451105846 90.97
157.7061117824 90.90
160 90.83
162.32725359 90.76
164.688357863 90.70
167.0838051884 90.64
169.5140950975 90.59
171.9797343873 90.55
174.4812372264 90.54
177.0191252622 90.53
179.5939277295 90.53
182.2061815611 90.51
184.8564314996 90.48
187.5452302111 90.44
190.2731384004 90.39
193.0407249281 90.34
195.8485669287 90.28
198.6972499318 90.20
201.5873679832 90.14
204.5195237697 90.08
207.4943287442 90.03
210.5124032534 89.99
213.5743766672 89.93
216.6808875099 89.86
219.8325835933 89.78
223.0301221518 89.71
226.2741699797 89.65
229.5654035698 89.59
232.9045092548 89.54
236.2921833503 89.49
239.7291323003 89.44
243.2160728239 89.38
246.7537320653 89.32
250.3428477452 89.25
253.9841683149 89.19
257.6784531119 89.14
261.4264725186 89.09
265.2290081229 89.05
269.0868528812 89.00
273.0008112836 88.95
276.971699522 88.90
281.0003456597 88.85
285.0875898049 88.82
289.2342842852 88.79
293.4412938255 88.76
297.7094957287 88.72
302.0397800581 88.67
306.4330498235 88.62
310.8902211692 88.58
315.4122235649 88.53
320 88.48
324.65450718 88.43
329.3767157259 88.38
334.1676103768 88.34
339.028190195 88.30
343.9594687746 88.25
348.9624744529 88.21
354.0382505244 88.17
359.187855459 88.13
364.4123631221 88.08
369.7128629991 88.04
375.0904604222 88.00
380.5462768009 87.97
386.0814498562 87.93
391.6971338575 87.89
397.3944998635 87.86
403.1747359664 87.83
409.0390475393 87.79
414.9886574883 87.76
421.0248065068 87.73
427.1487533344 87.70
433.3617750198 87.67
439.6651671866 87.65
446.0602443037 87.64
452.5483399594 87.63
459.1308071395 87.61
465.8090185095 87.58
472.5843667007 87.55
479.4582646005 87.52
486.4321456477 87.49
493.5074641306 87.45
500.6856954905 87.42
507.9683366298 87.39
515.3569062238 87.37
522.8529450372 87.34
530.4580162458 87.32
538.1737057624 87.29
546.0016225673 87.27
553.9433990439 87.26
562.0006913195 87.25
570.1751796098 87.23
578.4685685703 87.22
586.882587651 87.20
595.4189914574 87.19
604.0795601163 87.17
612.8660996471 87.16
621.7804423383 87.15
630.8244471297 87.14
640 87.13
649.30901436 87.11
658.7534314519 87.10
668.3352207536 87.08
678.05638039 87.09
687.9189375493 87.11
697.9249489058 87.15
708.0765010489 87.19
718.375710918 87.22
728.8247262443 87.25
739.4257259983 87.27
750.1809208443 87.30
761.0925536018 87.33
772.1628997124 87.36
783.394267715 87.40
794.7889997271 87.44
806.3494719327 87.49
818.0780950787 87.55
829.9773149767 87.63
842.0496130136 87.70
854.2975066688 87.77
866.7235500396 87.84
879.3303343732 87.90
892.1204886074 87.97
905.0966799188 88.04
918.2616142791 88.12
931.618037019 88.21
945.1687334013 88.30
958.9165292011 88.40
972.8642912955 88.50
987.0149282611 88.60
1001.371390981 88.71
1015.9366732597 88.82
1030.7138124476 88.95
1045.7058900743 89.10
1060.9160324916 89.24
1076.3474115248 89.38
1092.0032451345 89.52
1107.8867980879 89.65
1124.0013826389 89.77
1140.3503592197 89.90
1156.9371371406 90.02
1173.765175302 90.15
1190.8379829148 90.28
1208.1591202326 90.42
1225.7321992942 90.56
1243.5608846767 90.70
1261.6488942595 90.82
1280 90.93
1298.6180287201 91.04
1317.5068629037 91.15
1336.6704415071 91.25
1356.1127607799 91.35
1375.8378750985 91.45
1395.8498978116 91.55
1416.1530020977 91.66
1436.751421836 91.78
1457.6494524886 91.90
1478.8514519966 92.02
1500.3618416887 92.13
1522.1851072035 92.24
1544.3257994247 92.35
1566.78853543 92.47
1589.5779994541 92.59
1612.6989438655 92.73
1636.1561901574 92.86
1659.9546299533 92.98
1684.0992260271 93.09
1708.5950133377 93.20
1733.4471000793 93.31
1758.6606687464 93.41
1784.2409772148 93.51
1810.1933598376 93.61
1836.5232285581 93.73
1863.2360740381 93.84
1890.3374668026 93.95
1917.8330584022 94.06
1945.7285825909 94.17
1974.0298565222 94.30
2002.742781962 94.44
2031.8733465194 94.60
2061.4276248951 94.77
2091.4117801487 94.93
2121.8320649832 95.07
2152.6948230496 95.18
2184.0064902691 95.27
2215.7735961758 95.35
2248.0027652779 95.41
2280.7007184393 95.49
2313.8742742813 95.59
2347.530350604 95.74
2381.6759658296 95.97
2416.3182404652 96.23
2451.4643985884 96.51
2487.1217693533 96.78
2523.297788519 97.01
2560.0000000001 97.19
2597.2360574402 97.33
2635.0137258074 97.43
2673.3408830143 97.49
2712.2255215599 97.52
2751.6757501971 97.53
2791.6997956232 97.52
2832.3060041955 97.50
2873.5028436721 97.46
2915.2989049772 97.42
2957.7029039931 97.37
3000.7236833774 97.33
3044.3702144071 97.29
3088.6515988494 97.23
3133.57707086 97.15
3179.1559989082 97.06
3225.397887731 96.94
3272.3123803148 96.81
3319.9092599067 96.67
3368.1984520542 96.55
3417.1900266754 96.45
3466.8942001586 96.38
3517.3213374928 96.33
3568.4819544296 96.31
3620.3867196753 96.31
3673.0464571163 96.32
3726.4721480761 96.33
3780.6749336053 96.34
3835.6661168044 96.35
3891.4571651819 96.37
3948.0597130445 96.39
4005.4855639241 96.42
4063.7466930387 96.48
4122.8552497902 96.54
4182.8235602974 96.60
4243.6641299665 96.67
4305.3896460992 96.72
4368.0129805382 96.77
4431.5471923516 96.82
4496.0055305558 96.85
4561.4014368787 96.87
4627.7485485626 96.85
4695.0607012081 96.80
4763.3519316592 96.71
4832.6364809305 96.60
4902.9287971769 96.46
4974.2435387067 96.29
5046.595577038 96.07
5120.0000000002 95.83
5194.4721148803 95.55
5270.0274516149 95.25
5346.6817660286 94.95
5424.4510431198 94.62
5503.3515003942 94.28
5583.3995912463 93.93
5664.6120083911 93.59
5747.0056873442 93.26
5830.5978099545 92.94
5915.4058079863 92.62
6001.4473667548 92.30
6088.7404288142 92.00
6177.3031976989 91.72
6267.1541417201 91.48
6358.3119978165 91.28
6450.795775462 91.13
6544.6247606297 91.03
6639.8185198134 91.00
6736.3969041085 91.02
6834.3800533509 91.11
6933.7884003172 91.28
7034.6426749857 91.51
7136.9639088592 91.82
7240.7734393506 92.19
7346.0929142326 92.64
7452.9442961523 93.14
7561.3498672106 93.67
7671.3322336089 94.18
7782.9143303638 94.63
7896.119426089 94.95
8010.9711278481 95.07
8127.4933860775 94.93
8245.7104995805 94.52
8365.6471205948 93.85
8487.328259933 92.98
8610.7792921984 91.97
8736.0259610765 90.90
8863.0943847033 89.82
8992.0110611117 88.78
9122.8028737575 87.79
9255.4970971253 86.88
9390.1214024162 86.05
9526.7038633184 85.31
9665.272961861 84.66
9805.8575943538 84.10
9948.4870774134 83.62
10093.191154076 83.24
10240.0000000005 82.95
10388.9442297607 82.77
10540.0549032298 82.72
10693.3635320572 82.81
10848.9020862397 83.12
11006.7030007884 83.72
11166.7991824927 84.68
11329.2240167822 86.06
11494.0113746885 87.69
11661.1956199091 89.36
11830.8116159726 90.77
12002.8947335097 91.64
12177.4808576284 91.98
12354.6063953979 91.42
12534.3082834402 90.34
12716.6239956331 88.76
12901.5915509241 86.98
13089.2495212594 85.15
13279.637039627 83.46
13472.7938082171 81.97
13668.7601067018 80.73
13867.5768006344 79.73
14069.2853499715 78.99
14273.9278177184 78.44
14481.5468787012 78.17
14692.1858284653 78.23
14905.8885923047 78.63
15122.6997344212 79.36
15342.6644672179 80.38
15565.8286607277 81.49
15792.2388521781 82.39
16021.9422556964 82.71
16254.9867721551 82.15
16491.4209991611 80.65
16731.2942411897 78.43
16974.656519866 75.82
17221.5585843969 73.09
17472.0519221531 70.47
17726.1887694067 68.11
17984.0221222235 66.02
18245.605747515 64.17
18510.9941942506 62.50
18780.2428048326 60.92
19053.4077266369 59.40
19330.545923722 57.94
19611.7151887077 56.50
19896.9741548268 55.05
20186.382308152 54.52
