20 86.87
20.2909066988 86.87
20.5860447329 86.88
20.8854756485 86.89
21.1892618872 86.89
21.4974667984 86.90
21.8101546533 86.90
22.1273906578 86.90
22.4492409662 86.90
22.7757726951 86.90
23.1070539374 86.91
23.4431537764 86.91
23.7841423001 86.90
24.130090616 86.90
24.4810708661 86.90
24.8371562415 86.89
25.1984209979 86.89
25.5649404712 86.88
25.936791093 86.88
26.3140504067 86.88
26.6967970834 86.87
27.0851109387 86.86
27.4790729492 86.85
27.878765269 86.83
28.2842712475 86.82
28.6956754462 86.81
29.1130636568 86.80
29.5365229188 86.78
29.9661415375 86.77
30.402009103 86.76
30.8442165082 86.74
31.2928559682 86.72
31.7480210394 86.71
32.209806639 86.69
32.6783090648 86.66
33.1536260154 86.64
33.6358566101 86.62
34.1251014105 86.60
34.6214624402 86.57
35.1250432075 86.54
35.6359487256 86.52
36.1542855356 86.49
36.6801617282 86.46
37.2136869661 86.43
37.7549725073 86.40
38.3041312279 86.37
38.8612776461 86.33
39.4265279456 86.30
40 86.26
40.5818133975 86.22
41.1720894657 86.18
41.7709512971 86.13
42.3785237744 86.08
42.9949335968 86.03
43.6203093066 85.99
44.2547813156 85.95
44.8984819324 85.92
45.5515453903 85.89
46.2141078749 85.86
46.8863075528 85.82
47.5682846001 85.78
48.260181232 85.73
48.9621417322 85.68
49.6743124829 85.64
50.3968419958 85.59
51.1298809424 85.55
51.873582186 85.52
52.6281008133 85.48
53.3935941668 85.44
54.1702218775 85.39
54.9581458983 85.35
55.757530538 85.30
56.5685424949 85.26
57.3913508924 85.21
58.2261273137 85.16
59.0730458376 85.11
59.9322830751 85.06
60.804018206 85.01
61.6884330163 84.96
62.5857119363 84.90
63.4960420787 84.83
64.419613278 84.77
65.3566181296 84.70
66.3072520307 84.63
67.2717132203 84.57
68.2502028209 84.50
69.2429248805 84.44
70.2500864149 84.38
71.2718974512 84.32
72.3085710713 84.27
73.3603234564 84.23
74.4273739322 84.19
75.5099450145 84.15
76.6082624559 84.08
77.7225552923 84.00
78.8530558912 83.91
80 83.82
81.163626795 83.75
82.3441789315 83.68
83.5419025942 83.62
84.7570475487 83.54
85.9898671937 83.45
87.2406186132 83.36
88.5095626311 83.27
89.7969638648 83.18
91.1030907805 83.10
92.4282157498 83.02
93.7726151055 82.94
95.1365692002 82.86
96.520362464 82.77
97.9242834644 82.69
99.3486249659 82.61
100.7936839916 82.52
102.2597618848 82.44
103.7471643721 82.36
105.2562016267 82.29
106.7871883336 82.21
108.340443755 82.13
109.9162917966 82.05
111.5150610759 81.97
113.1370849898 81.90
114.7827017849 81.84
116.4522546274 81.82
118.1460916752 81.80
119.8645661501 81.74
121.6080364119 81.61
123.3768660326 81.42
125.1714238726 81.23
126.9920841575 81.10
128.8392265559 81.01
130.7132362593 80.94
132.6145040614 80.87
134.5434264406 80.81
136.5004056418 80.76
138.485849761 80.74
140.5001728299 80.72
142.5437949025 80.66
144.6171421426 80.57
146.7206469127 80.45
148.8547478643 80.34
151.0198900291 80.23
153.2165249118 80.12
155.4451105846 80.03
157.7061117824 79.94
160 79.85
162.32725359 79.77
164.688357863 79.68
167.0838051884 79.59
169.5140950975 79.50
171.9797343873 79.40
174.4812372264 79.31
177.0191252622 79.23
179.5939277295 79.14
182.2061815611 79.06
184.8564314996 78.98
187.5452302111 78.89
190.2731384004 78.80
193.0407249281 78.71
195.8485669287 78.61
198.6972499318 78.51
201.5873679832 78.42
204.5195237697 78.33
207.4943287442 78.24
210.5124032534 78.15
213.5743766672 78.06
216.6808875099 77.96
219.8325835933 77.86
223.0301221518 77.77
226.2741699797 77.68
229.5654035698 77.61
232.9045092548 77.55
236.2921833503 77.49
239.7291323003 77.43
243.2160728239 77.37
246.7537320653 77.31
250.3428477452 77.24
253.9841683149 77.19
257.6784531119 77.14
261.4264725186 77.09
265.2290081229 77.05
269.0868528812 77.00
273.0008112836 76.94
276.971699522 76.89
281.0003456597 76.84
285.0875898049 76.79
289.2342842852 76.74
293.4412938255 76.68
297.7094957287 76.62
302.0397800581 76.55
306.4330498235 76.47
310.8902211692 76.39
315.4122235649 76.32
320 76.24
324.65450718 76.17
329.3767157259 76.10
334.1676103768 76.03
339.028190195 75.96
343.9594687746 75.90
348.9624744529 75.83
354.0382505244 75.76
359.187855459 75.70
364.4123631221 75.63
369.7128629991 75.57
375.0904604222 75.50
380.5462768009 75.44
386.0814498562 75.38
391.6971338575 75.32
397.3944998635 75.26
403.1747359664 75.21
409.0390475393 75.15
414.9886574883 75.10
421.0248065068 75.04
427.1487533344 74.99
433.3617750198 74.94
439.6651671866 74.90
446.0602443037 74.87
452.5483399594 74.83
459.1308071395 74.80
465.8090185095 74.75
472.5843667007 74.70
479.4582646005 74.65
486.4321456477 74.60
493.5074641306 74.55
500.6856954905 74.50
507.9683366298 74.45
515.3569062238 74.41
522.8529450372 74.36
530.4580162458 74.32
538.1737057624 74.28
546.0016225673 74.24
553.9433990439 74.21
562.0006913195 74.18
570.1751796098 74.15
578.4685685703 74.12
586.882587651 74.09
595.4189914574 74.06
604.0795601163 74.03
612.8660996471 74.01
621.7804423383 73.98
630.8244471297 73.96
640 73.94
649.30901436 73.93
658.7534314519 73.93
668.3352207536 73.94
678.05638039 73.95
687.9189375493 73.95
697.9249489058 73.95
708.0765010489 73.95
718.375710918 73.94
728.8247262443 73.95
739.4257259983 73.95
750.1809208443 73.95
761.0925536018 73.96
772.1628997124 73.97
783.394267715 73.99
794.7889997271 74.01
806.3494719327 74.03
818.0780950787 74.07
829.9773149767 74.11
842.0496130136 74.15
854.2975066688 74.18
866.7235500396 74.21
879.3303343732 74.26
892.1204886074 74.33
905.0966799188 74.43
918.2616142791 74.58
931.618037019 74.75
945.1687334013 74.92
958.9165292011 75.08
972.8642912955 75.20
987.0149282611 75.31
1001.371390981 75.41
1015.9366732597 75.51
1030.7138124476 75.61
1045.7058900743 75.73
1060.9160324916 75.86
1076.3474115248 75.98
1092.0032451345 76.09
1107.8867980879 76.20
1124.0013826389 76.31
1140.3503592197 76.42
1156.9371371406 76.53
1173.765175302 76.64
1190.8379829148 76.77
1208.1591202326 76.90
1225.7321992942 77.03
1243.5608846767 77.16
1261.6488942595 77.28
1280 77.39
1298.6180287201 77.50
1317.5068629037 77.62
1336.6704415071 77.73
1356.1127607799 77.84
1375.8378750985 77.96
1395.8498978116 78.07
1416.1530020977 78.21
1436.751421836 78.35
1457.6494524886 78.51
1478.8514519966 78.66
1500.3618416887 78.81
1522.1851072035 78.96
1544.3257994247 79.12
1566.78853543 79.28
1589.5779994541 79.47
1612.6989438655 79.66
1636.1561901574 79.85
1659.9546299533 80.04
1684.0992260271 80.24
1708.5950133377 80.43
1733.4471000793 80.63
1758.6606687464 80.84
1784.2409772148 81.06
1810.1933598376 81.31
1836.5232285581 81.58
1863.2360740381 81.85
1890.3374668026 82.12
1917.8330584022 82.38
1945.7285825909 82.63
1974.0298565222 82.89
2002.742781962 83.15
2031.8733465194 83.39
2061.4276248951 83.62
2091.4117801487 83.82
2121.8320649832 84.00
2152.6948230496 84.15
2184.0064902691 84.28
2215.7735961758 84.39
2248.0027652779 84.49
2280.7007184393 84.56
2313.8742742813 84.60
2347.530350604 84.62
2381.6759658296 84.61
2416.3182404652 84.59
2451.4643985884 84.54
2487.1217693533 84.47
2523.297788519 84.38
2560.0000000001 84.26
2597.2360574402 84.12
2635.0137258074 83.96
2673.3408830143 83.77
2712.2255215599 83.57
2751.6757501971 83.37
2791.6997956232 83.17
2832.3060041955 82.97
2873.5028436721 82.78
2915.2989049772 82.59
2957.7029039931 82.41
3000.7236833774 82.26
3044.3702144071 82.14
3088.6515988494 82.06
3133.57707086 82.00
3179.1559989082 81.98
3225.397887731 81.97
3272.3123803148 81.97
3319.9092599067 81.98
3368.1984520542 82.00
3417.1900266754 82.04
3466.8942001586 82.09
3517.3213374928 82.17
3568.4819544296 82.29
3620.3867196753 82.44
3673.0464571163 82.63
3726.4721480761 82.85
3780.6749336053 83.09
3835.6661168044 83.34
3891.4571651819 83.61
3948.0597130445 83.88
4005.4855639241 84.15
4063.7466930387 84.38
4122.8552497902 84.55
4182.8235602974 84.61
4243.6641299665 84.54
4305.3896460992 84.33
4368.0129805382 83.96
4431.5471923516 83.44
4496.0055305558 82.80
4561.4014368787 82.05
4627.7485485626 81.22
4695.0607012081 80.34
4763.3519316592 79.44
4832.6364809305 78.53
4902.9287971769 77.65
4974.2435387067 76.78
5046.595577038 75.92
5120.0000000002 75.07
5194.4721148803 74.27
5270.0274516149 73.63
5346.6817660286 73.22
5424.4510431198 72.93
5503.3515003942 72.57
5583.3995912463 72.10
5664.6120083911 71.58
5747.0056873442 71.09
5830.5978099545 70.65
5915.4058079863 70.25
6001.4473667548 69.90
6088.7404288142 69.61
6177.3031976989 69.38
6267.1541417201 69.20
6358.3119978165 69.08
6450.795775462 69.00
6544.6247606297 68.99
6639.8185198134 69.04
6736.3969041085 69.16
6834.3800533509 69.36
6933.7884003172 69.64
7034.6426749857 70.02
7136.9639088592 70.51
7240.7734393506 71.14
7346.0929142326 71.93
7452.9442961523 72.88
7561.3498672106 73.99
7671.3322336089 75.18
7782.9143303638 76.35
7896.119426089 77.34
8010.9711278481 77.94
8127.4933860775 78.00
8245.7104995805 77.47
8365.6471205948 76.42
8487.328259933 75.06
8610.7792921984 73.56
8736.0259610765 72.10
8863.0943847033 70.78
8992.0110611117 69.66
9122.8028737575 68.76
9255.4970971253 68.08
9390.1214024162 67.61
9526.7038633184 67.35
9665.272961861 67.32
9805.8575943538 67.52
9948.4870774134 67.97
10093.191154076 68.69
10240.0000000005 69.59
10388.9442297607 70.52
10540.0549032298 71.22
10693.3635320572 71.44
10848.9020862397 70.98
11006.7030007884 69.81
11166.7991824927 68.11
11329.2240167822 66.07
11494.0113746885 63.97
11661.1956199091 62.01
11830.8116159726 60.22
12002.8947335097 58.70
12177.4808576284 57.36
12354.6063953979 56.31
12534.3082834402 55.43
12716.6239956331 54.78
12901.5915509241 54.38
13089.2495212594 54.11
13279.637039627 54.06
13472.7938082171 54.26
13668.7601067018 54.70
13867.5768006344 55.34
14069.2853499715 56.09
14273.9278177184 56.86
14481.5468787012 57.50
14692.1858284653 57.93
14905.8885923047 58.23
15122.6997344212 58.47
15342.6644672179 58.72
15565.8286607277 58.98
15792.2388521781 59.13
16021.9422556964 59.00
16254.9867721551 58.46
16491.4209991611 57.38
16731.2942411897 55.64
16974.656519866 53.16
17221.5585843969 49.97
17472.0519221531 46.22
17726.1887694067 42.16
17984.0221222235 38.08
18245.605747515 34.16
18510.9941942506 30.44
18780.2428048326 27.21
19053.4077266369 25.05
19330.545923722 24.12
19611.7151887077 23.93
19896.9741548268 24.08
20186.382308152 24.16
