20.000000	98.463
20.299999	98.474
20.600000	98.483
20.900000	98.493
21.200001	98.502
21.400000	98.509
21.799999	98.522
22.000000	98.528
22.400000	98.540
22.700001	98.547
23.000000	98.554
23.299999	98.559
23.600000	98.564
24.000000	98.569
24.299999	98.572
24.700001	98.576
25.000000	98.579
25.400000	98.583
25.799999	98.588
26.200001	98.591
26.500000	98.595
26.900000	98.598
27.200001	98.601
27.600000	98.603
28.000000	98.607
28.500000	98.610
29.000000	98.612
29.500000	98.615
30.000000	98.618
30.400000	98.619
30.700001	98.620
31.100000	98.620
31.500000	98.620
32.000000	98.619
32.500000	98.618
33.000000	98.617
33.500000	98.617
34.000000	98.615
34.500000	98.615
35.000000	98.613
35.500000	98.612
36.000000	98.609
36.500000	98.607
37.000000	98.603
37.500000	98.601
38.200001	98.597
38.700001	98.594
39.500000	98.590
40.000000	98.586
40.599998	98.581
41.200001	98.576
41.799999	98.572
42.500000	98.568
43.099998	98.561
43.700001	98.553
44.400002	98.545
45.000000	98.541
45.500000	98.538
46.200001	98.531
46.799999	98.524
47.500000	98.516
48.200001	98.510
48.700001	98.505
49.400002	98.496
50.000000	98.489
50.799999	98.478
51.500000	98.469
52.200001	98.459
53.000000	98.447
53.799999	98.436
54.500000	98.428
55.200001	98.418
56.000000	98.406
57.000000	98.392
58.000000	98.375
59.000000	98.359
60.000000	98.344
60.799999	98.330
61.500000	98.317
62.200001	98.305
63.000000	98.291
64.000000	98.272
65.000000	98.253
66.000000	98.233
67.000000	98.214
68.000000	98.195
69.000000	98.174
70.000000	98.153
71.000000	98.131
72.000000	98.109
73.000000	98.088
74.000000	98.066
75.000000	98.043
76.199997	98.016
77.500000	97.983
78.800003	97.950
80.000000	97.917
81.199997	97.885
82.500000	97.847
83.800003	97.809
85.000000	97.770
86.199997	97.731
87.500000	97.687
88.500000	97.652
90.000000	97.596
91.199997	97.550
92.500000	97.499
93.800003	97.445
95.000000	97.393
96.199997	97.340
97.500000	97.282
98.800003	97.224
100.000000	97.169
101.500000	97.099
103.000000	97.028
104.400002	96.964
106.000000	96.890
107.500000	96.822
109.000000	96.753
110.599998	96.680
112.000000	96.618
113.800003	96.537
115.000000	96.484
117.199997	96.388
118.000000	96.353
120.599998	96.240
122.000000	96.180
124.099998	96.091
125.000000	96.054
126.500000	95.992
128.000000	95.929
131.500000	95.786
132.000000	95.765
134.000000	95.683
136.000000	95.603
138.000000	95.525
140.000000	95.447
143.000000	95.332
145.000000	95.256
147.500000	95.163
150.000000	95.071
152.500000	94.978
155.000000	94.888
157.500000	94.799
160.000000	94.710
162.500000	94.623
165.000000	94.536
167.500000	94.451
170.000000	94.367
172.500000	94.284
175.000000	94.201
177.500000	94.120
180.000000	94.040
182.500000	93.960
185.000000	93.880
187.500000	93.802
190.000000	93.725
192.500000	93.648
195.000000	93.571
197.500000	93.496
200.000000	93.424
203.000000	93.341
206.000000	93.260
209.000000	93.190
212.000000	93.130
214.000000	93.092
218.000000	93.017
220.000000	92.980
224.000000	92.898
227.000000	92.833
230.000000	92.764
233.000000	92.694
236.000000	92.623
240.000000	92.529
243.000000	92.460
247.000000	92.370
250.000000	92.304
254.000000	92.217
258.000000	92.132
262.000000	92.047
265.000000	91.986
269.000000	91.905
272.000000	91.845
276.000000	91.767
280.000000	91.689
285.000000	91.594
290.000000	91.502
295.000000	91.415
300.000000	91.334
304.000000	91.273
307.000000	91.230
311.000000	91.175
315.000000	91.123
320.000000	91.058
325.000000	90.992
330.000000	90.925
335.000000	90.861
340.000000	90.799
345.000000	90.742
350.000000	90.687
355.000000	90.635
360.000000	90.581
365.000000	90.528
370.000000	90.475
375.000000	90.421
382.000000	90.346
387.000000	90.294
395.000000	90.213
400.000000	90.163
406.000000	90.105
412.000000	90.049
418.000000	89.995
425.000000	89.934
431.000000	89.883
437.000000	89.834
444.000000	89.780
450.000000	89.736
455.000000	89.700
462.000000	89.653
468.000000	89.615
475.000000	89.573
482.000000	89.534
487.000000	89.507
494.000000	89.471
500.000000	89.441
508.000000	89.404
515.000000	89.373
522.000000	89.343
530.000000	89.309
538.000000	89.279
545.000000	89.252
552.000000	89.226
560.000000	89.198
570.000000	89.167
580.000000	89.138
590.000000	89.112
600.000000	89.089
608.000000	89.073
615.000000	89.061
622.000000	89.050
630.000000	89.040
640.000000	89.029
650.000000	89.019
660.000000	89.013
670.000000	89.010
680.000000	89.010
690.000000	89.012
700.000000	89.017
710.000000	89.023
720.000000	89.035
730.000000	89.054
740.000000	89.085
750.000000	89.126
762.000000	89.166
775.000000	89.197
788.000000	89.238
800.000000	89.279
812.000000	89.316
825.000000	89.355
838.000000	89.402
850.000000	89.458
862.000000	89.524
875.000000	89.605
885.000000	89.672
900.000000	89.779
912.000000	89.868
925.000000	89.970
938.000000	90.076
950.000000	90.178
962.000000	90.284
975.000000	90.401
988.000000	90.523
1000.000000	90.638
1015.000000	90.785
1030.000000	90.934
1044.000000	91.078
1060.000000	91.243
1075.000000	91.398
1090.000000	91.554
1106.000000	91.721
1120.000000	91.866
1138.000000	92.053
1150.000000	92.175
1172.000000	92.399
1180.000000	92.479
1206.000000	92.735
1220.000000	92.870
1241.000000	93.070
1250.000000	93.155
1265.000000	93.293
1280.000000	93.429
1315.000000	93.738
1320.000000	93.781
1340.000000	93.953
1360.000000	94.123
1380.000000	94.291
1400.000000	94.456
1430.000000	94.698
1450.000000	94.856
1475.000000	95.051
1500.000000	95.243
1525.000000	95.433
1550.000000	95.620
1575.000000	95.802
1600.000000	95.981
1625.000000	96.156
1650.000000	96.328
1675.000000	96.494
1700.000000	96.655
1725.000000	96.810
1750.000000	96.959
1775.000000	97.100
1800.000000	97.233
1825.000000	97.355
1850.000000	97.463
1875.000000	97.555
1900.000000	97.632
1925.000000	97.696
1950.000000	97.749
1975.000000	97.792
2000.000000	97.828
2030.000000	97.861
2060.000000	97.884
2090.000000	97.899
2120.000000	97.905
2140.000000	97.906
2180.000000	97.898
2200.000000	97.890
2240.000000	97.867
2270.000000	97.843
2300.000000	97.813
2330.000000	97.779
2360.000000	97.741
2400.000000	97.684
2430.000000	97.638
2470.000000	97.571
2500.000000	97.515
2540.000000	97.438
2580.000000	97.359
2620.000000	97.281
2650.000000	97.224
2690.000000	97.153
2720.000000	97.104
2760.000000	97.046
2800.000000	96.994
2850.000000	96.942
2900.000000	96.904
2950.000000	96.877
3000.000000	96.864
3040.000000	96.861
3070.000000	96.864
3110.000000	96.875
3150.000000	96.892
3200.000000	96.921
3250.000000	96.958
3300.000000	97.001
3350.000000	97.050
3400.000000	97.101
3450.000000	97.150
3500.000000	97.191
3550.000000	97.222
3600.000000	97.239
3650.000000	97.241
3700.000000	97.227
3750.000000	97.194
3820.000000	97.109
3870.000000	97.016
3950.000000	96.811
4000.000000	96.651
4060.000000	96.439
4120.000000	96.213
4180.000000	95.981
4250.000000	95.722
4310.000000	95.523
4370.000000	95.363
4440.000000	95.244
4500.000000	95.219
4550.000000	95.258
4620.000000	95.403
4680.000000	95.583
4750.000000	95.793
4820.000000	95.904
4870.000000	95.869
4940.000000	95.620
5000.000000	95.219
5080.000000	94.478
5150.000000	93.735
5220.000000	92.999
5300.000000	92.245
5380.000000	91.625
5450.000000	91.196
5520.000000	90.867
5600.000000	90.607
5700.000000	90.436
5800.000000	90.379
5900.000000	90.409
6000.000000	90.541
6080.000000	90.718
6150.000000	90.924
6220.000000	91.183
6300.000000	91.542
6400.000000	92.093
6500.000000	92.755
6600.000000	93.531
6700.000000	94.412
6800.000000	95.364
6900.000000	96.282
7000.000000	97.039
7100.000000	97.596
7200.000000	97.954
7300.000000	98.124
7400.000000	98.169
7500.000000	98.146
7620.000000	98.029
7750.000000	97.732
7880.000000	97.256
8000.000000	96.793
8120.000000	96.435
8250.000000	96.217
8380.000000	96.183
8500.000000	96.307
8620.000000	96.566
8750.000000	96.943
8850.000000	97.254
9000.000000	97.697
9120.000000	97.983
9250.000000	98.163
9380.000000	98.188
9500.000000	98.046
9620.000000	97.698
9750.000000	97.072
9880.000000	96.214
10000.000000	95.287
10150.000000	94.097
10300.000000	93.002
10440.000000	92.112
10600.000000	91.258
10750.000000	90.610
10900.000000	90.099
11060.000000	89.694
11200.000000	89.450
11380.000000	89.279
11500.000000	89.250
11720.000000	89.362
11800.000000	89.453
12060.000000	89.944
12200.000000	90.334
12410.000000	91.055
12500.000000	91.413
12650.000000	92.081
12800.000000	92.803
13150.000000	94.544
13200.000000	94.790
13400.000000	95.734
13600.000000	96.561
13800.000000	97.222
14000.000000	97.709
14300.000000	98.090
14500.000000	98.135
14750.000000	97.951
15000.000000	97.439
15250.000000	96.681
15500.000000	95.948
15750.000000	95.536
16000.000000	95.374
16250.000000	95.289
16500.000000	95.209
16750.000000	94.808
17000.000000	93.869
17250.000000	92.594
17500.000000	91.342
17750.000000	90.285
18000.000000	89.248
18250.000000	87.708
18500.000000	85.412
18750.000000	84.257
19000.000000	84.949
19250.000000	85.511
19500.000000	85.178
19750.000000	84.022
20000.000000	82.349
