20 72.96
20.299999 73.07
20.6 73.18
20.9 73.28
21.200001 73.39
21.4 73.47
21.799999 73.62
22 73.70
22.4 73.87
22.700001 74.00
23 74.12
23.299999 74.24
23.6 74.35
24 74.49
24.299999 74.59
24.700001 74.72
25 74.81
25.4 74.94
25.799999 75.08
26.200001 75.22
26.5 75.32
26.9 75.45
27.200001 75.55
27.6 75.67
28 75.80
28.5 75.94
29 76.08
29.5 76.21
30 76.34
30.4 76.45
30.700001 76.53
31.1 76.64
31.5 76.74
32 76.86
32.5 76.99
33 77.12
33.5 77.25
34 77.37
34.5 77.48
35 77.59
35.5 77.71
36 77.84
36.5 77.97
37 78.09
37.5 78.20
38.200001 78.34
38.700001 78.44
39.5 78.60
40 78.69
40.599998 78.81
41.200001 78.93
41.799999 79.05
42.5 79.16
43.099998 79.26
43.700001 79.38
44.400002 79.52
45 79.64
45.5 79.72
46.200001 79.83
46.799999 79.92
47.5 80.05
48.200001 80.17
48.700001 80.25
49.400002 80.35
50 80.45
50.799999 80.57
51.5 80.68
52.200001 80.78
53 80.90
53.799999 81.01
54.5 81.11
55.200001 81.21
56 81.31
57 81.44
58 81.56
59 81.69
60 81.81
60.799999 81.91
61.5 82.00
62.200001 82.08
63 82.18
64 82.30
65 82.41
66 82.53
67 82.64
68 82.75
69 82.86
70 82.95
71 83.06
72 83.17
73 83.27
74 83.37
75 83.46
76.199997 83.57
77.5 83.68
78.800003 83.80
80 83.90
81.199997 84.01
82.5 84.11
83.800003 84.21
85 84.31
86.199997 84.40
87.5 84.51
88.5 84.58
90 84.69
91.199997 84.78
92.5 84.86
93.800003 84.95
95 85.03
96.199997 85.12
97.5 85.20
98.800003 85.29
100 85.36
101.5 85.45
103 85.54
104.400002 85.63
106 85.72
107.5 85.80
109 85.88
110.599998 85.97
112 86.04
113.800003 86.14
115 86.20
117.199997 86.31
118 86.34
120.599998 86.47
122 86.53
124.099998 86.62
125 86.66
126.5 86.73
128 86.80
131.5 86.94
132 86.96
134 87.04
136 87.11
138 87.19
140 87.26
143 87.36
145 87.42
147.5 87.50
150 87.58
152.5 87.65
155 87.72
157.5 87.78
160 87.85
162.5 87.91
165 87.97
167.5 88.02
170 88.08
172.5 88.13
175 88.19
177.5 88.24
180 88.29
182.5 88.34
185 88.38
187.5 88.43
190 88.47
192.5 88.52
195 88.57
197.5 88.61
200 88.66
203 88.71
206 88.77
209 88.82
212 88.87
214 88.90
218 88.95
220 88.98
224 89.03
227 89.07
230 89.10
233 89.14
236 89.17
240 89.21
243 89.24
247 89.27
250 89.30
254 89.33
258 89.36
262 89.40
265 89.42
269 89.45
272 89.48
276 89.51
280 89.54
285 89.58
290 89.61
295 89.64
300 89.67
304 89.69
307 89.70
311 89.71
315 89.72
320 89.73
325 89.75
330 89.77
335 89.79
340 89.81
345 89.83
350 89.84
355 89.86
360 89.87
365 89.88
370 89.88
375 89.87
382 89.86
387 89.85
395 89.86
400 89.87
406 89.88
412 89.90
418 89.91
425 89.92
431 89.92
437 89.92
444 89.92
450 89.93
455 89.94
462 89.96
468 89.98
475 90.00
482 90.02
487 90.03
494 90.05
500 90.07
508 90.09
515 90.11
522 90.12
530 90.14
538 90.15
545 90.17
552 90.18
560 90.20
570 90.22
580 90.25
590 90.28
600 90.31
608 90.33
615 90.35
622 90.37
630 90.39
640 90.41
650 90.42
660 90.44
670 90.44
680 90.45
690 90.45
700 90.46
710 90.46
720 90.46
730 90.45
740 90.44
750 90.42
762 90.39
775 90.35
788 90.32
800 90.29
812 90.27
825 90.23
838 90.19
850 90.15
862 90.11
875 90.06
885 90.02
900 89.96
912 89.90
925 89.84
938 89.79
950 89.74
962 89.69
975 89.65
988 89.61
1000 89.58
1015 89.54
1030 89.50
1044 89.47
1060 89.43
1075 89.38
1090 89.33
1106 89.27
1120 89.21
1138 89.14
1150 89.10
1172 89.02
1180 89.00
1206 88.92
1220 88.89
1241 88.85
1250 88.83
1265 88.81
1280 88.79
1315 88.74
1320 88.72
1340 88.68
1360 88.65
1380 88.61
1400 88.56
1430 88.50
1450 88.46
1475 88.41
1500 88.37
1525 88.33
1550 88.30
1575 88.29
1600 88.29
1625 88.31
1650 88.35
1675 88.39
1700 88.45
1725 88.51
1750 88.58
1775 88.64
1800 88.72
1825 88.79
1850 88.87
1875 88.95
1900 89.04
1925 89.13
1950 89.22
1975 89.31
2000 89.40
2030 89.51
2060 89.62
2090 89.74
2120 89.85
2140 89.93
2180 90.09
2200 90.16
2240 90.31
2270 90.42
2300 90.52
2330 90.61
2360 90.70
2400 90.80
2430 90.86
2470 90.94
2500 90.98
2540 91.02
2580 91.04
2620 91.03
2650 91.02
2690 90.97
2720 90.93
2760 90.86
2800 90.77
2850 90.64
2900 90.49
2950 90.33
3000 90.15
3040 90.01
3070 89.90
3110 89.76
3150 89.62
3200 89.44
3250 89.27
3300 89.10
3350 88.94
3400 88.79
3450 88.66
3500 88.53
3550 88.41
3600 88.30
3650 88.20
3700 88.11
3750 88.03
3820 87.94
3870 87.89
3950 87.82
4000 87.80
4060 87.78
4120 87.77
4180 87.77
4250 87.79
4310 87.82
4370 87.87
4440 87.96
4500 88.05
4550 88.14
4620 88.30
4680 88.45
4750 88.66
4820 88.89
4870 89.07
4940 89.35
5000 89.61
5080 89.97
5150 90.31
5220 90.64
5300 91.02
5380 91.40
5450 91.69
5520 91.92
5600 92.12
5700 92.23
5800 92.14
5900 91.84
6000 91.38
6080 90.92
6150 90.47
6220 89.97
6300 89.39
6400 88.66
6500 87.97
6600 87.30
6700 86.69
6800 86.12
6900 85.63
7000 85.23
7100 84.89
7200 84.60
7300 84.34
7400 84.12
7500 83.92
7620 83.76
7750 83.68
7880 83.60
8000 83.55
8120 83.54
8250 83.57
8380 83.64
8500 83.74
8620 83.84
8750 83.89
8850 83.89
9000 83.77
9120 83.57
9250 83.27
9380 82.96
9500 82.72
9620 82.55
9750 82.45
9880 82.43
10000 82.46
10150 82.49
10300 82.44
10440 82.21
10600 81.56
10750 80.73
10900 80.07
11060 79.56
11200 79.11
11380 78.55
11500 78.26
11720 77.85
11800 77.74
12060 77.57
12200 77.63
12410 77.80
12500 77.86
12650 77.96
12800 78.09
13150 78.39
13200 78.42
13400 78.45
13600 78.23
13800 77.71
14000 76.92
14300 75.42
14500 74.34
14750 73.00
15000 71.76
15250 70.71
15500 70.00
15750 69.66
16000 69.57
16250 69.55
16500 69.40
16750 68.97
17000 68.11
17250 66.75
17500 64.85
17750 62.47
18000 60.35
18250 60.01
18500 60.46
18750 60.79
19000 61.01
19250 61.03
19500 60.67
19750 59.88
20000 58.68
