20 57.02
20.299999 56.51
20.6 55.32
20.9 53.45
21.200001 51.21
21.4 50.13
21.799999 51.11
22 52.60
22.4 55.06
22.700001 56.18
23 56.79
23.299999 56.99
23.6 56.93
24 56.66
24.299999 56.52
24.700001 56.60
25 56.82
25.4 57.22
25.799999 57.59
26.200001 57.90
26.5 58.11
26.9 58.41
27.200001 58.63
27.6 58.87
28 58.96
28.5 58.84
29 58.57
29.5 58.41
30 58.55
30.4 58.76
30.700001 58.89
31.1 59.01
31.5 59.10
32 59.25
32.5 59.43
33 59.58
33.5 59.66
34 59.68
34.5 59.71
35 59.83
35.5 59.95
36 60.09
36.5 60.25
37 60.44
37.5 60.59
38.200001 60.74
38.700001 60.85
39.5 61.00
40 61.03
40.599998 61.07
41.200001 61.21
41.799999 61.52
42.5 61.95
43.099998 62.34
43.700001 62.64
44.400002 62.75
45 62.42
45.5 61.99
46.200001 62.06
46.799999 62.76
47.5 63.40
48.200001 63.47
48.700001 63.37
49.400002 63.46
50 63.71
50.799999 63.94
51.5 64.01
52.200001 64.09
53 64.20
53.799999 64.30
54.5 64.49
55.200001 64.76
56 65.09
57 65.45
58 65.40
59 64.98
60 65.03
60.799999 65.35
61.5 65.50
62.200001 65.70
63 66.00
64 66.15
65 66.30
66 66.63
67 66.84
68 66.97
69 67.13
70 67.32
71 67.46
72 67.46
73 67.48
74 67.64
75 67.94
76.199997 68.28
77.5 68.57
78.800003 68.83
80 68.98
81.199997 69.12
82.5 69.23
83.800003 69.36
85 69.52
86.199997 69.67
87.5 69.75
88.5 69.93
90 70.35
91.199997 70.68
92.5 70.96
93.800003 71.08
95 71.16
96.199997 71.27
97.5 71.44
98.800003 71.59
100 71.72
101.5 71.90
103 72.10
104.400002 72.33
106 72.57
107.5 72.77
109 72.93
110.599998 73.11
112 73.31
113.800003 73.55
115 73.70
117.199997 73.94
118 74.03
120.599998 74.33
122 74.52
124.099998 74.83
125 74.95
126.5 75.15
128 75.32
131.5 75.63
132 75.69
134 75.94
136 76.19
138 76.40
140 76.59
143 76.91
145 77.13
147.5 77.40
150 77.68
152.5 77.95
155 78.19
157.5 78.40
160 78.66
162.5 78.94
165 79.19
167.5 79.41
170 79.61
172.5 79.84
175 80.07
177.5 80.31
180 80.55
182.5 80.79
185 81.02
187.5 81.25
190 81.48
192.5 81.72
195 81.95
197.5 82.17
200 82.40
203 82.66
206 82.93
209 83.20
212 83.46
214 83.64
218 83.96
220 84.11
224 84.45
227 84.70
230 84.95
233 85.18
236 85.41
240 85.71
243 85.93
247 86.21
250 86.42
254 86.69
258 86.98
262 87.26
265 87.46
269 87.72
272 87.93
276 88.20
280 88.46
285 88.77
290 89.06
295 89.32
300 89.58
304 89.78
307 89.93
311 90.11
315 90.28
320 90.49
325 90.71
330 90.92
335 91.10
340 91.28
345 91.44
350 91.60
355 91.73
360 91.86
365 91.96
370 92.05
375 92.12
382 92.20
387 92.23
395 92.26
400 92.26
406 92.24
412 92.21
418 92.18
425 92.16
431 92.14
437 92.12
444 92.10
450 92.08
455 92.07
462 92.05
468 92.04
475 92.02
482 91.99
487 91.97
494 91.94
500 91.91
508 91.86
515 91.82
522 91.77
530 91.72
538 91.66
545 91.61
552 91.56
560 91.50
570 91.43
580 91.36
590 91.29
600 91.23
608 91.18
615 91.14
622 91.10
630 91.05
640 90.99
650 90.92
660 90.86
670 90.79
680 90.73
690 90.68
700 90.63
710 90.59
720 90.55
730 90.51
740 90.47
750 90.43
762 90.38
775 90.31
788 90.26
800 90.22
812 90.17
825 90.13
838 90.09
850 90.04
862 90.00
875 89.94
885 89.90
900 89.83
912 89.78
925 89.74
938 89.70
950 89.67
962 89.64
975 89.62
988 89.59
1000 89.56
1015 89.53
1030 89.51
1044 89.48
1060 89.44
1075 89.39
1090 89.34
1106 89.28
1120 89.23
1138 89.15
1150 89.10
1172 89.02
1180 88.99
1206 88.91
1220 88.87
1241 88.82
1250 88.81
1265 88.79
1280 88.77
1315 88.72
1320 88.72
1340 88.68
1360 88.64
1380 88.59
1400 88.52
1430 88.41
1450 88.34
1475 88.25
1500 88.15
1525 88.04
1550 87.92
1575 87.79
1600 87.65
1625 87.50
1650 87.33
1675 87.16
1700 86.95
1725 86.72
1750 86.48
1775 86.21
1800 85.91
1825 85.60
1850 85.29
1875 84.97
1900 84.64
1925 84.30
1950 83.96
1975 83.61
2000 83.26
2030 82.85
2060 82.44
2090 82.07
2120 81.76
2140 81.60
2180 81.37
2200 81.32
2240 81.34
2270 81.48
2300 81.72
2330 82.03
2360 82.42
2400 83.07
2430 83.61
2470 84.36
2500 84.96
2540 85.82
2580 86.71
2620 87.60
2650 88.28
2690 89.18
2720 89.84
2760 90.68
2800 91.45
2850 92.29
2900 92.96
2950 93.45
3000 93.77
3040 93.90
3070 93.92
3110 93.87
3150 93.74
3200 93.51
3250 93.23
3300 92.92
3350 92.58
3400 92.24
3450 91.90
3500 91.57
3550 91.28
3600 91.01
3650 90.77
3700 90.54
3750 90.34
3820 90.10
3870 89.96
3950 89.77
4000 89.68
4060 89.59
4120 89.51
4180 89.44
4250 89.40
4310 89.38
4370 89.34
4440 89.29
4500 89.29
4550 89.31
4620 89.37
4680 89.46
4750 89.56
4820 89.67
4870 89.76
4940 89.92
5000 90.05
5080 90.21
5150 90.33
5220 90.43
5300 90.54
5380 90.56
5450 90.46
5520 90.29
5600 90.03
5700 89.58
5800 89.00
5900 88.33
6000 87.61
6080 87.02
6150 86.52
6220 86.02
6300 85.45
6400 84.78
6500 84.15
6600 83.57
6700 83.05
6800 82.56
6900 82.14
7000 81.82
7100 81.59
7200 81.40
7300 81.22
7400 81.05
7500 80.87
7620 80.64
7750 80.43
7880 80.21
8000 79.99
8120 79.80
8250 79.58
8380 79.35
8500 79.18
8620 79.07
8750 79.01
8850 79.06
9000 79.43
9120 80.02
9250 80.75
9380 81.26
9500 81.35
9620 81.07
9750 80.42
9880 79.60
10000 78.83
10150 78.04
10300 77.58
10440 77.44
10600 77.49
10750 77.66
10900 77.85
11060 77.99
11200 77.98
11380 77.70
11500 77.32
11720 76.34
11800 75.93
12060 74.56
12200 73.89
12410 73.05
12500 72.78
12650 72.47
12800 72.38
13150 73.10
13200 73.26
13400 73.90
13600 74.29
13800 74.29
14000 73.87
14300 72.90
14500 72.26
14750 71.59
15000 71.13
15250 70.80
15500 70.45
15750 70.00
16000 69.54
16250 69.23
16500 69.10
16750 69.02
17000 68.86
17250 68.51
17500 67.90
17750 67.08
18000 66.18
18250 65.30
18500 64.49
18750 63.77
19000 63.13
19250 62.46
19500 61.62
19750 60.60
20000 59.41
