20 95.74
20.2909066988 95.72
20.5860447329 95.72
20.8854756485 95.71
21.1892618872 95.72
21.4974667984 95.73
21.8101546533 95.74
22.1273906578 95.75
22.4492409662 95.77
22.7757726951 95.79
23.1070539374 95.80
23.4431537764 95.82
23.7841423001 95.83
24.130090616 95.85
24.4810708661 95.85
24.8371562415 95.85
25.1984209979 95.84
25.5649404712 95.83
25.936791093 95.81
26.3140504067 95.79
26.6967970834 95.77
27.0851109387 95.75
27.4790729492 95.74
27.878765269 95.73
28.2842712475 95.71
28.6956754462 95.69
29.1130636568 95.67
29.5365229188 95.65
29.9661415375 95.63
30.402009103 95.62
30.8442165082 95.62
31.2928559682 95.61
31.7480210394 95.62
32.209806639 95.62
32.6783090648 95.61
33.1536260154 95.60
33.6358566101 95.59
34.1251014105 95.56
34.6214624402 95.54
35.1250432075 95.52
35.6359487256 95.49
36.1542855356 95.46
36.6801617282 95.44
37.2136869661 95.41
37.7549725073 95.38
38.3041312279 95.35
38.8612776461 95.33
39.4265279456 95.31
40 95.28
40.5818133975 95.26
41.1720894657 95.24
41.7709512971 95.21
42.3785237744 95.19
42.9949335968 95.16
43.6203093066 95.13
44.2547813156 95.09
44.8984819324 95.06
45.5515453903 95.03
46.2141078749 94.99
46.8863075528 94.96
47.5682846001 94.93
48.260181232 94.90
48.9621417322 94.87
49.6743124829 94.83
50.3968419958 94.79
51.1298809424 94.76
51.873582186 94.72
52.6281008133 94.68
53.3935941668 94.64
54.1702218775 94.61
54.9581458983 94.57
55.757530538 94.54
56.5685424949 94.50
57.3913508924 94.46
58.2261273137 94.42
59.0730458376 94.37
59.9322830751 94.33
60.804018206 94.28
61.6884330163 94.24
62.5857119363 94.20
63.4960420787 94.15
64.419613278 94.10
65.3566181296 94.06
66.3072520307 94.01
67.2717132203 93.95
68.2502028209 93.90
69.2429248805 93.85
70.2500864149 93.79
71.2718974512 93.74
72.3085710713 93.69
73.3603234564 93.63
74.4273739322 93.58
75.5099450145 93.52
76.6082624559 93.46
77.7225552923 93.40
78.8530558912 93.34
80 93.28
81.163626795 93.22
82.3441789315 93.16
83.5419025942 93.10
84.7570475487 93.04
85.9898671937 92.98
87.2406186132 92.91
88.5095626311 92.85
89.7969638648 92.78
91.1030907805 92.71
92.4282157498 92.64
93.7726151055 92.57
95.1365692002 92.51
96.520362464 92.44
97.9242834644 92.36
99.3486249659 92.29
100.7936839916 92.21
102.2597618848 92.13
103.7471643721 92.05
105.2562016267 91.96
106.7871883336 91.88
108.340443755 91.80
109.9162917966 91.72
111.5150610759 91.64
113.1370849898 91.56
114.7827017849 91.49
116.4522546274 91.41
118.1460916752 91.34
119.8645661501 91.27
121.6080364119 91.20
123.3768660326 91.15
125.1714238726 91.10
126.9920841575 91.06
128.8392265559 91.03
130.7132362593 90.99
132.6145040614 90.95
134.5434264406 90.90
136.5004056418 90.85
138.485849761 90.78
140.5001728299 90.71
142.5437949025 90.63
144.6171421426 90.56
146.7206469127 90.48
148.8547478643 90.40
151.0198900291 90.31
153.2165249118 90.22
155.4451105846 90.14
157.7061117824 90.05
160 89.95
162.32725359 89.86
164.688357863 89.76
167.0838051884 89.65
169.5140950975 89.55
171.9797343873 89.45
174.4812372264 89.37
177.0191252622 89.32
179.5939277295 89.32
182.2061815611 89.34
184.8564314996 89.37
187.5452302111 89.39
190.2731384004 89.39
193.0407249281 89.36
195.8485669287 89.31
198.6972499318 89.24
201.5873679832 89.16
204.5195237697 89.07
207.4943287442 88.99
210.5124032534 88.90
213.5743766672 88.81
216.6808875099 88.72
219.8325835933 88.64
223.0301221518 88.55
226.2741699797 88.46
229.5654035698 88.38
232.9045092548 88.29
236.2921833503 88.22
239.7291323003 88.16
243.2160728239 88.11
246.7537320653 88.06
250.3428477452 88.01
253.9841683149 87.97
257.6784531119 87.92
261.4264725186 87.87
265.2290081229 87.81
269.0868528812 87.76
273.0008112836 87.69
276.971699522 87.63
281.0003456597 87.57
285.0875898049 87.50
289.2342842852 87.44
293.4412938255 87.38
297.7094957287 87.32
302.0397800581 87.26
306.4330498235 87.20
310.8902211692 87.14
315.4122235649 87.08
320 87.02
324.65450718 86.97
329.3767157259 86.91
334.1676103768 86.85
339.028190195 86.80
343.9594687746 86.75
348.9624744529 86.70
354.0382505244 86.64
359.187855459 86.59
364.4123631221 86.54
369.7128629991 86.49
375.0904604222 86.45
380.5462768009 86.40
386.0814498562 86.35
391.6971338575 86.31
397.3944998635 86.26
403.1747359664 86.22
409.0390475393 86.18
414.9886574883 86.14
421.0248065068 86.10
427.1487533344 86.06
433.3617750198 86.02
439.6651671866 85.99
446.0602443037 85.95
452.5483399594 85.91
459.1308071395 85.88
465.8090185095 85.85
472.5843667007 85.82
479.4582646005 85.79
486.4321456477 85.76
493.5074641306 85.73
500.6856954905 85.70
507.9683366298 85.68
515.3569062238 85.65
522.8529450372 85.63
530.4580162458 85.61
538.1737057624 85.58
546.0016225673 85.56
553.9433990439 85.54
562.0006913195 85.53
570.1751796098 85.51
578.4685685703 85.50
586.882587651 85.48
595.4189914574 85.47
604.0795601163 85.46
612.8660996471 85.45
621.7804423383 85.44
630.8244471297 85.43
640 85.43
649.30901436 85.43
658.7534314519 85.43
668.3352207536 85.43
678.05638039 85.43
687.9189375493 85.43
697.9249489058 85.44
708.0765010489 85.45
718.375710918 85.46
728.8247262443 85.48
739.4257259983 85.49
750.1809208443 85.51
761.0925536018 85.54
772.1628997124 85.56
783.394267715 85.59
794.7889997271 85.63
806.3494719327 85.66
818.0780950787 85.70
829.9773149767 85.75
842.0496130136 85.80
854.2975066688 85.86
866.7235500396 85.92
879.3303343732 85.99
892.1204886074 86.06
905.0966799188 86.14
918.2616142791 86.22
931.618037019 86.31
945.1687334013 86.41
958.9165292011 86.52
972.8642912955 86.63
987.0149282611 86.76
1001.371390981 86.89
1015.9366732597 87.02
1030.7138124476 87.17
1045.7058900743 87.32
1060.9160324916 87.47
1076.3474115248 87.63
1092.0032451345 87.80
1107.8867980879 87.97
1124.0013826389 88.15
1140.3503592197 88.32
1156.9371371406 88.49
1173.765175302 88.67
1190.8379829148 88.84
1208.1591202326 89.02
1225.7321992942 89.19
1243.5608846767 89.36
1261.6488942595 89.53
1280 89.70
1298.6180287201 89.86
1317.5068629037 90.03
1336.6704415071 90.20
1356.1127607799 90.37
1375.8378750985 90.54
1395.8498978116 90.71
1416.1530020977 90.89
1436.751421836 91.06
1457.6494524886 91.25
1478.8514519966 91.43
1500.3618416887 91.62
1522.1851072035 91.81
1544.3257994247 92.00
1566.78853543 92.20
1589.5779994541 92.40
1612.6989438655 92.61
1636.1561901574 92.82
1659.9546299533 93.02
1684.0992260271 93.23
1708.5950133377 93.44
1733.4471000793 93.63
1758.6606687464 93.82
1784.2409772148 94.01
1810.1933598376 94.18
1836.5232285581 94.34
1863.2360740381 94.49
1890.3374668026 94.64
1917.8330584022 94.79
1945.7285825909 94.93
1974.0298565222 95.08
2002.742781962 95.22
2031.8733465194 95.34
2061.4276248951 95.45
2091.4117801487 95.54
2121.8320649832 95.59
2152.6948230496 95.60
2184.0064902691 95.58
2215.7735961758 95.51
2248.0027652779 95.42
2280.7007184393 95.32
2313.8742742813 95.22
2347.530350604 95.13
2381.6759658296 95.04
2416.3182404652 94.96
2451.4643985884 94.86
2487.1217693533 94.75
2523.297788519 94.62
2560.0000000001 94.47
2597.2360574402 94.28
2635.0137258074 94.08
2673.3408830143 93.87
2712.2255215599 93.66
2751.6757501971 93.46
2791.6997956232 93.27
2832.3060041955 93.08
2873.5028436721 92.89
2915.2989049772 92.72
2957.7029039931 92.55
3000.7236833774 92.41
3044.3702144071 92.27
3088.6515988494 92.15
3133.57707086 92.03
3179.1559989082 91.91
3225.397887731 91.80
3272.3123803148 91.70
3319.9092599067 91.62
3368.1984520542 91.55
3417.1900266754 91.50
3466.8942001586 91.46
3517.3213374928 91.43
3568.4819544296 91.42
3620.3867196753 91.43
3673.0464571163 91.45
3726.4721480761 91.50
3780.6749336053 91.56
3835.6661168044 91.64
3891.4571651819 91.74
3948.0597130445 91.85
4005.4855639241 91.96
4063.7466930387 92.08
4122.8552497902 92.19
4182.8235602974 92.29
4243.6641299665 92.37
4305.3896460992 92.45
4368.0129805382 92.56
4431.5471923516 92.69
4496.0055305558 92.85
4561.4014368787 93.00
4627.7485485626 93.15
4695.0607012081 93.26
4763.3519316592 93.34
4832.6364809305 93.38
4902.9287971769 93.35
4974.2435387067 93.25
5046.595577038 93.09
5120.0000000002 92.88
5194.4721148803 92.67
5270.0274516149 92.53
5346.6817660286 92.49
5424.4510431198 92.53
5503.3515003942 92.63
5583.3995912463 92.74
5664.6120083911 92.83
5747.0056873442 92.88
5830.5978099545 92.89
5915.4058079863 92.86
6001.4473667548 92.82
6088.7404288142 92.76
6177.3031976989 92.72
6267.1541417201 92.69
6358.3119978165 92.69
6450.795775462 92.71
6544.6247606297 92.76
6639.8185198134 92.85
6736.3969041085 92.98
6834.3800533509 93.15
6933.7884003172 93.35
7034.6426749857 93.58
7136.9639088592 93.85
7240.7734393506 94.15
7346.0929142326 94.49
7452.9442961523 94.87
7561.3498672106 95.25
7671.3322336089 95.59
7782.9143303638 95.87
7896.119426089 96.06
8010.9711278481 96.13
8127.4933860775 96.09
8245.7104995805 95.96
8365.6471205948 95.73
8487.328259933 95.43
8610.7792921984 95.07
8736.0259610765 94.66
8863.0943847033 94.23
8992.0110611117 93.78
9122.8028737575 93.34
9255.4970971253 92.92
9390.1214024162 92.49
9526.7038633184 92.00
9665.272961861 91.39
9805.8575943538 90.66
9948.4870774134 89.79
10093.191154076 88.82
10240.0000000005 87.81
10388.9442297607 86.84
10540.0549032298 85.97
10693.3635320572 85.20
10848.9020862397 84.51
11006.7030007884 83.82
11166.7991824927 83.07
11329.2240167822 82.21
11494.0113746885 81.25
11661.1956199091 80.22
11830.8116159726 79.21
12002.8947335097 78.28
12177.4808576284 77.46
12354.6063953979 76.83
12534.3082834402 76.36
12716.6239956331 76.13
12901.5915509241 76.31
13089.2495212594 76.69
13279.637039627 77.38
13472.7938082171 78.36
13668.7601067018 79.50
13867.5768006344 80.75
14069.2853499715 82.11
14273.9278177184 83.58
14481.5468787012 85.15
14692.1858284653 86.71
14905.8885923047 88.09
15122.6997344212 89.17
15342.6644672179 89.85
15565.8286607277 90.10
15792.2388521781 89.98
16021.9422556964 89.63
16254.9867721551 89.22
16491.4209991611 88.86
16731.2942411897 88.53
16974.656519866 88.13
17221.5585843969 87.59
17472.0519221531 86.85
17726.1887694067 85.88
17984.0221222235 84.66
18245.605747515 83.14
18510.9941942506 81.26
18780.2428048326 79.02
19053.4077266369 76.46
19330.545923722 73.74
19611.7151887077 71.19
19896.9741548268 70.07
20186.382308152 70.07
